"Published Date (mm/yyyy)",Category,"Report Title","Summary ","Pages ","Table of Contents ","List of Tables","List of Figures","Single User Price USD","Site License Price USD","Enterprisewide Price (Global Site License) USD","Report ID "
7-Apr-21,"Machinery & Equipment","Global Fire-Fighting Valve Market Analysis 2016-2020 and Forecast 2021-2026","Snapshot
The global Fire-Fighting Valve market size is estimated at xxx million USD with a CAGR xx% from 2016-2020 and is expected to reach xxx Million USD in 2021 with a CAGR xx% from 2021 to 2026. The report begins from overview of Industry Chain structure, and describes industry environment, then analyses market size and forecast of Fire-Fighting Valve by product, region and application, in addition, this report introduces market competition situation among the vendors and company profile, besides, market price analysis and value chain features are covered in this report.
Product Type Coverage (Market Size & Forecast, Major Company of Product Type etc.):
        Butterfly Valve
        UL/FM Gate Valves
        Pressure Reducing Valves
        Alarm Check Valves
        Deluge Valves
        Ball Valves
        Gate Valves
        Others
Company Coverage (Company Profile, Sales Revenue, Price, Gross Margin, Main Products etc.):
        Shanghai Best Automation Technology Co
        Shanghai Juliang Valve Co
        Akron Brass
        American AVK
        Angus Fire
        Bermad CS
        William Eagles
        Dixon Valve & Coupling
        Waterous
        OCV Control Valves
        Safex Fire Services
Application Coverage (Market Size & Forecast, Different Demand Market by Region, Main Consumer Profile etc.):
        Commercial
        Residential
        Others
Region Coverage (Regional Production, Demand & Forecast by Countries etc.):
        North America (U.S., Canada, Mexico)
        Europe (Germany, U.K., France, Italy, Russia, Spain etc.)
        Asia-Pacific (China, India, Japan, Southeast Asia etc.)
        South America (Brazil, Argentina etc.)
        Middle East & Africa (Saudi Arabia, South Africa etc.)",105,"Table of Contents
1 Industry Overview
    1.1 Fire-Fighting Valve Industry
                Figure Fire-Fighting Valve Industry Chain Structure
        1.1.1 Overview
        1.1.2 Development of Fire-Fighting Valve
    1.2 Market Segment
        1.2.1 Upstream
                Table Upstream Segment of Fire-Fighting Valve
        1.2.2 Downstream
                Table Application Segment of Fire-Fighting Valve
                Table Global Fire-Fighting Valve Market 2016-2026, by Application, in USD Million
        1.2.3 COVID-19 Impact
    1.3 Cost Analysis
2 Industry Environment (PEST Analysis)
    2.1 Policy
    2.2 Economics
    2.3 Sociology
    2.4 Technology
3 Fire-Fighting Valve Market by Type
    3.1 By Type
        3.1.1 Butterfly Valve
                Table Major Company List of Butterfly Valve
        3.1.2 UL/FM Gate Valves
                Table Major Company List of UL/FM Gate Valves
        3.1.3 Pressure Reducing Valves
                Table Major Company List of Pressure Reducing Valves
        3.1.4 Alarm Check Valves
                Table Major Company List of Alarm Check Valves
        3.1.5 Deluge Valves
                Table Major Company List of Deluge Valves
        3.1.6 Ball Valves
                Table Major Company List of Ball Valves
        3.1.7 Gate Valves
                Table Major Company List of Gate Valves
        3.1.8 Others
                Table Major Company List of Others
    3.2 Market Size
                Table Global Fire-Fighting Valve Market 2016-2020, by Type, in USD Million
                Figure Global Fire-Fighting Valve Market Growth 2016-2020, by Type, in USD Million
                Table Global Fire-Fighting Valve Market 2016-2020, by Type, in Volume
                Figure Global Fire-Fighting Valve Market Growth 2016-2020, by Type, in Volume
    3.3 Market Forecast
                Table Global Fire-Fighting Valve Market Forecast 2021-2026, by Type, in USD Million
                Table Global Fire-Fighting Valve Market Forecast 2021-2026, by Type, in Volume
4 Major Companies List
    4.1 Shanghai Best Automation Technology Co (Company Profile, Sales Data etc.)
        4.1.1 Shanghai Best Automation Technology Co Profile
                Table Shanghai Best Automation Technology Co Overview List
        4.1.2 Shanghai Best Automation Technology Co Products & Services
        4.1.3 Shanghai Best Automation Technology Co Business Operation Conditions
                Table Business Operation of Shanghai Best Automation Technology Co (Sales Revenue, Sales Volume, Price, Cost, Gross Margin)
    4.2 Shanghai Juliang Valve Co (Company Profile, Sales Data etc.)
        4.2.1 Shanghai Juliang Valve Co Profile
                Table Shanghai Juliang Valve Co Overview List
        4.2.2 Shanghai Juliang Valve Co Products & Services
        4.2.3 Shanghai Juliang Valve Co Business Operation Conditions
                Table Business Operation of Shanghai Juliang Valve Co (Sales Revenue, Sales Volume, Price, Cost, Gross Margin)
    4.3 Akron Brass (Company Profile, Sales Data etc.)
        4.3.1 Akron Brass Profile
                Table Akron Brass Overview List
        4.3.2 Akron Brass Products & Services
        4.3.3 Akron Brass Business Operation Conditions
                Table Business Operation of Akron Brass (Sales Revenue, Sales Volume, Price, Cost, Gross Margin)
    4.4 American AVK (Company Profile, Sales Data etc.)
        4.4.1 American AVK Profile
                Table American AVK Overview List
        4.4.2 American AVK Products & Services
        4.4.3 American AVK Business Operation Conditions
                Table Business Operation of American AVK (Sales Revenue, Sales Volume, Price, Cost, Gross Margin)
    4.5 Angus Fire (Company Profile, Sales Data etc.)
        4.5.1 Angus Fire Profile
                Table Angus Fire Overview List
        4.5.2 Angus Fire Products & Services
        4.5.3 Angus Fire Business Operation Conditions
                Table Business Operation of Angus Fire (Sales Revenue, Sales Volume, Price, Cost, Gross Margin)
    4.6 Bermad CS (Company Profile, Sales Data etc.)
        4.6.1 Bermad CS Profile
                Table Bermad CS Overview List
        4.6.2 Bermad CS Products & Services
        4.6.3 Bermad CS Business Operation Conditions
                Table Business Operation of Bermad CS (Sales Revenue, Sales Volume, Price, Cost, Gross Margin)
    4.7 William Eagles (Company Profile, Sales Data etc.)
        4.7.1 William Eagles Profile
                Table William Eagles Overview List
        4.7.2 William Eagles Products & Services
        4.7.3 William Eagles Business Operation Conditions
                Table Business Operation of William Eagles (Sales Revenue, Sales Volume, Price, Cost, Gross Margin)
    4.8 Dixon Valve & Coupling (Company Profile, Sales Data etc.)
        4.8.1 Dixon Valve & Coupling Profile
                Table Dixon Valve & Coupling Overview List
        4.8.2 Dixon Valve & Coupling Products & Services
        4.8.3 Dixon Valve & Coupling Business Operation Conditions
                Table Business Operation of Dixon Valve & Coupling (Sales Revenue, Sales Volume, Price, Cost, Gross Margin)
    4.9 Waterous (Company Profile, Sales Data etc.)
        4.9.1 Waterous Profile
                Table Waterous Overview List
        4.9.2 Waterous Products & Services
        4.9.3 Waterous Business Operation Conditions
                Table Business Operation of Waterous (Sales Revenue, Sales Volume, Price, Cost, Gross Margin)
    4.10 OCV Control Valves (Company Profile, Sales Data etc.)
        4.10.1 OCV Control Valves Profile
                Table OCV Control Valves Overview List
        4.10.2 OCV Control Valves Products & Services
        4.10.3 OCV Control Valves Business Operation Conditions
                Table Business Operation of OCV Control Valves (Sales Revenue, Sales Volume, Price, Cost, Gross Margin)
    4.11 Safex Fire Services (Company Profile, Sales Data etc.)
        4.11.1 Safex Fire Services Profile
                Table Safex Fire Services Overview List
        4.11.2 Safex Fire Services Products & Services
        4.11.3 Safex Fire Services Business Operation Conditions
                Table Business Operation of Safex Fire Services (Sales Revenue, Sales Volume, Price, Cost, Gross Margin)
5 Market Competition
    5.1 Company Competition
                Table Global Fire-Fighting Valve Sales Revenue 2016-2020, by Company, in USD Million
                Table Global Fire-Fighting Valve Sales Revenue Share 2016-2020, by Company, in USD Million
                Figure Global Fire-Fighting Valve Sales Revenue Share in 2020, by Company, in USD Million
                Table Global Fire-Fighting Valve Sales Volume 2016-2020, by Company, in Volume
                Table Global Fire-Fighting Valve Sales Volume Share 2016-2020, by Company, in Volume
                Figure Global Fire-Fighting Valve Sales Volume Share in 2020, by Company, in Volume
    5.2 Regional Market by Company
                Figure North America Fire-Fighting Valve Market Concentration, in 2020
                Figure Europe Fire-Fighting Valve Market Market Concentration, in 2020
                Figure Asia-Pacific Fire-Fighting Valve MMarket Concentration, in 2020
                Figure South America Fire-Fighting Valve Market Concentration, in 2020
                Figure Middle East & Africa Fire-Fighting Valve Market Concentration, in 2020
6 Demand by End Market
    6.1 Demand Situation
        6.1.1 Demand in Commercial
                Figure Fire-Fighting Valve Demand in Commercial, 2016-2020, in USD Million
                Figure Fire-Fighting Valve Demand in Commercial, 2016-2020, in Volume
        6.1.2 Demand in Residential
                Figure Fire-Fighting Valve Demand in Residential, 2016-2020, in USD Million
                Figure Fire-Fighting Valve Demand in Residential, 2016-2020, in Volume
        6.1.3 Demand in Others
                Figure Fire-Fighting Valve Demand in Others, 2016-2020, in USD Million
                Figure Fire-Fighting Valve Demand in Others, 2016-2020, in Volume
    6.2 Regional Demand Comparison
                Table Regional Demand Comparison List
                Table Major Application in Different Regions
    6.3 Demand Forecast
                Table Fire-Fighting Valve Demand Forecast 2021-2026, by Application, in USD Million
                Figure Fire-Fighting Valve Market Growth 2021-2026, by Application, in USD Million
                Figure Fire-Fighting Valve Market Share in 2026, by Application, in USD Million
                Table Fire-Fighting Valve Demand Forecast 2021-2026, by Application, in Volume
                Table Fire-Fighting Valve Market Growth 2021-2026, by Application, in Volume
                Table Fire-Fighting Valve Market Share in 2026, by Application, in Volume
    6.4 Impact of the COVID-19 on the Demand
7 Region Operation
    7.1 Regional Production
                Table Fire-Fighting Valve Production 2016-2020, by Region, in USD Million
                Table Fire-Fighting Valve Production 2016-2020, by Region, in Volume
    7.2 Regional Market
                Table Global Fire-Fighting Valve Market 2016-2020, by Region, in USD Million
                Table Global Fire-Fighting Valve Market Share 2016-2020, by Region, in USD Million
                Table Global Fire-Fighting Valve Market 2016-2020, by Region, in Volume
                Table Global Fire-Fighting Valve Market Share 2016-2020, by Region, in Volume
    7.3 by Region
        7.3.1 North America
            7.3.1.1 Overview
                Figure North America Fire-Fighting Valve Market Size and Growth 2016-2020, in USD Million
                Figure North America Fire-Fighting Valve Market Size and Growth 2016-2020, in Volume
            7.3.1.2 by Country (U.S., Canada, Mexico)
                Table North America Fire-Fighting Valve Market Size 2016-2020, by Country, in USD Million
                Table North America Fire-Fighting Valve Market Size 2016-2020, by Country, in Volume
        7.3.2 Europe
            7.3.2.1 Overview
                Figure Europe Fire-Fighting Valve Market Size and Growth 2016-2020, in USD Million
                Figure Europe Fire-Fighting Valve Market Size and Growth 2016-2020, in Volume
            7.3.2.2 by Country (Germany, U.K., France, Italy, Russia, Spain etc.)
                Table Europe Fire-Fighting Valve Market Size 2016-2020, by Country, in USD Million
                Table Europe Fire-Fighting Valve Market Size 2016-2020, by Country, in Volume
        7.3.3 Asia-Pacific
            7.3.3.1 Overview
                Figure Asia-Pacific Fire-Fighting Valve Market Size and Growth 2016-2020, in USD Million
                Figure Asia-Pacific Fire-Fighting Valve Market Size and Growth 2016-2020, in Volume
            7.3.3.2 by Country (China, India, Japan, Southeast Asia etc.)
                Table Asia-Pacific Fire-Fighting Valve Market Size 2016-2020, by Country, in USD Million
                Table Asia-Pacific Fire-Fighting Valve Market Size 2016-2020, by Country, in Volume
        7.3.4 South America
            7.3.4.1 Overview
                Figure South America Fire-Fighting Valve Market Size and Growth 2016-2020, in USD Million
                Figure South America Fire-Fighting Valve Market Size and Growth 2016-2020, in Volume
            7.3.4.2 by Country (Brazil, Argentina etc.)
                Table South America Fire-Fighting Valve Market Size 2016-2020, by Country, in USD Million
                Table South America Fire-Fighting Valve Market Size 2016-2020, by Country, in Volume
        7.3.5 Middle East & Africa
            7.3.5.1 Overview
                Figure Middle East & Africa Fire-Fighting Valve Market Size and Growth 2016-2020, in USD Million
                Figure Middle East & Africa Fire-Fighting Valve Market Size and Growth 2016-2020, in Volume
            7.3.5.2 by Country (Saudi Arabia, South Africa etc.)
                Table Middle East & Africa Fire-Fighting Valve Market Size 2016-2020, by Country, in USD Million
                Table Middle East & Africa Fire-Fighting Valve Market Size 2016-2020, by Country, in Volume
    7.4 Regional Import & Export
    7.5 Regional Forecast
                Table Fire-Fighting Valve Market Forecast 2021-2026, by Region, in USD Million
                Table Fire-Fighting Valve Market Forecast 2021-2026, by Region, in Volume
8 Marketing & Price
    8.1 Price and Margin
        8.1.1 Price Trends
        8.1.2 Factors of Price Change
                Table Price Factors List
        8.1.3 Manufacturers Gross Margin Analysis
    8.2 Marketing Channel
                Figure Marketing Channels Overview
9 Research Conclusion","List of Table
1.                Table Upstream Segment of Fire-Fighting Valve
2.                Table Application Segment of Fire-Fighting Valve
3.                Table Global Fire-Fighting Valve Market 2016-2026, by Application, in USD Million
4.                Table Major Company List of UL/FM Gate Valves
5.                Table Major Company List of Pressure Reducing Valves
6.                Table Major Company List of Alarm Check Valves
7.                Table Major Company List of Deluge Valves
8.                Table Major Company List of Ball Valves
9.                Table Major Company List of Gate Valves
10.                Table Major Company List of Others
11.                Table Global Fire-Fighting Valve Market 2016-2020, by Type, in USD Million
12.                Table Global Fire-Fighting Valve Market 2016-2020, by Type, in Volume
13.                Table Global Fire-Fighting Valve Market Forecast 2021-2026, by Type, in USD Million
14.                Table Global Fire-Fighting Valve Market Forecast 2021-2026, by Type, in Volume
15.                Table Shanghai Best Automation Technology Co Overview List
16.                Table Business Operation of Shanghai Best Automation Technology Co (Sales Revenue, Sales Volume, Price, Cost, Gross Margin)
17.                Table Shanghai Juliang Valve Co Overview List
18.                Table Business Operation of Shanghai Juliang Valve Co (Sales Revenue, Sales Volume, Price, Cost, Gross Margin)
19.                Table Akron Brass Overview List
20.                Table Business Operation of Akron Brass (Sales Revenue, Sales Volume, Price, Cost, Gross Margin)
21.                Table American AVK Overview List
22.                Table Business Operation of American AVK (Sales Revenue, Sales Volume, Price, Cost, Gross Margin)
23.                Table Angus Fire Overview List
24.                Table Business Operation of Angus Fire (Sales Revenue, Sales Volume, Price, Cost, Gross Margin)
25.                Table Bermad CS Overview List
26.                Table Business Operation of Bermad CS (Sales Revenue, Sales Volume, Price, Cost, Gross Margin)
27.                Table William Eagles Overview List
28.                Table Business Operation of William Eagles (Sales Revenue, Sales Volume, Price, Cost, Gross Margin)
29.                Table Dixon Valve & Coupling Overview List
30.                Table Business Operation of Dixon Valve & Coupling (Sales Revenue, Sales Volume, Price, Cost, Gross Margin)
31.                Table Waterous Overview List
32.                Table Business Operation of Waterous (Sales Revenue, Sales Volume, Price, Cost, Gross Margin)
33.                Table OCV Control Valves Overview List
34.                Table Business Operation of OCV Control Valves (Sales Revenue, Sales Volume, Price, Cost, Gross Margin)
35.                Table Safex Fire Services Overview List
36.                Table Business Operation of Safex Fire Services (Sales Revenue, Sales Volume, Price, Cost, Gross Margin)
37.                Table Global Fire-Fighting Valve Sales Revenue 2016-2020, by Company, in USD Million
38.                Table Global Fire-Fighting Valve Sales Revenue Share 2016-2020, by Company, in USD Million
39.                Table Global Fire-Fighting Valve Sales Volume 2016-2020, by Company, in Volume
40.                Table Global Fire-Fighting Valve Sales Volume Share 2016-2020, by Company, in Volume
41.                Table Regional Demand Comparison List
42.                Table Major Application in Different Regions
43.                Table Fire-Fighting Valve Demand Forecast 2021-2026, by Application, in USD Million
44.                Table Fire-Fighting Valve Demand Forecast 2021-2026, by Application, in Volume
45.                Table Fire-Fighting Valve Market Growth 2021-2026, by Application, in Volume
46.                Table Fire-Fighting Valve Market Share in 2026, by Application, in Volume
47.                Table Fire-Fighting Valve Production 2016-2020, by Region, in USD Million
48.                Table Fire-Fighting Valve Production 2016-2020, by Region, in Volume
49.                Table Global Fire-Fighting Valve Market 2016-2020, by Region, in USD Million
50.                Table Global Fire-Fighting Valve Market Share 2016-2020, by Region, in USD Million
51.                Table Global Fire-Fighting Valve Market 2016-2020, by Region, in Volume
52.                Table Global Fire-Fighting Valve Market Share 2016-2020, by Region, in Volume
53.                Table North America Fire-Fighting Valve Market Size 2016-2020, by Country, in USD Million
54.                Table North America Fire-Fighting Valve Market Size 2016-2020, by Country, in Volume
55.                Table Europe Fire-Fighting Valve Market Size 2016-2020, by Country, in USD Million
56.                Table Europe Fire-Fighting Valve Market Size 2016-2020, by Country, in Volume
57.                Table Asia-Pacific Fire-Fighting Valve Market Size 2016-2020, by Country, in USD Million
58.                Table Asia-Pacific Fire-Fighting Valve Market Size 2016-2020, by Country, in Volume
59.                Table South America Fire-Fighting Valve Market Size 2016-2020, by Country, in USD Million
60.                Table South America Fire-Fighting Valve Market Size 2016-2020, by Country, in Volume
61.                Table Middle East & Africa Fire-Fighting Valve Market Size 2016-2020, by Country, in USD Million
62.                Table Middle East & Africa Fire-Fighting Valve Market Size 2016-2020, by Country, in Volume
63.                Table Fire-Fighting Valve Market Forecast 2021-2026, by Region, in USD Million
64.                Table Fire-Fighting Valve Market Forecast 2021-2026, by Region, in Volume
65.                Table Price Factors List","List of Figure
1.                Figure Fire-Fighting Valve Industry Chain Structure
2.                Figure Global Fire-Fighting Valve Market Growth 2016-2020, by Type, in USD Million
3.                Figure Global Fire-Fighting Valve Market Growth 2016-2020, by Type, in Volume
4.                Figure Global Fire-Fighting Valve Sales Revenue Share in 2020, by Company, in USD Million
5.                Figure Global Fire-Fighting Valve Sales Volume Share in 2020, by Company, in Volume
6.                Figure North America Fire-Fighting Valve Market Concentration, in 2020
7.                Figure Europe Fire-Fighting Valve Market Market Concentration, in 2020
8.                Figure Asia-Pacific Fire-Fighting Valve MMarket Concentration, in 2020
9.                Figure South America Fire-Fighting Valve Market Concentration, in 2020
10.                Figure Middle East & Africa Fire-Fighting Valve Market Concentration, in 2020
11.                Figure Fire-Fighting Valve Demand in Commercial, 2016-2020, in USD Million
12.                Figure Fire-Fighting Valve Demand in Commercial, 2016-2020, in Volume
13.                Figure Fire-Fighting Valve Demand in Residential, 2016-2020, in USD Million
14.                Figure Fire-Fighting Valve Demand in Residential, 2016-2020, in Volume
15.                Figure Fire-Fighting Valve Demand in Others, 2016-2020, in USD Million
16.                Figure Fire-Fighting Valve Demand in Others, 2016-2020, in Volume
17.                Figure Fire-Fighting Valve Market Growth 2021-2026, by Application, in USD Million
18.                Figure Fire-Fighting Valve Market Share in 2026, by Application, in USD Million
19.                Figure North America Fire-Fighting Valve Market Size and Growth 2016-2020, in USD Million
20.                Figure North America Fire-Fighting Valve Market Size and Growth 2016-2020, in Volume
21.                Figure Europe Fire-Fighting Valve Market Size and Growth 2016-2020, in USD Million
22.                Figure Europe Fire-Fighting Valve Market Size and Growth 2016-2020, in Volume
23.                Figure Asia-Pacific Fire-Fighting Valve Market Size and Growth 2016-2020, in USD Million
24.                Figure Asia-Pacific Fire-Fighting Valve Market Size and Growth 2016-2020, in Volume
25.                Figure South America Fire-Fighting Valve Market Size and Growth 2016-2020, in USD Million
26.                Figure South America Fire-Fighting Valve Market Size and Growth 2016-2020, in Volume
27.                Figure Middle East & Africa Fire-Fighting Valve Market Size and Growth 2016-2020, in USD Million
28.                Figure Middle East & Africa Fire-Fighting Valve Market Size and Growth 2016-2020, in Volume
29.                Figure Marketing Channels Overview","$2,980 ","$5,960 ","$5,960 ",99SGL298Mac20210200024774
7-Apr-21,"Machinery & Equipment","Global Ballast Water Management Systems Market Analysis 2016-2020 and Forecast 2021-2026","Snapshot
The global Ballast Water Management Systems market size is estimated at xxx million USD with a CAGR xx% from 2016-2020 and is expected to reach xxx Million USD in 2021 with a CAGR xx% from 2021 to 2026. The report begins from overview of Industry Chain structure, and describes industry environment, then analyses market size and forecast of Ballast Water Management Systems by product, region and application, in addition, this report introduces market competition situation among the vendors and company profile, besides, market price analysis and value chain features are covered in this report.
Product Type Coverage (Market Size & Forecast, Major Company of Product Type etc.):
        Ballast Capacity:<1500 m3
        Ballast Capacity:1500-5000 m3
        Ballast Capacity:>5000 m3
Company Coverage (Company Profile, Sales Revenue, Price, Gross Margin, Main Products etc.):
        Alfa Laval (Sweden)
        Panasia (Korea)
        OceanSaver (Norway)
        Qingdao Sunrui (China)
        JFE Engineering (Japan)
        NK (Japan)
        Qingdao Headway Technology (China)
        Optimarin (Norway)
        Hyde Marine (US)
        Veolia Water Technologies (Saudi Arabia)
        Techcross
        Siemens (Germany)
        Ecochlor (US)
        Industrie De Nora (Singapore)
        MMC Green Technology (Norway)
        Wartsila (Finland)
        NEI Treatment Systems (US)
        Mitsubishi Heavy Industries (Japan)
        Desmi (Denmark)
        Trojan Marinex (Canada)
Application Coverage (Market Size & Forecast, Different Demand Market by Region, Main Consumer Profile etc.):
        Modify Ship
        New Build Ship
Region Coverage (Regional Production, Demand & Forecast by Countries etc.):
        North America (U.S., Canada, Mexico)
        Europe (Germany, U.K., France, Italy, Russia, Spain etc.)
        Asia-Pacific (China, India, Japan, Southeast Asia etc.)
        South America (Brazil, Argentina etc.)
        Middle East & Africa (Saudi Arabia, South Africa etc.)",104,"Table of Contents
1 Industry Overview
    1.1 Ballast Water Management Systems Industry
                Figure Ballast Water Management Systems Industry Chain Structure
        1.1.1 Overview
        1.1.2 Development of Ballast Water Management Systems
    1.2 Market Segment
        1.2.1 Upstream
                Table Upstream Segment of Ballast Water Management Systems
        1.2.2 Downstream
                Table Application Segment of Ballast Water Management Systems
                Table Global Ballast Water Management Systems Market 2016-2026, by Application, in USD Million
        1.2.3 COVID-19 Impact
    1.3 Cost Analysis
2 Industry Environment (PEST Analysis)
    2.1 Policy
    2.2 Economics
    2.3 Sociology
    2.4 Technology
3 Ballast Water Management Systems Market by Type
    3.1 By Type
        3.1.1 Ballast Capacity:<1500 m3
                Table Major Company List of Ballast Capacity:<1500 m3
        3.1.2 Ballast Capacity:1500-5000 m3
                Table Major Company List of Ballast Capacity:1500-5000 m3
        3.1.3 Ballast Capacity:>5000 m3
                Table Major Company List of Ballast Capacity:>5000 m3
    3.2 Market Size
                Table Global Ballast Water Management Systems Market 2016-2020, by Type, in USD Million
                Figure Global Ballast Water Management Systems Market Growth 2016-2020, by Type, in USD Million
                Table Global Ballast Water Management Systems Market 2016-2020, by Type, in Volume
                Figure Global Ballast Water Management Systems Market Growth 2016-2020, by Type, in Volume
    3.3 Market Forecast
                Table Global Ballast Water Management Systems Market Forecast 2021-2026, by Type, in USD Million
                Table Global Ballast Water Management Systems Market Forecast 2021-2026, by Type, in Volume
4 Major Companies List
    4.1 Alfa Laval (Sweden) (Company Profile, Sales Data etc.)
        4.1.1 Alfa Laval (Sweden) Profile
                Table Alfa Laval (Sweden) Overview List
        4.1.2 Alfa Laval (Sweden) Products & Services
        4.1.3 Alfa Laval (Sweden) Business Operation Conditions
                Table Business Operation of Alfa Laval (Sweden) (Sales Revenue, Sales Volume, Price, Cost, Gross Margin)
    4.2 Panasia (Korea) (Company Profile, Sales Data etc.)
        4.2.1 Panasia (Korea) Profile
                Table Panasia (Korea) Overview List
        4.2.2 Panasia (Korea) Products & Services
        4.2.3 Panasia (Korea) Business Operation Conditions
                Table Business Operation of Panasia (Korea) (Sales Revenue, Sales Volume, Price, Cost, Gross Margin)
    4.3 OceanSaver (Norway) (Company Profile, Sales Data etc.)
        4.3.1 OceanSaver (Norway) Profile
                Table OceanSaver (Norway) Overview List
        4.3.2 OceanSaver (Norway) Products & Services
        4.3.3 OceanSaver (Norway) Business Operation Conditions
                Table Business Operation of OceanSaver (Norway) (Sales Revenue, Sales Volume, Price, Cost, Gross Margin)
    4.4 Qingdao Sunrui (China) (Company Profile, Sales Data etc.)
        4.4.1 Qingdao Sunrui (China) Profile
                Table Qingdao Sunrui (China) Overview List
        4.4.2 Qingdao Sunrui (China) Products & Services
        4.4.3 Qingdao Sunrui (China) Business Operation Conditions
                Table Business Operation of Qingdao Sunrui (China) (Sales Revenue, Sales Volume, Price, Cost, Gross Margin)
    4.5 JFE Engineering (Japan) (Company Profile, Sales Data etc.)
        4.5.1 JFE Engineering (Japan) Profile
                Table JFE Engineering (Japan) Overview List
        4.5.2 JFE Engineering (Japan) Products & Services
        4.5.3 JFE Engineering (Japan) Business Operation Conditions
                Table Business Operation of JFE Engineering (Japan) (Sales Revenue, Sales Volume, Price, Cost, Gross Margin)
    4.6 NK (Japan) (Company Profile, Sales Data etc.)
        4.6.1 NK (Japan) Profile
                Table NK (Japan) Overview List
        4.6.2 NK (Japan) Products & Services
        4.6.3 NK (Japan) Business Operation Conditions
                Table Business Operation of NK (Japan) (Sales Revenue, Sales Volume, Price, Cost, Gross Margin)
    4.7 Qingdao Headway Technology (China) (Company Profile, Sales Data etc.)
        4.7.1 Qingdao Headway Technology (China) Profile
                Table Qingdao Headway Technology (China) Overview List
        4.7.2 Qingdao Headway Technology (China) Products & Services
        4.7.3 Qingdao Headway Technology (China) Business Operation Conditions
                Table Business Operation of Qingdao Headway Technology (China) (Sales Revenue, Sales Volume, Price, Cost, Gross Margin)
    4.8 Optimarin (Norway) (Company Profile, Sales Data etc.)
        4.8.1 Optimarin (Norway) Profile
                Table Optimarin (Norway) Overview List
        4.8.2 Optimarin (Norway) Products & Services
        4.8.3 Optimarin (Norway) Business Operation Conditions
                Table Business Operation of Optimarin (Norway) (Sales Revenue, Sales Volume, Price, Cost, Gross Margin)
    4.9 Hyde Marine (US) (Company Profile, Sales Data etc.)
        4.9.1 Hyde Marine (US) Profile
                Table Hyde Marine (US) Overview List
        4.9.2 Hyde Marine (US) Products & Services
        4.9.3 Hyde Marine (US) Business Operation Conditions
                Table Business Operation of Hyde Marine (US) (Sales Revenue, Sales Volume, Price, Cost, Gross Margin)
    4.10 Veolia Water Technologies (Saudi Arabia) (Company Profile, Sales Data etc.)
        4.10.1 Veolia Water Technologies (Saudi Arabia) Profile
                Table Veolia Water Technologies (Saudi Arabia) Overview List
        4.10.2 Veolia Water Technologies (Saudi Arabia) Products & Services
        4.10.3 Veolia Water Technologies (Saudi Arabia) Business Operation Conditions
                Table Business Operation of Veolia Water Technologies (Saudi Arabia) (Sales Revenue, Sales Volume, Price, Cost, Gross Margin)
    4.11 Techcross (Company Profile, Sales Data etc.)
        4.11.1 Techcross Profile
                Table Techcross Overview List
        4.11.2 Techcross Products & Services
        4.11.3 Techcross Business Operation Conditions
                Table Business Operation of Techcross (Sales Revenue, Sales Volume, Price, Cost, Gross Margin)
    4.12 Siemens (Germany) (Company Profile, Sales Data etc.)
        4.12.1 Siemens (Germany) Profile
                Table Siemens (Germany) Overview List
        4.12.2 Siemens (Germany) Products & Services
        4.12.3 Siemens (Germany) Business Operation Conditions
                Table Business Operation of Siemens (Germany) (Sales Revenue, Cost, Gross Margin)
    4.13 Ecochlor (US) (Company Profile, Sales Data etc.)
        4.13.1 Ecochlor (US) Profile
                Table Ecochlor (US) Overview List
        4.13.2 Ecochlor (US) Products & Services
        4.13.3 Ecochlor (US) Business Operation Conditions
                Table Business Operation of Ecochlor (US) (Sales Revenue, Sales Volume, Price, Cost, Gross Margin)
    4.14 Industrie De Nora (Singapore) (Company Profile, Sales Data etc.)
        4.14.1 Industrie De Nora (Singapore) Profile
                Table Industrie De Nora (Singapore) Overview List
        4.14.2 Industrie De Nora (Singapore) Products & Services
        4.14.3 Industrie De Nora (Singapore) Business Operation Conditions
                Table Business Operation of Industrie De Nora (Singapore) (Sales Revenue, Cost, Gross Margin)
    4.15 MMC Green Technology (Norway) (Company Profile, Sales Data etc.)
        4.15.1 MMC Green Technology (Norway) Profile
                Table MMC Green Technology (Norway) Overview List
        4.15.2 MMC Green Technology (Norway) Products & Services
        4.15.3 MMC Green Technology (Norway) Business Operation Conditions
                Table Business Operation of MMC Green Technology (Norway) (Sales Revenue, Cost, Gross Margin)
    4.16 Wartsila (Finland) (Company Profile, Sales Data etc.)
        4.16.1 Wartsila (Finland) Profile
                Table Wartsila (Finland) Overview List
        4.16.2 Wartsila (Finland) Products & Services
        4.16.3 Wartsila (Finland) Business Operation Conditions
                Table Business Operation of Wartsila (Finland) (Sales Revenue, Cost, Gross Margin)
    4.17 NEI Treatment Systems (US) (Company Profile, Sales Data etc.)
        4.17.1 NEI Treatment Systems (US) Profile
                Table NEI Treatment Systems (US) Overview List
        4.17.2 NEI Treatment Systems (US) Products & Services
        4.17.3 NEI Treatment Systems (US) Business Operation Conditions
                Table Business Operation of NEI Treatment Systems (US) (Sales Revenue, Cost, Gross Margin)
    4.18 Mitsubishi Heavy Industries (Japan) (Company Profile, Sales Data etc.)
        4.18.1 Mitsubishi Heavy Industries (Japan) Profile
                Table Mitsubishi Heavy Industries (Japan) Overview List
        4.18.2 Mitsubishi Heavy Industries (Japan) Products & Services
        4.18.3 Mitsubishi Heavy Industries (Japan) Business Operation Conditions
                Table Business Operation of Mitsubishi Heavy Industries (Japan) (Sales Revenue, Cost, Gross Margin)
    4.19 Desmi (Denmark) (Company Profile, Sales Data etc.)
        4.19.1 Desmi (Denmark) Profile
                Table Desmi (Denmark) Overview List
        4.19.2 Desmi (Denmark) Products & Services
        4.19.3 Desmi (Denmark) Business Operation Conditions
                Table Business Operation of Desmi (Denmark) (Sales Revenue, Cost, Gross Margin)
    4.20 Trojan Marinex (Canada) (Company Profile, Sales Data etc.)
        4.20.1 Trojan Marinex (Canada) Profile
                Table Trojan Marinex (Canada) Overview List
        4.20.2 Trojan Marinex (Canada) Products & Services
        4.20.3 Trojan Marinex (Canada) Business Operation Conditions
                Table Business Operation of Trojan Marinex (Canada) (Sales Revenue, Cost, Gross Margin)
5 Market Competition
    5.1 Company Competition
                Table Global Ballast Water Management Systems Sales Revenue 2016-2020, by Company, in USD Million
                Table Global Ballast Water Management Systems Sales Revenue Share 2016-2020, by Company, in USD Million
                Figure Global Ballast Water Management Systems Sales Revenue Share in 2020, by Company, in USD Million
                Table Global Ballast Water Management Systems Sales Volume 2016-2020, by Company, in Volume
                Table Global Ballast Water Management Systems Sales Volume Share 2016-2020, by Company, in Volume
                Figure Global Ballast Water Management Systems Sales Volume Share in 2020, by Company, in Volume
    5.2 Regional Market by Company
                Figure North America Ballast Water Management Systems Market Concentration, in 2020
                Figure Europe Ballast Water Management Systems Market Market Concentration, in 2020
                Figure Asia-Pacific Ballast Water Management Systems MMarket Concentration, in 2020
                Figure South America Ballast Water Management Systems Market Concentration, in 2020
                Figure Middle East & Africa Ballast Water Management Systems Market Concentration, in 2020
6 Demand by End Market
    6.1 Demand Situation
        6.1.1 Demand in Modify Ship
                Figure Ballast Water Management Systems Demand in Modify Ship, 2016-2020, in USD Million
                Figure Ballast Water Management Systems Demand in Modify Ship, 2016-2020, in Volume
        6.1.2 Demand in New Build Ship
                Figure Ballast Water Management Systems Demand in New Build Ship, 2016-2020, in USD Million
                Figure Ballast Water Management Systems Demand in New Build Ship, 2016-2020, in Volume
    6.2 Regional Demand Comparison
                Table Regional Demand Comparison List
                Table Major Application in Different Regions
    6.3 Demand Forecast
                Table Ballast Water Management Systems Demand Forecast 2021-2026, by Application, in USD Million
                Figure Ballast Water Management Systems Market Growth 2021-2026, by Application, in USD Million
                Figure Ballast Water Management Systems Market Share in 2026, by Application, in USD Million
                Table Ballast Water Management Systems Demand Forecast 2021-2026, by Application, in Volume
                Table Ballast Water Management Systems Market Growth 2021-2026, by Application, in Volume
                Table Ballast Water Management Systems Market Share in 2026, by Application, in Volume
    6.4 Impact of the COVID-19 on the Demand
7 Region Operation
    7.1 Regional Production
                Table Ballast Water Management Systems Production 2016-2020, by Region, in USD Million
                Table Ballast Water Management Systems Production 2016-2020, by Region, in Volume
    7.2 Regional Market
                Table Global Ballast Water Management Systems Market 2016-2020, by Region, in USD Million
                Table Global Ballast Water Management Systems Market Share 2016-2020, by Region, in USD Million
                Table Global Ballast Water Management Systems Market 2016-2020, by Region, in Volume
                Table Global Ballast Water Management Systems Market Share 2016-2020, by Region, in Volume
    7.3 by Region
        7.3.1 North America
            7.3.1.1 Overview
                Figure North America Ballast Water Management Systems Market Size and Growth 2016-2020, in USD Million
                Figure North America Ballast Water Management Systems Market Size and Growth 2016-2020, in Volume
            7.3.1.2 by Country (U.S., Canada, Mexico)
                Table North America Ballast Water Management Systems Market Size 2016-2020, by Country, in USD Million
                Table North America Ballast Water Management Systems Market Size 2016-2020, by Country, in Volume
        7.3.2 Europe
            7.3.2.1 Overview
                Figure Europe Ballast Water Management Systems Market Size and Growth 2016-2020, in USD Million
                Figure Europe Ballast Water Management Systems Market Size and Growth 2016-2020, in Volume
            7.3.2.2 by Country (Germany, U.K., France, Italy, Russia, Spain etc.)
                Table Europe Ballast Water Management Systems Market Size 2016-2020, by Country, in USD Million
                Table Europe Ballast Water Management Systems Market Size 2016-2020, by Country, in Volume
        7.3.3 Asia-Pacific
            7.3.3.1 Overview
                Figure Asia-Pacific Ballast Water Management Systems Market Size and Growth 2016-2020, in USD Million
                Figure Asia-Pacific Ballast Water Management Systems Market Size and Growth 2016-2020, in Volume
            7.3.3.2 by Country (China, India, Japan, Southeast Asia etc.)
                Table Asia-Pacific Ballast Water Management Systems Market Size 2016-2020, by Country, in USD Million
                Table Asia-Pacific Ballast Water Management Systems Market Size 2016-2020, by Country, in Volume
        7.3.4 South America
            7.3.4.1 Overview
                Figure South America Ballast Water Management Systems Market Size and Growth 2016-2020, in USD Million
                Figure South America Ballast Water Management Systems Market Size and Growth 2016-2020, in Volume
            7.3.4.2 by Country (Brazil, Argentina etc.)
                Table South America Ballast Water Management Systems Market Size 2016-2020, by Country, in USD Million
                Table South America Ballast Water Management Systems Market Size 2016-2020, by Country, in Volume
        7.3.5 Middle East & Africa
            7.3.5.1 Overview
                Figure Middle East & Africa Ballast Water Management Systems Market Size and Growth 2016-2020, in USD Million
                Figure Middle East & Africa Ballast Water Management Systems Market Size and Growth 2016-2020, in Volume
            7.3.5.2 by Country (Saudi Arabia, South Africa etc.)
                Table Middle East & Africa Ballast Water Management Systems Market Size 2016-2020, by Country, in USD Million
                Table Middle East & Africa Ballast Water Management Systems Market Size 2016-2020, by Country, in Volume
    7.4 Regional Import & Export
    7.5 Regional Forecast
                Table Ballast Water Management Systems Market Forecast 2021-2026, by Region, in USD Million
                Table Ballast Water Management Systems Market Forecast 2021-2026, by Region, in Volume
8 Marketing & Price
    8.1 Price and Margin
        8.1.1 Price Trends
        8.1.2 Factors of Price Change
                Table Price Factors List
        8.1.3 Manufacturers Gross Margin Analysis
    8.2 Marketing Channel
                Figure Marketing Channels Overview
9 Research Conclusion","List of Table
1.                Table Upstream Segment of Ballast Water Management Systems
2.                Table Application Segment of Ballast Water Management Systems
3.                Table Global Ballast Water Management Systems Market 2016-2026, by Application, in USD Million
4.                Table Major Company List of Ballast Capacity:1500-5000 m3
5.                Table Major Company List of Ballast Capacity:>5000 m3
6.                Table Global Ballast Water Management Systems Market 2016-2020, by Type, in USD Million
7.                Table Global Ballast Water Management Systems Market 2016-2020, by Type, in Volume
8.                Table Global Ballast Water Management Systems Market Forecast 2021-2026, by Type, in USD Million
9.                Table Global Ballast Water Management Systems Market Forecast 2021-2026, by Type, in Volume
10.                Table Alfa Laval (Sweden) Overview List
11.                Table Business Operation of Alfa Laval (Sweden) (Sales Revenue, Sales Volume, Price, Cost, Gross Margin)
12.                Table Panasia (Korea) Overview List
13.                Table Business Operation of Panasia (Korea) (Sales Revenue, Sales Volume, Price, Cost, Gross Margin)
14.                Table OceanSaver (Norway) Overview List
15.                Table Business Operation of OceanSaver (Norway) (Sales Revenue, Sales Volume, Price, Cost, Gross Margin)
16.                Table Qingdao Sunrui (China) Overview List
17.                Table Business Operation of Qingdao Sunrui (China) (Sales Revenue, Sales Volume, Price, Cost, Gross Margin)
18.                Table JFE Engineering (Japan) Overview List
19.                Table Business Operation of JFE Engineering (Japan) (Sales Revenue, Sales Volume, Price, Cost, Gross Margin)
20.                Table NK (Japan) Overview List
21.                Table Business Operation of NK (Japan) (Sales Revenue, Sales Volume, Price, Cost, Gross Margin)
22.                Table Qingdao Headway Technology (China) Overview List
23.                Table Business Operation of Qingdao Headway Technology (China) (Sales Revenue, Sales Volume, Price, Cost, Gross Margin)
24.                Table Optimarin (Norway) Overview List
25.                Table Business Operation of Optimarin (Norway) (Sales Revenue, Sales Volume, Price, Cost, Gross Margin)
26.                Table Hyde Marine (US) Overview List
27.                Table Business Operation of Hyde Marine (US) (Sales Revenue, Sales Volume, Price, Cost, Gross Margin)
28.                Table Veolia Water Technologies (Saudi Arabia) Overview List
29.                Table Business Operation of Veolia Water Technologies (Saudi Arabia) (Sales Revenue, Sales Volume, Price, Cost, Gross Margin)
30.                Table Techcross Overview List
31.                Table Business Operation of Techcross (Sales Revenue, Sales Volume, Price, Cost, Gross Margin)
32.                Table Siemens (Germany) Overview List
33.                Table Business Operation of Siemens (Germany) (Sales Revenue, Cost, Gross Margin)
34.                Table Ecochlor (US) Overview List
35.                Table Business Operation of Ecochlor (US) (Sales Revenue, Sales Volume, Price, Cost, Gross Margin)
36.                Table Industrie De Nora (Singapore) Overview List
37.                Table Business Operation of Industrie De Nora (Singapore) (Sales Revenue, Cost, Gross Margin)
38.                Table MMC Green Technology (Norway) Overview List
39.                Table Business Operation of MMC Green Technology (Norway) (Sales Revenue, Cost, Gross Margin)
40.                Table Wartsila (Finland) Overview List
41.                Table Business Operation of Wartsila (Finland) (Sales Revenue, Cost, Gross Margin)
42.                Table NEI Treatment Systems (US) Overview List
43.                Table Business Operation of NEI Treatment Systems (US) (Sales Revenue, Cost, Gross Margin)
44.                Table Mitsubishi Heavy Industries (Japan) Overview List
45.                Table Business Operation of Mitsubishi Heavy Industries (Japan) (Sales Revenue, Cost, Gross Margin)
46.                Table Desmi (Denmark) Overview List
47.                Table Business Operation of Desmi (Denmark) (Sales Revenue, Cost, Gross Margin)
48.                Table Trojan Marinex (Canada) Overview List
49.                Table Business Operation of Trojan Marinex (Canada) (Sales Revenue, Cost, Gross Margin)
50.                Table Global Ballast Water Management Systems Sales Revenue 2016-2020, by Company, in USD Million
51.                Table Global Ballast Water Management Systems Sales Revenue Share 2016-2020, by Company, in USD Million
52.                Table Global Ballast Water Management Systems Sales Volume 2016-2020, by Company, in Volume
53.                Table Global Ballast Water Management Systems Sales Volume Share 2016-2020, by Company, in Volume
54.                Table Regional Demand Comparison List
55.                Table Major Application in Different Regions
56.                Table Ballast Water Management Systems Demand Forecast 2021-2026, by Application, in USD Million
57.                Table Ballast Water Management Systems Demand Forecast 2021-2026, by Application, in Volume
58.                Table Ballast Water Management Systems Market Growth 2021-2026, by Application, in Volume
59.                Table Ballast Water Management Systems Market Share in 2026, by Application, in Volume
60.                Table Ballast Water Management Systems Production 2016-2020, by Region, in USD Million
61.                Table Ballast Water Management Systems Production 2016-2020, by Region, in Volume
62.                Table Global Ballast Water Management Systems Market 2016-2020, by Region, in USD Million
63.                Table Global Ballast Water Management Systems Market Share 2016-2020, by Region, in USD Million
64.                Table Global Ballast Water Management Systems Market 2016-2020, by Region, in Volume
65.                Table Global Ballast Water Management Systems Market Share 2016-2020, by Region, in Volume
66.                Table North America Ballast Water Management Systems Market Size 2016-2020, by Country, in USD Million
67.                Table North America Ballast Water Management Systems Market Size 2016-2020, by Country, in Volume
68.                Table Europe Ballast Water Management Systems Market Size 2016-2020, by Country, in USD Million
69.                Table Europe Ballast Water Management Systems Market Size 2016-2020, by Country, in Volume
70.                Table Asia-Pacific Ballast Water Management Systems Market Size 2016-2020, by Country, in USD Million
71.                Table Asia-Pacific Ballast Water Management Systems Market Size 2016-2020, by Country, in Volume
72.                Table South America Ballast Water Management Systems Market Size 2016-2020, by Country, in USD Million
73.                Table South America Ballast Water Management Systems Market Size 2016-2020, by Country, in Volume
74.                Table Middle East & Africa Ballast Water Management Systems Market Size 2016-2020, by Country, in USD Million
75.                Table Middle East & Africa Ballast Water Management Systems Market Size 2016-2020, by Country, in Volume
76.                Table Ballast Water Management Systems Market Forecast 2021-2026, by Region, in USD Million
77.                Table Ballast Water Management Systems Market Forecast 2021-2026, by Region, in Volume
78.                Table Price Factors List","List of Figure
1.                Figure Ballast Water Management Systems Industry Chain Structure
2.                Figure Global Ballast Water Management Systems Market Growth 2016-2020, by Type, in USD Million
3.                Figure Global Ballast Water Management Systems Market Growth 2016-2020, by Type, in Volume
4.                Figure Global Ballast Water Management Systems Sales Revenue Share in 2020, by Company, in USD Million
5.                Figure Global Ballast Water Management Systems Sales Volume Share in 2020, by Company, in Volume
6.                Figure North America Ballast Water Management Systems Market Concentration, in 2020
7.                Figure Europe Ballast Water Management Systems Market Market Concentration, in 2020
8.                Figure Asia-Pacific Ballast Water Management Systems MMarket Concentration, in 2020
9.                Figure South America Ballast Water Management Systems Market Concentration, in 2020
10.                Figure Middle East & Africa Ballast Water Management Systems Market Concentration, in 2020
11.                Figure Ballast Water Management Systems Demand in Modify Ship, 2016-2020, in USD Million
12.                Figure Ballast Water Management Systems Demand in Modify Ship, 2016-2020, in Volume
13.                Figure Ballast Water Management Systems Demand in New Build Ship, 2016-2020, in USD Million
14.                Figure Ballast Water Management Systems Demand in New Build Ship, 2016-2020, in Volume
15.                Figure Ballast Water Management Systems Market Growth 2021-2026, by Application, in USD Million
16.                Figure Ballast Water Management Systems Market Share in 2026, by Application, in USD Million
17.                Figure North America Ballast Water Management Systems Market Size and Growth 2016-2020, in USD Million
18.                Figure North America Ballast Water Management Systems Market Size and Growth 2016-2020, in Volume
19.                Figure Europe Ballast Water Management Systems Market Size and Growth 2016-2020, in USD Million
20.                Figure Europe Ballast Water Management Systems Market Size and Growth 2016-2020, in Volume
21.                Figure Asia-Pacific Ballast Water Management Systems Market Size and Growth 2016-2020, in USD Million
22.                Figure Asia-Pacific Ballast Water Management Systems Market Size and Growth 2016-2020, in Volume
23.                Figure South America Ballast Water Management Systems Market Size and Growth 2016-2020, in USD Million
24.                Figure South America Ballast Water Management Systems Market Size and Growth 2016-2020, in Volume
25.                Figure Middle East & Africa Ballast Water Management Systems Market Size and Growth 2016-2020, in USD Million
26.                Figure Middle East & Africa Ballast Water Management Systems Market Size and Growth 2016-2020, in Volume
27.                Figure Marketing Channels Overview","$2,980 ","$5,960 ","$5,960 ",99SGL298Mac20210200024775
7-Apr-21,"Chemical & Material","Global Stretch and Shrink Sleeves Packaging Market Analysis 2016-2020 and Forecast 2021-2026","Snapshot
The global Stretch and Shrink Sleeves Packaging market size is estimated at xxx million USD with a CAGR xx% from 2016-2020 and is expected to reach xxx Million USD in 2021 with a CAGR xx% from 2021 to 2026. The report begins from overview of Industry Chain structure, and describes industry environment, then analyses market size and forecast of Stretch and Shrink Sleeves Packaging by product, region and application, in addition, this report introduces market competition situation among the vendors and company profile, besides, market price analysis and value chain features are covered in this report.
Product Type Coverage (Market Size & Forecast, Major Company of Product Type etc.):
        Flexography
        Digital Printing
        Rotogravure
Company Coverage (Company Profile, Sales Revenue, Price, Gross Margin, Main Products etc.):
        Verst Group Logistics
        Axon
        SleeveCo
        Kable
        Penn Packaging
        Atlantic Corporation
        CLONDALKIN GROUP
        Beats Digging Ditches
        Traco
        Gilbreth Shrink Sleeve Labels
        Mepco Label Systems
        Inovar
        Flexo Impressions
        Century Label
Application Coverage (Market Size & Forecast, Different Demand Market by Region, Main Consumer Profile etc.):
        Beverages
        Personal Care
        Food
        Others
Region Coverage (Regional Production, Demand & Forecast by Countries etc.):
        North America (U.S., Canada, Mexico)
        Europe (Germany, U.K., France, Italy, Russia, Spain etc.)
        Asia-Pacific (China, India, Japan, Southeast Asia etc.)
        South America (Brazil, Argentina etc.)
        Middle East & Africa (Saudi Arabia, South Africa etc.)",86,"Table of Contents
1 Industry Overview
    1.1 Stretch and Shrink Sleeves Packaging Industry
                Figure Stretch and Shrink Sleeves Packaging Industry Chain Structure
        1.1.1 Overview
        1.1.2 Development of Stretch and Shrink Sleeves Packaging
    1.2 Market Segment
        1.2.1 Upstream
                Table Upstream Segment of Stretch and Shrink Sleeves Packaging
        1.2.2 Downstream
                Table Application Segment of Stretch and Shrink Sleeves Packaging
                Table Global Stretch and Shrink Sleeves Packaging Market 2016-2026, by Application, in USD Million
        1.2.3 COVID-19 Impact
    1.3 Cost Analysis
2 Industry Environment (PEST Analysis)
    2.1 Policy
    2.2 Economics
    2.3 Sociology
    2.4 Technology
3 Stretch and Shrink Sleeves Packaging Market by Type
    3.1 By Type
        3.1.1 Flexography
                Table Major Company List of Flexography
        3.1.2 Digital Printing
                Table Major Company List of Digital Printing
        3.1.3 Rotogravure
                Table Major Company List of Rotogravure
    3.2 Market Size
                Table Global Stretch and Shrink Sleeves Packaging Market 2016-2020, by Type, in USD Million
                Figure Global Stretch and Shrink Sleeves Packaging Market Growth 2016-2020, by Type, in USD Million
                Table Global Stretch and Shrink Sleeves Packaging Market 2016-2020, by Type, in Volume
                Figure Global Stretch and Shrink Sleeves Packaging Market Growth 2016-2020, by Type, in Volume
    3.3 Market Forecast
                Table Global Stretch and Shrink Sleeves Packaging Market Forecast 2021-2026, by Type, in USD Million
                Table Global Stretch and Shrink Sleeves Packaging Market Forecast 2021-2026, by Type, in Volume
4 Major Companies List
    4.1 Verst Group Logistics (Company Profile, Sales Data etc.)
        4.1.1 Verst Group Logistics Profile
                Table Verst Group Logistics Overview List
        4.1.2 Verst Group Logistics Products & Services
        4.1.3 Verst Group Logistics Business Operation Conditions
                Table Business Operation of Verst Group Logistics (Sales Revenue, Sales Volume, Price, Cost, Gross Margin)
    4.2 Axon (Company Profile, Sales Data etc.)
        4.2.1 Axon Profile
                Table Axon Overview List
        4.2.2 Axon Products & Services
        4.2.3 Axon Business Operation Conditions
                Table Business Operation of Axon (Sales Revenue, Sales Volume, Price, Cost, Gross Margin)
    4.3 SleeveCo (Company Profile, Sales Data etc.)
        4.3.1 SleeveCo Profile
                Table SleeveCo Overview List
        4.3.2 SleeveCo Products & Services
        4.3.3 SleeveCo Business Operation Conditions
                Table Business Operation of SleeveCo (Sales Revenue, Sales Volume, Price, Cost, Gross Margin)
    4.4 Kable (Company Profile, Sales Data etc.)
        4.4.1 Kable Profile
                Table Kable Overview List
        4.4.2 Kable Products & Services
        4.4.3 Kable Business Operation Conditions
                Table Business Operation of Kable (Sales Revenue, Sales Volume, Price, Cost, Gross Margin)
    4.5 Penn Packaging (Company Profile, Sales Data etc.)
        4.5.1 Penn Packaging Profile
                Table Penn Packaging Overview List
        4.5.2 Penn Packaging Products & Services
        4.5.3 Penn Packaging Business Operation Conditions
                Table Business Operation of Penn Packaging (Sales Revenue, Sales Volume, Price, Cost, Gross Margin)
    4.6 Atlantic Corporation (Company Profile, Sales Data etc.)
        4.6.1 Atlantic Corporation Profile
                Table Atlantic Corporation Overview List
        4.6.2 Atlantic Corporation Products & Services
        4.6.3 Atlantic Corporation Business Operation Conditions
                Table Business Operation of Atlantic Corporation (Sales Revenue, Sales Volume, Price, Cost, Gross Margin)
    4.7 CLONDALKIN GROUP (Company Profile, Sales Data etc.)
        4.7.1 CLONDALKIN GROUP Profile
                Table CLONDALKIN GROUP Overview List
        4.7.2 CLONDALKIN GROUP Products & Services
        4.7.3 CLONDALKIN GROUP Business Operation Conditions
                Table Business Operation of CLONDALKIN GROUP (Sales Revenue, Sales Volume, Price, Cost, Gross Margin)
    4.8 Beats Digging Ditches (Company Profile, Sales Data etc.)
        4.8.1 Beats Digging Ditches Profile
                Table Beats Digging Ditches Overview List
        4.8.2 Beats Digging Ditches Products & Services
        4.8.3 Beats Digging Ditches Business Operation Conditions
                Table Business Operation of Beats Digging Ditches (Sales Revenue, Sales Volume, Price, Cost, Gross Margin)
    4.9 Traco (Company Profile, Sales Data etc.)
        4.9.1 Traco Profile
                Table Traco Overview List
        4.9.2 Traco Products & Services
        4.9.3 Traco Business Operation Conditions
                Table Business Operation of Traco (Sales Revenue, Sales Volume, Price, Cost, Gross Margin)
    4.10 Gilbreth Shrink Sleeve Labels (Company Profile, Sales Data etc.)
        4.10.1 Gilbreth Shrink Sleeve Labels Profile
                Table Gilbreth Shrink Sleeve Labels Overview List
        4.10.2 Gilbreth Shrink Sleeve Labels Products & Services
        4.10.3 Gilbreth Shrink Sleeve Labels Business Operation Conditions
                Table Business Operation of Gilbreth Shrink Sleeve Labels (Sales Revenue, Sales Volume, Price, Cost, Gross Margin)
    4.11 Mepco Label Systems (Company Profile, Sales Data etc.)
        4.11.1 Mepco Label Systems Profile
                Table Mepco Label Systems Overview List
        4.11.2 Mepco Label Systems Products & Services
        4.11.3 Mepco Label Systems Business Operation Conditions
                Table Business Operation of Mepco Label Systems (Sales Revenue, Sales Volume, Price, Cost, Gross Margin)
    4.12 Inovar (Company Profile, Sales Data etc.)
        4.12.1 Inovar Profile
                Table Inovar Overview List
        4.12.2 Inovar Products & Services
        4.12.3 Inovar Business Operation Conditions
                Table Business Operation of Inovar (Sales Revenue, Cost, Gross Margin)
    4.13 Flexo Impressions (Company Profile, Sales Data etc.)
        4.13.1 Flexo Impressions Profile
                Table Flexo Impressions Overview List
        4.13.2 Flexo Impressions Products & Services
        4.13.3 Flexo Impressions Business Operation Conditions
                Table Business Operation of Flexo Impressions (Sales Revenue, Sales Volume, Price, Cost, Gross Margin)
    4.14 Century Label (Company Profile, Sales Data etc.)
        4.14.1 Century Label Profile
                Table Century Label Overview List
        4.14.2 Century Label Products & Services
        4.14.3 Century Label Business Operation Conditions
                Table Business Operation of Century Label (Sales Revenue, Cost, Gross Margin)
5 Market Competition
    5.1 Company Competition
                Table Global Stretch and Shrink Sleeves Packaging Sales Revenue 2016-2020, by Company, in USD Million
                Table Global Stretch and Shrink Sleeves Packaging Sales Revenue Share 2016-2020, by Company, in USD Million
                Figure Global Stretch and Shrink Sleeves Packaging Sales Revenue Share in 2020, by Company, in USD Million
                Table Global Stretch and Shrink Sleeves Packaging Sales Volume 2016-2020, by Company, in Volume
                Table Global Stretch and Shrink Sleeves Packaging Sales Volume Share 2016-2020, by Company, in Volume
                Figure Global Stretch and Shrink Sleeves Packaging Sales Volume Share in 2020, by Company, in Volume
    5.2 Regional Market by Company
                Figure North America Stretch and Shrink Sleeves Packaging Market Concentration, in 2020
                Figure Europe Stretch and Shrink Sleeves Packaging Market Market Concentration, in 2020
                Figure Asia-Pacific Stretch and Shrink Sleeves Packaging MMarket Concentration, in 2020
                Figure South America Stretch and Shrink Sleeves Packaging Market Concentration, in 2020
                Figure Middle East & Africa Stretch and Shrink Sleeves Packaging Market Concentration, in 2020
6 Demand by End Market
    6.1 Demand Situation
        6.1.1 Demand in Beverages
                Figure Stretch and Shrink Sleeves Packaging Demand in Beverages, 2016-2020, in USD Million
                Figure Stretch and Shrink Sleeves Packaging Demand in Beverages, 2016-2020, in Volume
        6.1.2 Demand in Personal Care
                Figure Stretch and Shrink Sleeves Packaging Demand in Personal Care, 2016-2020, in USD Million
                Figure Stretch and Shrink Sleeves Packaging Demand in Personal Care, 2016-2020, in Volume
        6.1.3 Demand in Food
                Figure Stretch and Shrink Sleeves Packaging Demand in Food, 2016-2020, in USD Million
                Figure Stretch and Shrink Sleeves Packaging Demand in Food, 2016-2020, in Volume
        6.1.4 Demand in Others
                Figure Stretch and Shrink Sleeves Packaging Demand in Others, 2016-2020, in USD Million
                Figure Stretch and Shrink Sleeves Packaging Demand in Others, 2016-2020, in Volume
    6.2 Regional Demand Comparison
                Table Regional Demand Comparison List
                Table Major Application in Different Regions
    6.3 Demand Forecast
                Table Stretch and Shrink Sleeves Packaging Demand Forecast 2021-2026, by Application, in USD Million
                Figure Stretch and Shrink Sleeves Packaging Market Growth 2021-2026, by Application, in USD Million
                Figure Stretch and Shrink Sleeves Packaging Market Share in 2026, by Application, in USD Million
                Table Stretch and Shrink Sleeves Packaging Demand Forecast 2021-2026, by Application, in Volume
                Table Stretch and Shrink Sleeves Packaging Market Growth 2021-2026, by Application, in Volume
                Table Stretch and Shrink Sleeves Packaging Market Share in 2026, by Application, in Volume
    6.4 Impact of the COVID-19 on the Demand
7 Region Operation
    7.1 Regional Production
                Table Stretch and Shrink Sleeves Packaging Production 2016-2020, by Region, in USD Million
                Table Stretch and Shrink Sleeves Packaging Production 2016-2020, by Region, in Volume
    7.2 Regional Market
                Table Global Stretch and Shrink Sleeves Packaging Market 2016-2020, by Region, in USD Million
                Table Global Stretch and Shrink Sleeves Packaging Market Share 2016-2020, by Region, in USD Million
                Table Global Stretch and Shrink Sleeves Packaging Market 2016-2020, by Region, in Volume
                Table Global Stretch and Shrink Sleeves Packaging Market Share 2016-2020, by Region, in Volume
    7.3 by Region
        7.3.1 North America
            7.3.1.1 Overview
                Figure North America Stretch and Shrink Sleeves Packaging Market Size and Growth 2016-2020, in USD Million
                Figure North America Stretch and Shrink Sleeves Packaging Market Size and Growth 2016-2020, in Volume
            7.3.1.2 by Country (U.S., Canada, Mexico)
                Table North America Stretch and Shrink Sleeves Packaging Market Size 2016-2020, by Country, in USD Million
                Table North America Stretch and Shrink Sleeves Packaging Market Size 2016-2020, by Country, in Volume
        7.3.2 Europe
            7.3.2.1 Overview
                Figure Europe Stretch and Shrink Sleeves Packaging Market Size and Growth 2016-2020, in USD Million
                Figure Europe Stretch and Shrink Sleeves Packaging Market Size and Growth 2016-2020, in Volume
            7.3.2.2 by Country (Germany, U.K., France, Italy, Russia, Spain etc.)
                Table Europe Stretch and Shrink Sleeves Packaging Market Size 2016-2020, by Country, in USD Million
                Table Europe Stretch and Shrink Sleeves Packaging Market Size 2016-2020, by Country, in Volume
        7.3.3 Asia-Pacific
            7.3.3.1 Overview
                Figure Asia-Pacific Stretch and Shrink Sleeves Packaging Market Size and Growth 2016-2020, in USD Million
                Figure Asia-Pacific Stretch and Shrink Sleeves Packaging Market Size and Growth 2016-2020, in Volume
            7.3.3.2 by Country (China, India, Japan, Southeast Asia etc.)
                Table Asia-Pacific Stretch and Shrink Sleeves Packaging Market Size 2016-2020, by Country, in USD Million
                Table Asia-Pacific Stretch and Shrink Sleeves Packaging Market Size 2016-2020, by Country, in Volume
        7.3.4 South America
            7.3.4.1 Overview
                Figure South America Stretch and Shrink Sleeves Packaging Market Size and Growth 2016-2020, in USD Million
                Figure South America Stretch and Shrink Sleeves Packaging Market Size and Growth 2016-2020, in Volume
            7.3.4.2 by Country (Brazil, Argentina etc.)
                Table South America Stretch and Shrink Sleeves Packaging Market Size 2016-2020, by Country, in USD Million
                Table South America Stretch and Shrink Sleeves Packaging Market Size 2016-2020, by Country, in Volume
        7.3.5 Middle East & Africa
            7.3.5.1 Overview
                Figure Middle East & Africa Stretch and Shrink Sleeves Packaging Market Size and Growth 2016-2020, in USD Million
                Figure Middle East & Africa Stretch and Shrink Sleeves Packaging Market Size and Growth 2016-2020, in Volume
            7.3.5.2 by Country (Saudi Arabia, South Africa etc.)
                Table Middle East & Africa Stretch and Shrink Sleeves Packaging Market Size 2016-2020, by Country, in USD Million
                Table Middle East & Africa Stretch and Shrink Sleeves Packaging Market Size 2016-2020, by Country, in Volume
    7.4 Regional Import & Export
    7.5 Regional Forecast
                Table Stretch and Shrink Sleeves Packaging Market Forecast 2021-2026, by Region, in USD Million
                Table Stretch and Shrink Sleeves Packaging Market Forecast 2021-2026, by Region, in Volume
8 Marketing & Price
    8.1 Price and Margin
        8.1.1 Price Trends
        8.1.2 Factors of Price Change
                Table Price Factors List
        8.1.3 Manufacturers Gross Margin Analysis
    8.2 Marketing Channel
                Figure Marketing Channels Overview
9 Research Conclusion","List of Table
1.                Table Upstream Segment of Stretch and Shrink Sleeves Packaging
2.                Table Application Segment of Stretch and Shrink Sleeves Packaging
3.                Table Global Stretch and Shrink Sleeves Packaging Market 2016-2026, by Application, in USD Million
4.                Table Major Company List of Digital Printing
5.                Table Major Company List of Rotogravure
6.                Table Global Stretch and Shrink Sleeves Packaging Market 2016-2020, by Type, in USD Million
7.                Table Global Stretch and Shrink Sleeves Packaging Market 2016-2020, by Type, in Volume
8.                Table Global Stretch and Shrink Sleeves Packaging Market Forecast 2021-2026, by Type, in USD Million
9.                Table Global Stretch and Shrink Sleeves Packaging Market Forecast 2021-2026, by Type, in Volume
10.                Table Verst Group Logistics Overview List
11.                Table Business Operation of Verst Group Logistics (Sales Revenue, Sales Volume, Price, Cost, Gross Margin)
12.                Table Axon Overview List
13.                Table Business Operation of Axon (Sales Revenue, Sales Volume, Price, Cost, Gross Margin)
14.                Table SleeveCo Overview List
15.                Table Business Operation of SleeveCo (Sales Revenue, Sales Volume, Price, Cost, Gross Margin)
16.                Table Kable Overview List
17.                Table Business Operation of Kable (Sales Revenue, Sales Volume, Price, Cost, Gross Margin)
18.                Table Penn Packaging Overview List
19.                Table Business Operation of Penn Packaging (Sales Revenue, Sales Volume, Price, Cost, Gross Margin)
20.                Table Atlantic Corporation Overview List
21.                Table Business Operation of Atlantic Corporation (Sales Revenue, Sales Volume, Price, Cost, Gross Margin)
22.                Table CLONDALKIN GROUP Overview List
23.                Table Business Operation of CLONDALKIN GROUP (Sales Revenue, Sales Volume, Price, Cost, Gross Margin)
24.                Table Beats Digging Ditches Overview List
25.                Table Business Operation of Beats Digging Ditches (Sales Revenue, Sales Volume, Price, Cost, Gross Margin)
26.                Table Traco Overview List
27.                Table Business Operation of Traco (Sales Revenue, Sales Volume, Price, Cost, Gross Margin)
28.                Table Gilbreth Shrink Sleeve Labels Overview List
29.                Table Business Operation of Gilbreth Shrink Sleeve Labels (Sales Revenue, Sales Volume, Price, Cost, Gross Margin)
30.                Table Mepco Label Systems Overview List
31.                Table Business Operation of Mepco Label Systems (Sales Revenue, Sales Volume, Price, Cost, Gross Margin)
32.                Table Inovar Overview List
33.                Table Business Operation of Inovar (Sales Revenue, Cost, Gross Margin)
34.                Table Flexo Impressions Overview List
35.                Table Business Operation of Flexo Impressions (Sales Revenue, Sales Volume, Price, Cost, Gross Margin)
36.                Table Century Label Overview List
37.                Table Business Operation of Century Label (Sales Revenue, Cost, Gross Margin)
38.                Table Global Stretch and Shrink Sleeves Packaging Sales Revenue 2016-2020, by Company, in USD Million
39.                Table Global Stretch and Shrink Sleeves Packaging Sales Revenue Share 2016-2020, by Company, in USD Million
40.                Table Global Stretch and Shrink Sleeves Packaging Sales Volume 2016-2020, by Company, in Volume
41.                Table Global Stretch and Shrink Sleeves Packaging Sales Volume Share 2016-2020, by Company, in Volume
42.                Table Regional Demand Comparison List
43.                Table Major Application in Different Regions
44.                Table Stretch and Shrink Sleeves Packaging Demand Forecast 2021-2026, by Application, in USD Million
45.                Table Stretch and Shrink Sleeves Packaging Demand Forecast 2021-2026, by Application, in Volume
46.                Table Stretch and Shrink Sleeves Packaging Market Growth 2021-2026, by Application, in Volume
47.                Table Stretch and Shrink Sleeves Packaging Market Share in 2026, by Application, in Volume
48.                Table Stretch and Shrink Sleeves Packaging Production 2016-2020, by Region, in USD Million
49.                Table Stretch and Shrink Sleeves Packaging Production 2016-2020, by Region, in Volume
50.                Table Global Stretch and Shrink Sleeves Packaging Market 2016-2020, by Region, in USD Million
51.                Table Global Stretch and Shrink Sleeves Packaging Market Share 2016-2020, by Region, in USD Million
52.                Table Global Stretch and Shrink Sleeves Packaging Market 2016-2020, by Region, in Volume
53.                Table Global Stretch and Shrink Sleeves Packaging Market Share 2016-2020, by Region, in Volume
54.                Table North America Stretch and Shrink Sleeves Packaging Market Size 2016-2020, by Country, in USD Million
55.                Table North America Stretch and Shrink Sleeves Packaging Market Size 2016-2020, by Country, in Volume
56.                Table Europe Stretch and Shrink Sleeves Packaging Market Size 2016-2020, by Country, in USD Million
57.                Table Europe Stretch and Shrink Sleeves Packaging Market Size 2016-2020, by Country, in Volume
58.                Table Asia-Pacific Stretch and Shrink Sleeves Packaging Market Size 2016-2020, by Country, in USD Million
59.                Table Asia-Pacific Stretch and Shrink Sleeves Packaging Market Size 2016-2020, by Country, in Volume
60.                Table South America Stretch and Shrink Sleeves Packaging Market Size 2016-2020, by Country, in USD Million
61.                Table South America Stretch and Shrink Sleeves Packaging Market Size 2016-2020, by Country, in Volume
62.                Table Middle East & Africa Stretch and Shrink Sleeves Packaging Market Size 2016-2020, by Country, in USD Million
63.                Table Middle East & Africa Stretch and Shrink Sleeves Packaging Market Size 2016-2020, by Country, in Volume
64.                Table Stretch and Shrink Sleeves Packaging Market Forecast 2021-2026, by Region, in USD Million
65.                Table Stretch and Shrink Sleeves Packaging Market Forecast 2021-2026, by Region, in Volume
66.                Table Price Factors List","List of Figure
1.                Figure Stretch and Shrink Sleeves Packaging Industry Chain Structure
2.                Figure Global Stretch and Shrink Sleeves Packaging Market Growth 2016-2020, by Type, in USD Million
3.                Figure Global Stretch and Shrink Sleeves Packaging Market Growth 2016-2020, by Type, in Volume
4.                Figure Global Stretch and Shrink Sleeves Packaging Sales Revenue Share in 2020, by Company, in USD Million
5.                Figure Global Stretch and Shrink Sleeves Packaging Sales Volume Share in 2020, by Company, in Volume
6.                Figure North America Stretch and Shrink Sleeves Packaging Market Concentration, in 2020
7.                Figure Europe Stretch and Shrink Sleeves Packaging Market Market Concentration, in 2020
8.                Figure Asia-Pacific Stretch and Shrink Sleeves Packaging MMarket Concentration, in 2020
9.                Figure South America Stretch and Shrink Sleeves Packaging Market Concentration, in 2020
10.                Figure Middle East & Africa Stretch and Shrink Sleeves Packaging Market Concentration, in 2020
11.                Figure Stretch and Shrink Sleeves Packaging Demand in Beverages, 2016-2020, in USD Million
12.                Figure Stretch and Shrink Sleeves Packaging Demand in Beverages, 2016-2020, in Volume
13.                Figure Stretch and Shrink Sleeves Packaging Demand in Personal Care, 2016-2020, in USD Million
14.                Figure Stretch and Shrink Sleeves Packaging Demand in Personal Care, 2016-2020, in Volume
15.                Figure Stretch and Shrink Sleeves Packaging Demand in Food, 2016-2020, in USD Million
16.                Figure Stretch and Shrink Sleeves Packaging Demand in Food, 2016-2020, in Volume
17.                Figure Stretch and Shrink Sleeves Packaging Demand in Others, 2016-2020, in USD Million
18.                Figure Stretch and Shrink Sleeves Packaging Demand in Others, 2016-2020, in Volume
19.                Figure Stretch and Shrink Sleeves Packaging Market Growth 2021-2026, by Application, in USD Million
20.                Figure Stretch and Shrink Sleeves Packaging Market Share in 2026, by Application, in USD Million
21.                Figure North America Stretch and Shrink Sleeves Packaging Market Size and Growth 2016-2020, in USD Million
22.                Figure North America Stretch and Shrink Sleeves Packaging Market Size and Growth 2016-2020, in Volume
23.                Figure Europe Stretch and Shrink Sleeves Packaging Market Size and Growth 2016-2020, in USD Million
24.                Figure Europe Stretch and Shrink Sleeves Packaging Market Size and Growth 2016-2020, in Volume
25.                Figure Asia-Pacific Stretch and Shrink Sleeves Packaging Market Size and Growth 2016-2020, in USD Million
26.                Figure Asia-Pacific Stretch and Shrink Sleeves Packaging Market Size and Growth 2016-2020, in Volume
27.                Figure South America Stretch and Shrink Sleeves Packaging Market Size and Growth 2016-2020, in USD Million
28.                Figure South America Stretch and Shrink Sleeves Packaging Market Size and Growth 2016-2020, in Volume
29.                Figure Middle East & Africa Stretch and Shrink Sleeves Packaging Market Size and Growth 2016-2020, in USD Million
30.                Figure Middle East & Africa Stretch and Shrink Sleeves Packaging Market Size and Growth 2016-2020, in Volume
31.                Figure Marketing Channels Overview","$2,980 ","$5,960 ","$5,960 ",99SGL298Che20210200024776
7-Apr-21,"Chemical & Material","Global Taurine Market Analysis 2016-2020 and Forecast 2021-2026","Snapshot
The global Taurine market size is estimated at xxx million USD with a CAGR xx% from 2016-2020 and is expected to reach xxx Million USD in 2021 with a CAGR xx% from 2021 to 2026. The report begins from overview of Industry Chain structure, and describes industry environment, then analyses market size and forecast of Taurine by product, region and application, in addition, this report introduces market competition situation among the vendors and company profile, besides, market price analysis and value chain features are covered in this report.
Product Type Coverage (Market Size & Forecast, Major Company of Product Type etc.):
        Food Grade
        Pharmaceutical Grade
Company Coverage (Company Profile, Sales Revenue, Price, Gross Margin, Main Products etc.):
        Taisho Pharmaceutical(JP)
        Honjo Chemical(JP)
        Yongan Pharmaceutical(CN)
        Yuanyang Pharmaceutical(CN)
        Grand Pharma(CN)
        Fangming Pharmaceutical(CN)
        Jiangyin Huachang(CN)
Application Coverage (Market Size & Forecast, Different Demand Market by Region, Main Consumer Profile etc.):
        Health Care Products
        Pet Food
        Beverage
        Others
Region Coverage (Regional Production, Demand & Forecast by Countries etc.):
        North America (U.S., Canada, Mexico)
        Europe (Germany, U.K., France, Italy, Russia, Spain etc.)
        Asia-Pacific (China, India, Japan, Southeast Asia etc.)
        South America (Brazil, Argentina etc.)
        Middle East & Africa (Saudi Arabia, South Africa etc.)",103,"Table of Contents
1 Industry Overview
    1.1 Taurine Industry
                Figure Taurine Industry Chain Structure
        1.1.1 Overview
        1.1.2 Development of Taurine
    1.2 Market Segment
        1.2.1 Upstream
                Table Upstream Segment of Taurine
        1.2.2 Downstream
                Table Application Segment of Taurine
                Table Global Taurine Market 2016-2026, by Application, in USD Million
        1.2.3 COVID-19 Impact
    1.3 Cost Analysis
2 Industry Environment (PEST Analysis)
    2.1 Policy
    2.2 Economics
    2.3 Sociology
    2.4 Technology
3 Taurine Market by Type
    3.1 By Type
        3.1.1 Food Grade
                Table Major Company List of Food Grade
        3.1.2 Pharmaceutical Grade
                Table Major Company List of Pharmaceutical Grade
    3.2 Market Size
                Table Global Taurine Market 2016-2020, by Type, in USD Million
                Figure Global Taurine Market Growth 2016-2020, by Type, in USD Million
                Table Global Taurine Market 2016-2020, by Type, in Volume
                Figure Global Taurine Market Growth 2016-2020, by Type, in Volume
    3.3 Market Forecast
                Table Global Taurine Market Forecast 2021-2026, by Type, in USD Million
                Table Global Taurine Market Forecast 2021-2026, by Type, in Volume
4 Major Companies List
    4.1 Taisho Pharmaceutical(JP) (Company Profile, Sales Data etc.)
        4.1.1 Taisho Pharmaceutical(JP) Profile
                Table Taisho Pharmaceutical(JP) Overview List
        4.1.2 Taisho Pharmaceutical(JP) Products & Services
        4.1.3 Taisho Pharmaceutical(JP) Business Operation Conditions
                Table Business Operation of Taisho Pharmaceutical(JP) (Sales Revenue, Sales Volume, Price, Cost, Gross Margin)
    4.2 Honjo Chemical(JP) (Company Profile, Sales Data etc.)
        4.2.1 Honjo Chemical(JP) Profile
                Table Honjo Chemical(JP) Overview List
        4.2.2 Honjo Chemical(JP) Products & Services
        4.2.3 Honjo Chemical(JP) Business Operation Conditions
                Table Business Operation of Honjo Chemical(JP) (Sales Revenue, Sales Volume, Price, Cost, Gross Margin)
    4.3 Yongan Pharmaceutical(CN) (Company Profile, Sales Data etc.)
        4.3.1 Yongan Pharmaceutical(CN) Profile
                Table Yongan Pharmaceutical(CN) Overview List
        4.3.2 Yongan Pharmaceutical(CN) Products & Services
        4.3.3 Yongan Pharmaceutical(CN) Business Operation Conditions
                Table Business Operation of Yongan Pharmaceutical(CN) (Sales Revenue, Sales Volume, Price, Cost, Gross Margin)
    4.4 Yuanyang Pharmaceutical(CN) (Company Profile, Sales Data etc.)
        4.4.1 Yuanyang Pharmaceutical(CN) Profile
                Table Yuanyang Pharmaceutical(CN) Overview List
        4.4.2 Yuanyang Pharmaceutical(CN) Products & Services
        4.4.3 Yuanyang Pharmaceutical(CN) Business Operation Conditions
                Table Business Operation of Yuanyang Pharmaceutical(CN) (Sales Revenue, Sales Volume, Price, Cost, Gross Margin)
    4.5 Grand Pharma(CN) (Company Profile, Sales Data etc.)
        4.5.1 Grand Pharma(CN) Profile
                Table Grand Pharma(CN) Overview List
        4.5.2 Grand Pharma(CN) Products & Services
        4.5.3 Grand Pharma(CN) Business Operation Conditions
                Table Business Operation of Grand Pharma(CN) (Sales Revenue, Sales Volume, Price, Cost, Gross Margin)
    4.6 Fangming Pharmaceutical(CN) (Company Profile, Sales Data etc.)
        4.6.1 Fangming Pharmaceutical(CN) Profile
                Table Fangming Pharmaceutical(CN) Overview List
        4.6.2 Fangming Pharmaceutical(CN) Products & Services
        4.6.3 Fangming Pharmaceutical(CN) Business Operation Conditions
                Table Business Operation of Fangming Pharmaceutical(CN) (Sales Revenue, Sales Volume, Price, Cost, Gross Margin)
    4.7 Jiangyin Huachang(CN) (Company Profile, Sales Data etc.)
        4.7.1 Jiangyin Huachang(CN) Profile
                Table Jiangyin Huachang(CN) Overview List
        4.7.2 Jiangyin Huachang(CN) Products & Services
        4.7.3 Jiangyin Huachang(CN) Business Operation Conditions
                Table Business Operation of Jiangyin Huachang(CN) (Sales Revenue, Sales Volume, Price, Cost, Gross Margin)
5 Market Competition
    5.1 Company Competition
                Table Global Taurine Sales Revenue 2016-2020, by Company, in USD Million
                Table Global Taurine Sales Revenue Share 2016-2020, by Company, in USD Million
                Figure Global Taurine Sales Revenue Share in 2020, by Company, in USD Million
                Table Global Taurine Sales Volume 2016-2020, by Company, in Volume
                Table Global Taurine Sales Volume Share 2016-2020, by Company, in Volume
                Figure Global Taurine Sales Volume Share in 2020, by Company, in Volume
    5.2 Regional Market by Company
                Figure North America Taurine Market Concentration, in 2020
                Figure Europe Taurine Market Market Concentration, in 2020
                Figure Asia-Pacific Taurine MMarket Concentration, in 2020
                Figure South America Taurine Market Concentration, in 2020
                Figure Middle East & Africa Taurine Market Concentration, in 2020
6 Demand by End Market
    6.1 Demand Situation
        6.1.1 Demand in Health Care Products
                Figure Taurine Demand in Health Care Products, 2016-2020, in USD Million
                Figure Taurine Demand in Health Care Products, 2016-2020, in Volume
        6.1.2 Demand in Pet Food
                Figure Taurine Demand in Pet Food, 2016-2020, in USD Million
                Figure Taurine Demand in Pet Food, 2016-2020, in Volume
        6.1.3 Demand in Beverage
                Figure Taurine Demand in Beverage, 2016-2020, in USD Million
                Figure Taurine Demand in Beverage, 2016-2020, in Volume
        6.1.4 Demand in Others
                Figure Taurine Demand in Others, 2016-2020, in USD Million
                Figure Taurine Demand in Others, 2016-2020, in Volume
    6.2 Regional Demand Comparison
                Table Regional Demand Comparison List
                Table Major Application in Different Regions
    6.3 Demand Forecast
                Table Taurine Demand Forecast 2021-2026, by Application, in USD Million
                Figure Taurine Market Growth 2021-2026, by Application, in USD Million
                Figure Taurine Market Share in 2026, by Application, in USD Million
                Table Taurine Demand Forecast 2021-2026, by Application, in Volume
                Table Taurine Market Growth 2021-2026, by Application, in Volume
                Table Taurine Market Share in 2026, by Application, in Volume
    6.4 Impact of the COVID-19 on the Demand
7 Region Operation
    7.1 Regional Production
                Table Taurine Production 2016-2020, by Region, in USD Million
                Table Taurine Production 2016-2020, by Region, in Volume
    7.2 Regional Market
                Table Global Taurine Market 2016-2020, by Region, in USD Million
                Table Global Taurine Market Share 2016-2020, by Region, in USD Million
                Table Global Taurine Market 2016-2020, by Region, in Volume
                Table Global Taurine Market Share 2016-2020, by Region, in Volume
    7.3 by Region
        7.3.1 North America
            7.3.1.1 Overview
                Figure North America Taurine Market Size and Growth 2016-2020, in USD Million
                Figure North America Taurine Market Size and Growth 2016-2020, in Volume
            7.3.1.2 by Country (U.S., Canada, Mexico)
                Table North America Taurine Market Size 2016-2020, by Country, in USD Million
                Table North America Taurine Market Size 2016-2020, by Country, in Volume
        7.3.2 Europe
            7.3.2.1 Overview
                Figure Europe Taurine Market Size and Growth 2016-2020, in USD Million
                Figure Europe Taurine Market Size and Growth 2016-2020, in Volume
            7.3.2.2 by Country (Germany, U.K., France, Italy, Russia, Spain etc.)
                Table Europe Taurine Market Size 2016-2020, by Country, in USD Million
                Table Europe Taurine Market Size 2016-2020, by Country, in Volume
        7.3.3 Asia-Pacific
            7.3.3.1 Overview
                Figure Asia-Pacific Taurine Market Size and Growth 2016-2020, in USD Million
                Figure Asia-Pacific Taurine Market Size and Growth 2016-2020, in Volume
            7.3.3.2 by Country (China, India, Japan, Southeast Asia etc.)
                Table Asia-Pacific Taurine Market Size 2016-2020, by Country, in USD Million
                Table Asia-Pacific Taurine Market Size 2016-2020, by Country, in Volume
        7.3.4 South America
            7.3.4.1 Overview
                Figure South America Taurine Market Size and Growth 2016-2020, in USD Million
                Figure South America Taurine Market Size and Growth 2016-2020, in Volume
            7.3.4.2 by Country (Brazil, Argentina etc.)
                Table South America Taurine Market Size 2016-2020, by Country, in USD Million
                Table South America Taurine Market Size 2016-2020, by Country, in Volume
        7.3.5 Middle East & Africa
            7.3.5.1 Overview
                Figure Middle East & Africa Taurine Market Size and Growth 2016-2020, in USD Million
                Figure Middle East & Africa Taurine Market Size and Growth 2016-2020, in Volume
            7.3.5.2 by Country (Saudi Arabia, South Africa etc.)
                Table Middle East & Africa Taurine Market Size 2016-2020, by Country, in USD Million
                Table Middle East & Africa Taurine Market Size 2016-2020, by Country, in Volume
    7.4 Regional Import & Export
    7.5 Regional Forecast
                Table Taurine Market Forecast 2021-2026, by Region, in USD Million
                Table Taurine Market Forecast 2021-2026, by Region, in Volume
8 Marketing & Price
    8.1 Price and Margin
        8.1.1 Price Trends
        8.1.2 Factors of Price Change
                Table Price Factors List
        8.1.3 Manufacturers Gross Margin Analysis
    8.2 Marketing Channel
                Figure Marketing Channels Overview
9 Research Conclusion","List of Table
1.                Table Upstream Segment of Taurine
2.                Table Application Segment of Taurine
3.                Table Global Taurine Market 2016-2026, by Application, in USD Million
4.                Table Major Company List of Pharmaceutical Grade
5.                Table Global Taurine Market 2016-2020, by Type, in USD Million
6.                Table Global Taurine Market 2016-2020, by Type, in Volume
7.                Table Global Taurine Market Forecast 2021-2026, by Type, in USD Million
8.                Table Global Taurine Market Forecast 2021-2026, by Type, in Volume
9.                Table Taisho Pharmaceutical(JP) Overview List
10.                Table Business Operation of Taisho Pharmaceutical(JP) (Sales Revenue, Sales Volume, Price, Cost, Gross Margin)
11.                Table Honjo Chemical(JP) Overview List
12.                Table Business Operation of Honjo Chemical(JP) (Sales Revenue, Sales Volume, Price, Cost, Gross Margin)
13.                Table Yongan Pharmaceutical(CN) Overview List
14.                Table Business Operation of Yongan Pharmaceutical(CN) (Sales Revenue, Sales Volume, Price, Cost, Gross Margin)
15.                Table Yuanyang Pharmaceutical(CN) Overview List
16.                Table Business Operation of Yuanyang Pharmaceutical(CN) (Sales Revenue, Sales Volume, Price, Cost, Gross Margin)
17.                Table Grand Pharma(CN) Overview List
18.                Table Business Operation of Grand Pharma(CN) (Sales Revenue, Sales Volume, Price, Cost, Gross Margin)
19.                Table Fangming Pharmaceutical(CN) Overview List
20.                Table Business Operation of Fangming Pharmaceutical(CN) (Sales Revenue, Sales Volume, Price, Cost, Gross Margin)
21.                Table Jiangyin Huachang(CN) Overview List
22.                Table Business Operation of Jiangyin Huachang(CN) (Sales Revenue, Sales Volume, Price, Cost, Gross Margin)
23.                Table Global Taurine Sales Revenue 2016-2020, by Company, in USD Million
24.                Table Global Taurine Sales Revenue Share 2016-2020, by Company, in USD Million
25.                Table Global Taurine Sales Volume 2016-2020, by Company, in Volume
26.                Table Global Taurine Sales Volume Share 2016-2020, by Company, in Volume
27.                Table Regional Demand Comparison List
28.                Table Major Application in Different Regions
29.                Table Taurine Demand Forecast 2021-2026, by Application, in USD Million
30.                Table Taurine Demand Forecast 2021-2026, by Application, in Volume
31.                Table Taurine Market Growth 2021-2026, by Application, in Volume
32.                Table Taurine Market Share in 2026, by Application, in Volume
33.                Table Taurine Production 2016-2020, by Region, in USD Million
34.                Table Taurine Production 2016-2020, by Region, in Volume
35.                Table Global Taurine Market 2016-2020, by Region, in USD Million
36.                Table Global Taurine Market Share 2016-2020, by Region, in USD Million
37.                Table Global Taurine Market 2016-2020, by Region, in Volume
38.                Table Global Taurine Market Share 2016-2020, by Region, in Volume
39.                Table North America Taurine Market Size 2016-2020, by Country, in USD Million
40.                Table North America Taurine Market Size 2016-2020, by Country, in Volume
41.                Table Europe Taurine Market Size 2016-2020, by Country, in USD Million
42.                Table Europe Taurine Market Size 2016-2020, by Country, in Volume
43.                Table Asia-Pacific Taurine Market Size 2016-2020, by Country, in USD Million
44.                Table Asia-Pacific Taurine Market Size 2016-2020, by Country, in Volume
45.                Table South America Taurine Market Size 2016-2020, by Country, in USD Million
46.                Table South America Taurine Market Size 2016-2020, by Country, in Volume
47.                Table Middle East & Africa Taurine Market Size 2016-2020, by Country, in USD Million
48.                Table Middle East & Africa Taurine Market Size 2016-2020, by Country, in Volume
49.                Table Taurine Market Forecast 2021-2026, by Region, in USD Million
50.                Table Taurine Market Forecast 2021-2026, by Region, in Volume
51.                Table Price Factors List","List of Figure
1.                Figure Taurine Industry Chain Structure
2.                Figure Global Taurine Market Growth 2016-2020, by Type, in USD Million
3.                Figure Global Taurine Market Growth 2016-2020, by Type, in Volume
4.                Figure Global Taurine Sales Revenue Share in 2020, by Company, in USD Million
5.                Figure Global Taurine Sales Volume Share in 2020, by Company, in Volume
6.                Figure North America Taurine Market Concentration, in 2020
7.                Figure Europe Taurine Market Market Concentration, in 2020
8.                Figure Asia-Pacific Taurine MMarket Concentration, in 2020
9.                Figure South America Taurine Market Concentration, in 2020
10.                Figure Middle East & Africa Taurine Market Concentration, in 2020
11.                Figure Taurine Demand in Health Care Products, 2016-2020, in USD Million
12.                Figure Taurine Demand in Health Care Products, 2016-2020, in Volume
13.                Figure Taurine Demand in Pet Food, 2016-2020, in USD Million
14.                Figure Taurine Demand in Pet Food, 2016-2020, in Volume
15.                Figure Taurine Demand in Beverage, 2016-2020, in USD Million
16.                Figure Taurine Demand in Beverage, 2016-2020, in Volume
17.                Figure Taurine Demand in Others, 2016-2020, in USD Million
18.                Figure Taurine Demand in Others, 2016-2020, in Volume
19.                Figure Taurine Market Growth 2021-2026, by Application, in USD Million
20.                Figure Taurine Market Share in 2026, by Application, in USD Million
21.                Figure North America Taurine Market Size and Growth 2016-2020, in USD Million
22.                Figure North America Taurine Market Size and Growth 2016-2020, in Volume
23.                Figure Europe Taurine Market Size and Growth 2016-2020, in USD Million
24.                Figure Europe Taurine Market Size and Growth 2016-2020, in Volume
25.                Figure Asia-Pacific Taurine Market Size and Growth 2016-2020, in USD Million
26.                Figure Asia-Pacific Taurine Market Size and Growth 2016-2020, in Volume
27.                Figure South America Taurine Market Size and Growth 2016-2020, in USD Million
28.                Figure South America Taurine Market Size and Growth 2016-2020, in Volume
29.                Figure Middle East & Africa Taurine Market Size and Growth 2016-2020, in USD Million
30.                Figure Middle East & Africa Taurine Market Size and Growth 2016-2020, in Volume
31.                Figure Marketing Channels Overview","$2,980 ","$5,960 ","$5,960 ",99SGL298Che20210200024777
7-Apr-21,"Chemical & Material","Global Styrene Isoprene Butadiene Market Analysis 2016-2020 and Forecast 2021-2026","Snapshot
The global Styrene Isoprene Butadiene market size is estimated at xxx million USD with a CAGR xx% from 2016-2020 and is expected to reach xxx Million USD in 2021 with a CAGR xx% from 2021 to 2026. The report begins from overview of Industry Chain structure, and describes industry environment, then analyses market size and forecast of Styrene Isoprene Butadiene by product, region and application, in addition, this report introduces market competition situation among the vendors and company profile, besides, market price analysis and value chain features are covered in this report.
Product Type Coverage (Market Size & Forecast, Major Company of Product Type etc.):
        Pastille Shape
        Flakes
Company Coverage (Company Profile, Sales Revenue, Price, Gross Margin, Main Products etc.):
        Eastman Chemical Company
        Kraton Polymers
        ZEON CHEMICALS L.P.
        TSRC Corporation
        LANXESS
        JSR Corporation
        Kraton
        LCY Chemical
        Shandong Jusage Technology
        NINGBO ORETEL POLYMER
        En Chuan Chemical Industries
Application Coverage (Market Size & Forecast, Different Demand Market by Region, Main Consumer Profile etc.):
        Building and Construction
        Footwear and Leather
        Packaging
        Healthcare
        Others
Region Coverage (Regional Production, Demand & Forecast by Countries etc.):
        North America (U.S., Canada, Mexico)
        Europe (Germany, U.K., France, Italy, Russia, Spain etc.)
        Asia-Pacific (China, India, Japan, Southeast Asia etc.)
        South America (Brazil, Argentina etc.)
        Middle East & Africa (Saudi Arabia, South Africa etc.)",87,"Table of Contents
1 Industry Overview
    1.1 Styrene Isoprene Butadiene Industry
                Figure Styrene Isoprene Butadiene Industry Chain Structure
        1.1.1 Overview
        1.1.2 Development of Styrene Isoprene Butadiene
    1.2 Market Segment
        1.2.1 Upstream
                Table Upstream Segment of Styrene Isoprene Butadiene
        1.2.2 Downstream
                Table Application Segment of Styrene Isoprene Butadiene
                Table Global Styrene Isoprene Butadiene Market 2016-2026, by Application, in USD Million
        1.2.3 COVID-19 Impact
    1.3 Cost Analysis
2 Industry Environment (PEST Analysis)
    2.1 Policy
    2.2 Economics
    2.3 Sociology
    2.4 Technology
3 Styrene Isoprene Butadiene Market by Type
    3.1 By Type
        3.1.1 Pastille Shape
                Table Major Company List of Pastille Shape
        3.1.2 Flakes
                Table Major Company List of Flakes
    3.2 Market Size
                Table Global Styrene Isoprene Butadiene Market 2016-2020, by Type, in USD Million
                Figure Global Styrene Isoprene Butadiene Market Growth 2016-2020, by Type, in USD Million
                Table Global Styrene Isoprene Butadiene Market 2016-2020, by Type, in Volume
                Figure Global Styrene Isoprene Butadiene Market Growth 2016-2020, by Type, in Volume
    3.3 Market Forecast
                Table Global Styrene Isoprene Butadiene Market Forecast 2021-2026, by Type, in USD Million
                Table Global Styrene Isoprene Butadiene Market Forecast 2021-2026, by Type, in Volume
4 Major Companies List
    4.1 Eastman Chemical Company (Company Profile, Sales Data etc.)
        4.1.1 Eastman Chemical Company Profile
                Table Eastman Chemical Company Overview List
        4.1.2 Eastman Chemical Company Products & Services
        4.1.3 Eastman Chemical Company Business Operation Conditions
                Table Business Operation of Eastman Chemical Company (Sales Revenue, Sales Volume, Price, Cost, Gross Margin)
    4.2 Kraton Polymers (Company Profile, Sales Data etc.)
        4.2.1 Kraton Polymers Profile
                Table Kraton Polymers Overview List
        4.2.2 Kraton Polymers Products & Services
        4.2.3 Kraton Polymers Business Operation Conditions
                Table Business Operation of Kraton Polymers (Sales Revenue, Sales Volume, Price, Cost, Gross Margin)
    4.3 ZEON CHEMICALS L.P. (Company Profile, Sales Data etc.)
        4.3.1 ZEON CHEMICALS L.P. Profile
                Table ZEON CHEMICALS L.P. Overview List
        4.3.2 ZEON CHEMICALS L.P. Products & Services
        4.3.3 ZEON CHEMICALS L.P. Business Operation Conditions
                Table Business Operation of ZEON CHEMICALS L.P. (Sales Revenue, Sales Volume, Price, Cost, Gross Margin)
    4.4 TSRC Corporation (Company Profile, Sales Data etc.)
        4.4.1 TSRC Corporation Profile
                Table TSRC Corporation Overview List
        4.4.2 TSRC Corporation Products & Services
        4.4.3 TSRC Corporation Business Operation Conditions
                Table Business Operation of TSRC Corporation (Sales Revenue, Sales Volume, Price, Cost, Gross Margin)
    4.5 LANXESS (Company Profile, Sales Data etc.)
        4.5.1 LANXESS Profile
                Table LANXESS Overview List
        4.5.2 LANXESS Products & Services
        4.5.3 LANXESS Business Operation Conditions
                Table Business Operation of LANXESS (Sales Revenue, Sales Volume, Price, Cost, Gross Margin)
    4.6 JSR Corporation (Company Profile, Sales Data etc.)
        4.6.1 JSR Corporation Profile
                Table JSR Corporation Overview List
        4.6.2 JSR Corporation Products & Services
        4.6.3 JSR Corporation Business Operation Conditions
                Table Business Operation of JSR Corporation (Sales Revenue, Sales Volume, Price, Cost, Gross Margin)
    4.7 Kraton (Company Profile, Sales Data etc.)
        4.7.1 Kraton Profile
                Table Kraton Overview List
        4.7.2 Kraton Products & Services
        4.7.3 Kraton Business Operation Conditions
                Table Business Operation of Kraton (Sales Revenue, Sales Volume, Price, Cost, Gross Margin)
    4.8 LCY Chemical (Company Profile, Sales Data etc.)
        4.8.1 LCY Chemical Profile
                Table LCY Chemical Overview List
        4.8.2 LCY Chemical Products & Services
        4.8.3 LCY Chemical Business Operation Conditions
                Table Business Operation of LCY Chemical (Sales Revenue, Sales Volume, Price, Cost, Gross Margin)
    4.9 Shandong Jusage Technology (Company Profile, Sales Data etc.)
        4.9.1 Shandong Jusage Technology Profile
                Table Shandong Jusage Technology Overview List
        4.9.2 Shandong Jusage Technology Products & Services
        4.9.3 Shandong Jusage Technology Business Operation Conditions
                Table Business Operation of Shandong Jusage Technology (Sales Revenue, Sales Volume, Price, Cost, Gross Margin)
    4.10 NINGBO ORETEL POLYMER (Company Profile, Sales Data etc.)
        4.10.1 NINGBO ORETEL POLYMER Profile
                Table NINGBO ORETEL POLYMER Overview List
        4.10.2 NINGBO ORETEL POLYMER Products & Services
        4.10.3 NINGBO ORETEL POLYMER Business Operation Conditions
                Table Business Operation of NINGBO ORETEL POLYMER (Sales Revenue, Sales Volume, Price, Cost, Gross Margin)
    4.11 En Chuan Chemical Industries (Company Profile, Sales Data etc.)
        4.11.1 En Chuan Chemical Industries Profile
                Table En Chuan Chemical Industries Overview List
        4.11.2 En Chuan Chemical Industries Products & Services
        4.11.3 En Chuan Chemical Industries Business Operation Conditions
                Table Business Operation of En Chuan Chemical Industries (Sales Revenue, Sales Volume, Price, Cost, Gross Margin)
5 Market Competition
    5.1 Company Competition
                Table Global Styrene Isoprene Butadiene Sales Revenue 2016-2020, by Company, in USD Million
                Table Global Styrene Isoprene Butadiene Sales Revenue Share 2016-2020, by Company, in USD Million
                Figure Global Styrene Isoprene Butadiene Sales Revenue Share in 2020, by Company, in USD Million
                Table Global Styrene Isoprene Butadiene Sales Volume 2016-2020, by Company, in Volume
                Table Global Styrene Isoprene Butadiene Sales Volume Share 2016-2020, by Company, in Volume
                Figure Global Styrene Isoprene Butadiene Sales Volume Share in 2020, by Company, in Volume
    5.2 Regional Market by Company
                Figure North America Styrene Isoprene Butadiene Market Concentration, in 2020
                Figure Europe Styrene Isoprene Butadiene Market Market Concentration, in 2020
                Figure Asia-Pacific Styrene Isoprene Butadiene MMarket Concentration, in 2020
                Figure South America Styrene Isoprene Butadiene Market Concentration, in 2020
                Figure Middle East & Africa Styrene Isoprene Butadiene Market Concentration, in 2020
6 Demand by End Market
    6.1 Demand Situation
        6.1.1 Demand in Building and Construction
                Figure Styrene Isoprene Butadiene Demand in Building and Construction, 2016-2020, in USD Million
                Figure Styrene Isoprene Butadiene Demand in Building and Construction, 2016-2020, in Volume
        6.1.2 Demand in Footwear and Leather
                Figure Styrene Isoprene Butadiene Demand in Footwear and Leather, 2016-2020, in USD Million
                Figure Styrene Isoprene Butadiene Demand in Footwear and Leather, 2016-2020, in Volume
        6.1.3 Demand in Packaging
                Figure Styrene Isoprene Butadiene Demand in Packaging, 2016-2020, in USD Million
                Figure Styrene Isoprene Butadiene Demand in Packaging, 2016-2020, in Volume
        6.1.4 Demand in Healthcare
                Figure Styrene Isoprene Butadiene Demand in Healthcare, 2016-2020, in USD Million
                Figure Styrene Isoprene Butadiene Demand in Healthcare, 2016-2020, in Volume
        6.1.5 Demand in Others
                Figure Styrene Isoprene Butadiene Demand in Others, 2016-2020, in USD Million
                Figure Styrene Isoprene Butadiene Demand in Others, 2016-2020, in Volume
    6.2 Regional Demand Comparison
                Table Regional Demand Comparison List
                Table Major Application in Different Regions
    6.3 Demand Forecast
                Table Styrene Isoprene Butadiene Demand Forecast 2021-2026, by Application, in USD Million
                Figure Styrene Isoprene Butadiene Market Growth 2021-2026, by Application, in USD Million
                Figure Styrene Isoprene Butadiene Market Share in 2026, by Application, in USD Million
                Table Styrene Isoprene Butadiene Demand Forecast 2021-2026, by Application, in Volume
                Table Styrene Isoprene Butadiene Market Growth 2021-2026, by Application, in Volume
                Table Styrene Isoprene Butadiene Market Share in 2026, by Application, in Volume
    6.4 Impact of the COVID-19 on the Demand
7 Region Operation
    7.1 Regional Production
                Table Styrene Isoprene Butadiene Production 2016-2020, by Region, in USD Million
                Table Styrene Isoprene Butadiene Production 2016-2020, by Region, in Volume
    7.2 Regional Market
                Table Global Styrene Isoprene Butadiene Market 2016-2020, by Region, in USD Million
                Table Global Styrene Isoprene Butadiene Market Share 2016-2020, by Region, in USD Million
                Table Global Styrene Isoprene Butadiene Market 2016-2020, by Region, in Volume
                Table Global Styrene Isoprene Butadiene Market Share 2016-2020, by Region, in Volume
    7.3 by Region
        7.3.1 North America
            7.3.1.1 Overview
                Figure North America Styrene Isoprene Butadiene Market Size and Growth 2016-2020, in USD Million
                Figure North America Styrene Isoprene Butadiene Market Size and Growth 2016-2020, in Volume
            7.3.1.2 by Country (U.S., Canada, Mexico)
                Table North America Styrene Isoprene Butadiene Market Size 2016-2020, by Country, in USD Million
                Table North America Styrene Isoprene Butadiene Market Size 2016-2020, by Country, in Volume
        7.3.2 Europe
            7.3.2.1 Overview
                Figure Europe Styrene Isoprene Butadiene Market Size and Growth 2016-2020, in USD Million
                Figure Europe Styrene Isoprene Butadiene Market Size and Growth 2016-2020, in Volume
            7.3.2.2 by Country (Germany, U.K., France, Italy, Russia, Spain etc.)
                Table Europe Styrene Isoprene Butadiene Market Size 2016-2020, by Country, in USD Million
                Table Europe Styrene Isoprene Butadiene Market Size 2016-2020, by Country, in Volume
        7.3.3 Asia-Pacific
            7.3.3.1 Overview
                Figure Asia-Pacific Styrene Isoprene Butadiene Market Size and Growth 2016-2020, in USD Million
                Figure Asia-Pacific Styrene Isoprene Butadiene Market Size and Growth 2016-2020, in Volume
            7.3.3.2 by Country (China, India, Japan, Southeast Asia etc.)
                Table Asia-Pacific Styrene Isoprene Butadiene Market Size 2016-2020, by Country, in USD Million
                Table Asia-Pacific Styrene Isoprene Butadiene Market Size 2016-2020, by Country, in Volume
        7.3.4 South America
            7.3.4.1 Overview
                Figure South America Styrene Isoprene Butadiene Market Size and Growth 2016-2020, in USD Million
                Figure South America Styrene Isoprene Butadiene Market Size and Growth 2016-2020, in Volume
            7.3.4.2 by Country (Brazil, Argentina etc.)
                Table South America Styrene Isoprene Butadiene Market Size 2016-2020, by Country, in USD Million
                Table South America Styrene Isoprene Butadiene Market Size 2016-2020, by Country, in Volume
        7.3.5 Middle East & Africa
            7.3.5.1 Overview
                Figure Middle East & Africa Styrene Isoprene Butadiene Market Size and Growth 2016-2020, in USD Million
                Figure Middle East & Africa Styrene Isoprene Butadiene Market Size and Growth 2016-2020, in Volume
            7.3.5.2 by Country (Saudi Arabia, South Africa etc.)
                Table Middle East & Africa Styrene Isoprene Butadiene Market Size 2016-2020, by Country, in USD Million
                Table Middle East & Africa Styrene Isoprene Butadiene Market Size 2016-2020, by Country, in Volume
    7.4 Regional Import & Export
    7.5 Regional Forecast
                Table Styrene Isoprene Butadiene Market Forecast 2021-2026, by Region, in USD Million
                Table Styrene Isoprene Butadiene Market Forecast 2021-2026, by Region, in Volume
8 Marketing & Price
    8.1 Price and Margin
        8.1.1 Price Trends
        8.1.2 Factors of Price Change
                Table Price Factors List
        8.1.3 Manufacturers Gross Margin Analysis
    8.2 Marketing Channel
                Figure Marketing Channels Overview
9 Research Conclusion","List of Table
1.                Table Upstream Segment of Styrene Isoprene Butadiene
2.                Table Application Segment of Styrene Isoprene Butadiene
3.                Table Global Styrene Isoprene Butadiene Market 2016-2026, by Application, in USD Million
4.                Table Major Company List of Flakes
5.                Table Global Styrene Isoprene Butadiene Market 2016-2020, by Type, in USD Million
6.                Table Global Styrene Isoprene Butadiene Market 2016-2020, by Type, in Volume
7.                Table Global Styrene Isoprene Butadiene Market Forecast 2021-2026, by Type, in USD Million
8.                Table Global Styrene Isoprene Butadiene Market Forecast 2021-2026, by Type, in Volume
9.                Table Eastman Chemical Company Overview List
10.                Table Business Operation of Eastman Chemical Company (Sales Revenue, Sales Volume, Price, Cost, Gross Margin)
11.                Table Kraton Polymers Overview List
12.                Table Business Operation of Kraton Polymers (Sales Revenue, Sales Volume, Price, Cost, Gross Margin)
13.                Table ZEON CHEMICALS L.P. Overview List
14.                Table Business Operation of ZEON CHEMICALS L.P. (Sales Revenue, Sales Volume, Price, Cost, Gross Margin)
15.                Table TSRC Corporation Overview List
16.                Table Business Operation of TSRC Corporation (Sales Revenue, Sales Volume, Price, Cost, Gross Margin)
17.                Table LANXESS Overview List
18.                Table Business Operation of LANXESS (Sales Revenue, Sales Volume, Price, Cost, Gross Margin)
19.                Table JSR Corporation Overview List
20.                Table Business Operation of JSR Corporation (Sales Revenue, Sales Volume, Price, Cost, Gross Margin)
21.                Table Kraton Overview List
22.                Table Business Operation of Kraton (Sales Revenue, Sales Volume, Price, Cost, Gross Margin)
23.                Table LCY Chemical Overview List
24.                Table Business Operation of LCY Chemical (Sales Revenue, Sales Volume, Price, Cost, Gross Margin)
25.                Table Shandong Jusage Technology Overview List
26.                Table Business Operation of Shandong Jusage Technology (Sales Revenue, Sales Volume, Price, Cost, Gross Margin)
27.                Table NINGBO ORETEL POLYMER Overview List
28.                Table Business Operation of NINGBO ORETEL POLYMER (Sales Revenue, Sales Volume, Price, Cost, Gross Margin)
29.                Table En Chuan Chemical Industries Overview List
30.                Table Business Operation of En Chuan Chemical Industries (Sales Revenue, Sales Volume, Price, Cost, Gross Margin)
31.                Table Global Styrene Isoprene Butadiene Sales Revenue 2016-2020, by Company, in USD Million
32.                Table Global Styrene Isoprene Butadiene Sales Revenue Share 2016-2020, by Company, in USD Million
33.                Table Global Styrene Isoprene Butadiene Sales Volume 2016-2020, by Company, in Volume
34.                Table Global Styrene Isoprene Butadiene Sales Volume Share 2016-2020, by Company, in Volume
35.                Table Regional Demand Comparison List
36.                Table Major Application in Different Regions
37.                Table Styrene Isoprene Butadiene Demand Forecast 2021-2026, by Application, in USD Million
38.                Table Styrene Isoprene Butadiene Demand Forecast 2021-2026, by Application, in Volume
39.                Table Styrene Isoprene Butadiene Market Growth 2021-2026, by Application, in Volume
40.                Table Styrene Isoprene Butadiene Market Share in 2026, by Application, in Volume
41.                Table Styrene Isoprene Butadiene Production 2016-2020, by Region, in USD Million
42.                Table Styrene Isoprene Butadiene Production 2016-2020, by Region, in Volume
43.                Table Global Styrene Isoprene Butadiene Market 2016-2020, by Region, in USD Million
44.                Table Global Styrene Isoprene Butadiene Market Share 2016-2020, by Region, in USD Million
45.                Table Global Styrene Isoprene Butadiene Market 2016-2020, by Region, in Volume
46.                Table Global Styrene Isoprene Butadiene Market Share 2016-2020, by Region, in Volume
47.                Table North America Styrene Isoprene Butadiene Market Size 2016-2020, by Country, in USD Million
48.                Table North America Styrene Isoprene Butadiene Market Size 2016-2020, by Country, in Volume
49.                Table Europe Styrene Isoprene Butadiene Market Size 2016-2020, by Country, in USD Million
50.                Table Europe Styrene Isoprene Butadiene Market Size 2016-2020, by Country, in Volume
51.                Table Asia-Pacific Styrene Isoprene Butadiene Market Size 2016-2020, by Country, in USD Million
52.                Table Asia-Pacific Styrene Isoprene Butadiene Market Size 2016-2020, by Country, in Volume
53.                Table South America Styrene Isoprene Butadiene Market Size 2016-2020, by Country, in USD Million
54.                Table South America Styrene Isoprene Butadiene Market Size 2016-2020, by Country, in Volume
55.                Table Middle East & Africa Styrene Isoprene Butadiene Market Size 2016-2020, by Country, in USD Million
56.                Table Middle East & Africa Styrene Isoprene Butadiene Market Size 2016-2020, by Country, in Volume
57.                Table Styrene Isoprene Butadiene Market Forecast 2021-2026, by Region, in USD Million
58.                Table Styrene Isoprene Butadiene Market Forecast 2021-2026, by Region, in Volume
59.                Table Price Factors List","List of Figure
1.                Figure Styrene Isoprene Butadiene Industry Chain Structure
2.                Figure Global Styrene Isoprene Butadiene Market Growth 2016-2020, by Type, in USD Million
3.                Figure Global Styrene Isoprene Butadiene Market Growth 2016-2020, by Type, in Volume
4.                Figure Global Styrene Isoprene Butadiene Sales Revenue Share in 2020, by Company, in USD Million
5.                Figure Global Styrene Isoprene Butadiene Sales Volume Share in 2020, by Company, in Volume
6.                Figure North America Styrene Isoprene Butadiene Market Concentration, in 2020
7.                Figure Europe Styrene Isoprene Butadiene Market Market Concentration, in 2020
8.                Figure Asia-Pacific Styrene Isoprene Butadiene MMarket Concentration, in 2020
9.                Figure South America Styrene Isoprene Butadiene Market Concentration, in 2020
10.                Figure Middle East & Africa Styrene Isoprene Butadiene Market Concentration, in 2020
11.                Figure Styrene Isoprene Butadiene Demand in Building and Construction, 2016-2020, in USD Million
12.                Figure Styrene Isoprene Butadiene Demand in Building and Construction, 2016-2020, in Volume
13.                Figure Styrene Isoprene Butadiene Demand in Footwear and Leather, 2016-2020, in USD Million
14.                Figure Styrene Isoprene Butadiene Demand in Footwear and Leather, 2016-2020, in Volume
15.                Figure Styrene Isoprene Butadiene Demand in Packaging, 2016-2020, in USD Million
16.                Figure Styrene Isoprene Butadiene Demand in Packaging, 2016-2020, in Volume
17.                Figure Styrene Isoprene Butadiene Demand in Healthcare, 2016-2020, in USD Million
18.                Figure Styrene Isoprene Butadiene Demand in Healthcare, 2016-2020, in Volume
19.                Figure Styrene Isoprene Butadiene Demand in Others, 2016-2020, in USD Million
20.                Figure Styrene Isoprene Butadiene Demand in Others, 2016-2020, in Volume
21.                Figure Styrene Isoprene Butadiene Market Growth 2021-2026, by Application, in USD Million
22.                Figure Styrene Isoprene Butadiene Market Share in 2026, by Application, in USD Million
23.                Figure North America Styrene Isoprene Butadiene Market Size and Growth 2016-2020, in USD Million
24.                Figure North America Styrene Isoprene Butadiene Market Size and Growth 2016-2020, in Volume
25.                Figure Europe Styrene Isoprene Butadiene Market Size and Growth 2016-2020, in USD Million
26.                Figure Europe Styrene Isoprene Butadiene Market Size and Growth 2016-2020, in Volume
27.                Figure Asia-Pacific Styrene Isoprene Butadiene Market Size and Growth 2016-2020, in USD Million
28.                Figure Asia-Pacific Styrene Isoprene Butadiene Market Size and Growth 2016-2020, in Volume
29.                Figure South America Styrene Isoprene Butadiene Market Size and Growth 2016-2020, in USD Million
30.                Figure South America Styrene Isoprene Butadiene Market Size and Growth 2016-2020, in Volume
31.                Figure Middle East & Africa Styrene Isoprene Butadiene Market Size and Growth 2016-2020, in USD Million
32.                Figure Middle East & Africa Styrene Isoprene Butadiene Market Size and Growth 2016-2020, in Volume
33.                Figure Marketing Channels Overview","$2,980 ","$5,960 ","$5,960 ",99SGL298Che20210200024778
7-Apr-21,"Machinery & Equipment","Global Open Impeller Pump Market Analysis 2016-2020 and Forecast 2021-2026","Snapshot
The global Open Impeller Pump market size is estimated at xxx million USD with a CAGR xx% from 2016-2020 and is expected to reach xxx Million USD in 2021 with a CAGR xx% from 2021 to 2026. The report begins from overview of Industry Chain structure, and describes industry environment, then analyses market size and forecast of Open Impeller Pump by product, region and application, in addition, this report introduces market competition situation among the vendors and company profile, besides, market price analysis and value chain features are covered in this report.
Product Type Coverage (Market Size & Forecast, Major Company of Product Type etc.):
        Reciprocating Type
        Water Circulating Type
        Fluidic Type
Company Coverage (Company Profile, Sales Revenue, Price, Gross Margin, Main Products etc.):
        SPX FLOW
        ZUWA
        INOXPA
        The Weir Group
        Xylem
        Jinan yuquan
Application Coverage (Market Size & Forecast, Different Demand Market by Region, Main Consumer Profile etc.):
        Mechanical Industry
        Chemical Industry
        Metallurgical Industry
        Petroleum Industry
        Others
Region Coverage (Regional Production, Demand & Forecast by Countries etc.):
        North America (U.S., Canada, Mexico)
        Europe (Germany, U.K., France, Italy, Russia, Spain etc.)
        Asia-Pacific (China, India, Japan, Southeast Asia etc.)
        South America (Brazil, Argentina etc.)
        Middle East & Africa (Saudi Arabia, South Africa etc.)",89,"Table of Contents
1 Industry Overview
    1.1 Open Impeller Pump Industry
                Figure Open Impeller Pump Industry Chain Structure
        1.1.1 Overview
        1.1.2 Development of Open Impeller Pump
    1.2 Market Segment
        1.2.1 Upstream
                Table Upstream Segment of Open Impeller Pump
        1.2.2 Downstream
                Table Application Segment of Open Impeller Pump
                Table Global Open Impeller Pump Market 2016-2026, by Application, in USD Million
        1.2.3 COVID-19 Impact
    1.3 Cost Analysis
2 Industry Environment (PEST Analysis)
    2.1 Policy
    2.2 Economics
    2.3 Sociology
    2.4 Technology
3 Open Impeller Pump Market by Type
    3.1 By Type
        3.1.1 Reciprocating Type
                Table Major Company List of Reciprocating Type
        3.1.2 Water Circulating Type
                Table Major Company List of Water Circulating Type
        3.1.3 Fluidic Type
                Table Major Company List of Fluidic Type
    3.2 Market Size
                Table Global Open Impeller Pump Market 2016-2020, by Type, in USD Million
                Figure Global Open Impeller Pump Market Growth 2016-2020, by Type, in USD Million
                Table Global Open Impeller Pump Market 2016-2020, by Type, in Volume
                Figure Global Open Impeller Pump Market Growth 2016-2020, by Type, in Volume
    3.3 Market Forecast
                Table Global Open Impeller Pump Market Forecast 2021-2026, by Type, in USD Million
                Table Global Open Impeller Pump Market Forecast 2021-2026, by Type, in Volume
4 Major Companies List
    4.1 SPX FLOW (Company Profile, Sales Data etc.)
        4.1.1 SPX FLOW Profile
                Table SPX FLOW Overview List
        4.1.2 SPX FLOW Products & Services
        4.1.3 SPX FLOW Business Operation Conditions
                Table Business Operation of SPX FLOW (Sales Revenue, Sales Volume, Price, Cost, Gross Margin)
    4.2 ZUWA (Company Profile, Sales Data etc.)
        4.2.1 ZUWA Profile
                Table ZUWA Overview List
        4.2.2 ZUWA Products & Services
        4.2.3 ZUWA Business Operation Conditions
                Table Business Operation of ZUWA (Sales Revenue, Sales Volume, Price, Cost, Gross Margin)
    4.3 INOXPA (Company Profile, Sales Data etc.)
        4.3.1 INOXPA Profile
                Table INOXPA Overview List
        4.3.2 INOXPA Products & Services
        4.3.3 INOXPA Business Operation Conditions
                Table Business Operation of INOXPA (Sales Revenue, Sales Volume, Price, Cost, Gross Margin)
    4.4 The Weir Group (Company Profile, Sales Data etc.)
        4.4.1 The Weir Group Profile
                Table The Weir Group Overview List
        4.4.2 The Weir Group Products & Services
        4.4.3 The Weir Group Business Operation Conditions
                Table Business Operation of The Weir Group (Sales Revenue, Sales Volume, Price, Cost, Gross Margin)
    4.5 Xylem (Company Profile, Sales Data etc.)
        4.5.1 Xylem Profile
                Table Xylem Overview List
        4.5.2 Xylem Products & Services
        4.5.3 Xylem Business Operation Conditions
                Table Business Operation of Xylem (Sales Revenue, Sales Volume, Price, Cost, Gross Margin)
    4.6 Jinan yuquan (Company Profile, Sales Data etc.)
        4.6.1 Jinan yuquan Profile
                Table Jinan yuquan Overview List
        4.6.2 Jinan yuquan Products & Services
        4.6.3 Jinan yuquan Business Operation Conditions
                Table Business Operation of Jinan yuquan (Sales Revenue, Sales Volume, Price, Cost, Gross Margin)
5 Market Competition
    5.1 Company Competition
                Table Global Open Impeller Pump Sales Revenue 2016-2020, by Company, in USD Million
                Table Global Open Impeller Pump Sales Revenue Share 2016-2020, by Company, in USD Million
                Figure Global Open Impeller Pump Sales Revenue Share in 2020, by Company, in USD Million
                Table Global Open Impeller Pump Sales Volume 2016-2020, by Company, in Volume
                Table Global Open Impeller Pump Sales Volume Share 2016-2020, by Company, in Volume
                Figure Global Open Impeller Pump Sales Volume Share in 2020, by Company, in Volume
    5.2 Regional Market by Company
                Figure North America Open Impeller Pump Market Concentration, in 2020
                Figure Europe Open Impeller Pump Market Market Concentration, in 2020
                Figure Asia-Pacific Open Impeller Pump MMarket Concentration, in 2020
                Figure South America Open Impeller Pump Market Concentration, in 2020
                Figure Middle East & Africa Open Impeller Pump Market Concentration, in 2020
6 Demand by End Market
    6.1 Demand Situation
        6.1.1 Demand in Mechanical Industry
                Figure Open Impeller Pump Demand in Mechanical Industry, 2016-2020, in USD Million
                Figure Open Impeller Pump Demand in Mechanical Industry, 2016-2020, in Volume
        6.1.2 Demand in Chemical Industry
                Figure Open Impeller Pump Demand in Chemical Industry, 2016-2020, in USD Million
                Figure Open Impeller Pump Demand in Chemical Industry, 2016-2020, in Volume
        6.1.3 Demand in Metallurgical Industry
                Figure Open Impeller Pump Demand in Metallurgical Industry, 2016-2020, in USD Million
                Figure Open Impeller Pump Demand in Metallurgical Industry, 2016-2020, in Volume
        6.1.4 Demand in Petroleum Industry
                Figure Open Impeller Pump Demand in Petroleum Industry, 2016-2020, in USD Million
                Figure Open Impeller Pump Demand in Petroleum Industry, 2016-2020, in Volume
        6.1.5 Demand in Others
                Figure Open Impeller Pump Demand in Others, 2016-2020, in USD Million
                Figure Open Impeller Pump Demand in Others, 2016-2020, in Volume
    6.2 Regional Demand Comparison
                Table Regional Demand Comparison List
                Table Major Application in Different Regions
    6.3 Demand Forecast
                Table Open Impeller Pump Demand Forecast 2021-2026, by Application, in USD Million
                Figure Open Impeller Pump Market Growth 2021-2026, by Application, in USD Million
                Figure Open Impeller Pump Market Share in 2026, by Application, in USD Million
                Table Open Impeller Pump Demand Forecast 2021-2026, by Application, in Volume
                Table Open Impeller Pump Market Growth 2021-2026, by Application, in Volume
                Table Open Impeller Pump Market Share in 2026, by Application, in Volume
    6.4 Impact of the COVID-19 on the Demand
7 Region Operation
    7.1 Regional Production
                Table Open Impeller Pump Production 2016-2020, by Region, in USD Million
                Table Open Impeller Pump Production 2016-2020, by Region, in Volume
    7.2 Regional Market
                Table Global Open Impeller Pump Market 2016-2020, by Region, in USD Million
                Table Global Open Impeller Pump Market Share 2016-2020, by Region, in USD Million
                Table Global Open Impeller Pump Market 2016-2020, by Region, in Volume
                Table Global Open Impeller Pump Market Share 2016-2020, by Region, in Volume
    7.3 by Region
        7.3.1 North America
            7.3.1.1 Overview
                Figure North America Open Impeller Pump Market Size and Growth 2016-2020, in USD Million
                Figure North America Open Impeller Pump Market Size and Growth 2016-2020, in Volume
            7.3.1.2 by Country (U.S., Canada, Mexico)
                Table North America Open Impeller Pump Market Size 2016-2020, by Country, in USD Million
                Table North America Open Impeller Pump Market Size 2016-2020, by Country, in Volume
        7.3.2 Europe
            7.3.2.1 Overview
                Figure Europe Open Impeller Pump Market Size and Growth 2016-2020, in USD Million
                Figure Europe Open Impeller Pump Market Size and Growth 2016-2020, in Volume
            7.3.2.2 by Country (Germany, U.K., France, Italy, Russia, Spain etc.)
                Table Europe Open Impeller Pump Market Size 2016-2020, by Country, in USD Million
                Table Europe Open Impeller Pump Market Size 2016-2020, by Country, in Volume
        7.3.3 Asia-Pacific
            7.3.3.1 Overview
                Figure Asia-Pacific Open Impeller Pump Market Size and Growth 2016-2020, in USD Million
                Figure Asia-Pacific Open Impeller Pump Market Size and Growth 2016-2020, in Volume
            7.3.3.2 by Country (China, India, Japan, Southeast Asia etc.)
                Table Asia-Pacific Open Impeller Pump Market Size 2016-2020, by Country, in USD Million
                Table Asia-Pacific Open Impeller Pump Market Size 2016-2020, by Country, in Volume
        7.3.4 South America
            7.3.4.1 Overview
                Figure South America Open Impeller Pump Market Size and Growth 2016-2020, in USD Million
                Figure South America Open Impeller Pump Market Size and Growth 2016-2020, in Volume
            7.3.4.2 by Country (Brazil, Argentina etc.)
                Table South America Open Impeller Pump Market Size 2016-2020, by Country, in USD Million
                Table South America Open Impeller Pump Market Size 2016-2020, by Country, in Volume
        7.3.5 Middle East & Africa
            7.3.5.1 Overview
                Figure Middle East & Africa Open Impeller Pump Market Size and Growth 2016-2020, in USD Million
                Figure Middle East & Africa Open Impeller Pump Market Size and Growth 2016-2020, in Volume
            7.3.5.2 by Country (Saudi Arabia, South Africa etc.)
                Table Middle East & Africa Open Impeller Pump Market Size 2016-2020, by Country, in USD Million
                Table Middle East & Africa Open Impeller Pump Market Size 2016-2020, by Country, in Volume
    7.4 Regional Import & Export
    7.5 Regional Forecast
                Table Open Impeller Pump Market Forecast 2021-2026, by Region, in USD Million
                Table Open Impeller Pump Market Forecast 2021-2026, by Region, in Volume
8 Marketing & Price
    8.1 Price and Margin
        8.1.1 Price Trends
        8.1.2 Factors of Price Change
                Table Price Factors List
        8.1.3 Manufacturers Gross Margin Analysis
    8.2 Marketing Channel
                Figure Marketing Channels Overview
9 Research Conclusion","List of Table
1.                Table Upstream Segment of Open Impeller Pump
2.                Table Application Segment of Open Impeller Pump
3.                Table Global Open Impeller Pump Market 2016-2026, by Application, in USD Million
4.                Table Major Company List of Water Circulating Type
5.                Table Major Company List of Fluidic Type
6.                Table Global Open Impeller Pump Market 2016-2020, by Type, in USD Million
7.                Table Global Open Impeller Pump Market 2016-2020, by Type, in Volume
8.                Table Global Open Impeller Pump Market Forecast 2021-2026, by Type, in USD Million
9.                Table Global Open Impeller Pump Market Forecast 2021-2026, by Type, in Volume
10.                Table SPX FLOW Overview List
11.                Table Business Operation of SPX FLOW (Sales Revenue, Sales Volume, Price, Cost, Gross Margin)
12.                Table ZUWA Overview List
13.                Table Business Operation of ZUWA (Sales Revenue, Sales Volume, Price, Cost, Gross Margin)
14.                Table INOXPA Overview List
15.                Table Business Operation of INOXPA (Sales Revenue, Sales Volume, Price, Cost, Gross Margin)
16.                Table The Weir Group Overview List
17.                Table Business Operation of The Weir Group (Sales Revenue, Sales Volume, Price, Cost, Gross Margin)
18.                Table Xylem Overview List
19.                Table Business Operation of Xylem (Sales Revenue, Sales Volume, Price, Cost, Gross Margin)
20.                Table Jinan yuquan Overview List
21.                Table Business Operation of Jinan yuquan (Sales Revenue, Sales Volume, Price, Cost, Gross Margin)
22.                Table Global Open Impeller Pump Sales Revenue 2016-2020, by Company, in USD Million
23.                Table Global Open Impeller Pump Sales Revenue Share 2016-2020, by Company, in USD Million
24.                Table Global Open Impeller Pump Sales Volume 2016-2020, by Company, in Volume
25.                Table Global Open Impeller Pump Sales Volume Share 2016-2020, by Company, in Volume
26.                Table Regional Demand Comparison List
27.                Table Major Application in Different Regions
28.                Table Open Impeller Pump Demand Forecast 2021-2026, by Application, in USD Million
29.                Table Open Impeller Pump Demand Forecast 2021-2026, by Application, in Volume
30.                Table Open Impeller Pump Market Growth 2021-2026, by Application, in Volume
31.                Table Open Impeller Pump Market Share in 2026, by Application, in Volume
32.                Table Open Impeller Pump Production 2016-2020, by Region, in USD Million
33.                Table Open Impeller Pump Production 2016-2020, by Region, in Volume
34.                Table Global Open Impeller Pump Market 2016-2020, by Region, in USD Million
35.                Table Global Open Impeller Pump Market Share 2016-2020, by Region, in USD Million
36.                Table Global Open Impeller Pump Market 2016-2020, by Region, in Volume
37.                Table Global Open Impeller Pump Market Share 2016-2020, by Region, in Volume
38.                Table North America Open Impeller Pump Market Size 2016-2020, by Country, in USD Million
39.                Table North America Open Impeller Pump Market Size 2016-2020, by Country, in Volume
40.                Table Europe Open Impeller Pump Market Size 2016-2020, by Country, in USD Million
41.                Table Europe Open Impeller Pump Market Size 2016-2020, by Country, in Volume
42.                Table Asia-Pacific Open Impeller Pump Market Size 2016-2020, by Country, in USD Million
43.                Table Asia-Pacific Open Impeller Pump Market Size 2016-2020, by Country, in Volume
44.                Table South America Open Impeller Pump Market Size 2016-2020, by Country, in USD Million
45.                Table South America Open Impeller Pump Market Size 2016-2020, by Country, in Volume
46.                Table Middle East & Africa Open Impeller Pump Market Size 2016-2020, by Country, in USD Million
47.                Table Middle East & Africa Open Impeller Pump Market Size 2016-2020, by Country, in Volume
48.                Table Open Impeller Pump Market Forecast 2021-2026, by Region, in USD Million
49.                Table Open Impeller Pump Market Forecast 2021-2026, by Region, in Volume
50.                Table Price Factors List","List of Figure
1.                Figure Open Impeller Pump Industry Chain Structure
2.                Figure Global Open Impeller Pump Market Growth 2016-2020, by Type, in USD Million
3.                Figure Global Open Impeller Pump Market Growth 2016-2020, by Type, in Volume
4.                Figure Global Open Impeller Pump Sales Revenue Share in 2020, by Company, in USD Million
5.                Figure Global Open Impeller Pump Sales Volume Share in 2020, by Company, in Volume
6.                Figure North America Open Impeller Pump Market Concentration, in 2020
7.                Figure Europe Open Impeller Pump Market Market Concentration, in 2020
8.                Figure Asia-Pacific Open Impeller Pump MMarket Concentration, in 2020
9.                Figure South America Open Impeller Pump Market Concentration, in 2020
10.                Figure Middle East & Africa Open Impeller Pump Market Concentration, in 2020
11.                Figure Open Impeller Pump Demand in Mechanical Industry, 2016-2020, in USD Million
12.                Figure Open Impeller Pump Demand in Mechanical Industry, 2016-2020, in Volume
13.                Figure Open Impeller Pump Demand in Chemical Industry, 2016-2020, in USD Million
14.                Figure Open Impeller Pump Demand in Chemical Industry, 2016-2020, in Volume
15.                Figure Open Impeller Pump Demand in Metallurgical Industry, 2016-2020, in USD Million
16.                Figure Open Impeller Pump Demand in Metallurgical Industry, 2016-2020, in Volume
17.                Figure Open Impeller Pump Demand in Petroleum Industry, 2016-2020, in USD Million
18.                Figure Open Impeller Pump Demand in Petroleum Industry, 2016-2020, in Volume
19.                Figure Open Impeller Pump Demand in Others, 2016-2020, in USD Million
20.                Figure Open Impeller Pump Demand in Others, 2016-2020, in Volume
21.                Figure Open Impeller Pump Market Growth 2021-2026, by Application, in USD Million
22.                Figure Open Impeller Pump Market Share in 2026, by Application, in USD Million
23.                Figure North America Open Impeller Pump Market Size and Growth 2016-2020, in USD Million
24.                Figure North America Open Impeller Pump Market Size and Growth 2016-2020, in Volume
25.                Figure Europe Open Impeller Pump Market Size and Growth 2016-2020, in USD Million
26.                Figure Europe Open Impeller Pump Market Size and Growth 2016-2020, in Volume
27.                Figure Asia-Pacific Open Impeller Pump Market Size and Growth 2016-2020, in USD Million
28.                Figure Asia-Pacific Open Impeller Pump Market Size and Growth 2016-2020, in Volume
29.                Figure South America Open Impeller Pump Market Size and Growth 2016-2020, in USD Million
30.                Figure South America Open Impeller Pump Market Size and Growth 2016-2020, in Volume
31.                Figure Middle East & Africa Open Impeller Pump Market Size and Growth 2016-2020, in USD Million
32.                Figure Middle East & Africa Open Impeller Pump Market Size and Growth 2016-2020, in Volume
33.                Figure Marketing Channels Overview","$2,980 ","$5,960 ","$5,960 ",99SGL298Mac20210200024779
7-Apr-21,"Machinery & Equipment","Global VOC Detection Equipment Market Analysis 2016-2020 and Forecast 2021-2026","Snapshot
The global VOC Detection Equipment market size is estimated at xxx million USD with a CAGR xx% from 2016-2020 and is expected to reach xxx Million USD in 2021 with a CAGR xx% from 2021 to 2026. The report begins from overview of Industry Chain structure, and describes industry environment, then analyses market size and forecast of VOC Detection Equipment by product, region and application, in addition, this report introduces market competition situation among the vendors and company profile, besides, market price analysis and value chain features are covered in this report.
Product Type Coverage (Market Size & Forecast, Major Company of Product Type etc.):
        PID
        Metal-oxide Semiconductor
Company Coverage (Company Profile, Sales Revenue, Price, Gross Margin, Main Products etc.):
        REA Systems
        Ion Science
        Thermo Fisher
        Skyeaglee
        Omega
        E Instruments
Application Coverage (Market Size & Forecast, Different Demand Market by Region, Main Consumer Profile etc.):
        Environmental Site Surveying
        Industrial Hygiene
        HazMat/Homeland Security
Region Coverage (Regional Production, Demand & Forecast by Countries etc.):
        North America (U.S., Canada, Mexico)
        Europe (Germany, U.K., France, Italy, Russia, Spain etc.)
        Asia-Pacific (China, India, Japan, Southeast Asia etc.)
        South America (Brazil, Argentina etc.)
        Middle East & Africa (Saudi Arabia, South Africa etc.)",102,"Table of Contents
1 Industry Overview
    1.1 VOC Detection Equipment Industry
                Figure VOC Detection Equipment Industry Chain Structure
        1.1.1 Overview
        1.1.2 Development of VOC Detection Equipment
    1.2 Market Segment
        1.2.1 Upstream
                Table Upstream Segment of VOC Detection Equipment
        1.2.2 Downstream
                Table Application Segment of VOC Detection Equipment
                Table Global VOC Detection Equipment Market 2016-2026, by Application, in USD Million
        1.2.3 COVID-19 Impact
    1.3 Cost Analysis
2 Industry Environment (PEST Analysis)
    2.1 Policy
    2.2 Economics
    2.3 Sociology
    2.4 Technology
3 VOC Detection Equipment Market by Type
    3.1 By Type
        3.1.1 PID
                Table Major Company List of PID
        3.1.2 Metal-oxide Semiconductor
                Table Major Company List of Metal-oxide Semiconductor
    3.2 Market Size
                Table Global VOC Detection Equipment Market 2016-2020, by Type, in USD Million
                Figure Global VOC Detection Equipment Market Growth 2016-2020, by Type, in USD Million
                Table Global VOC Detection Equipment Market 2016-2020, by Type, in Volume
                Figure Global VOC Detection Equipment Market Growth 2016-2020, by Type, in Volume
    3.3 Market Forecast
                Table Global VOC Detection Equipment Market Forecast 2021-2026, by Type, in USD Million
                Table Global VOC Detection Equipment Market Forecast 2021-2026, by Type, in Volume
4 Major Companies List
    4.1 REA Systems (Company Profile, Sales Data etc.)
        4.1.1 REA Systems Profile
                Table REA Systems Overview List
        4.1.2 REA Systems Products & Services
        4.1.3 REA Systems Business Operation Conditions
                Table Business Operation of REA Systems (Sales Revenue, Sales Volume, Price, Cost, Gross Margin)
    4.2 Ion Science (Company Profile, Sales Data etc.)
        4.2.1 Ion Science Profile
                Table Ion Science Overview List
        4.2.2 Ion Science Products & Services
        4.2.3 Ion Science Business Operation Conditions
                Table Business Operation of Ion Science (Sales Revenue, Sales Volume, Price, Cost, Gross Margin)
    4.3 Thermo Fisher (Company Profile, Sales Data etc.)
        4.3.1 Thermo Fisher Profile
                Table Thermo Fisher Overview List
        4.3.2 Thermo Fisher Products & Services
        4.3.3 Thermo Fisher Business Operation Conditions
                Table Business Operation of Thermo Fisher (Sales Revenue, Sales Volume, Price, Cost, Gross Margin)
    4.4 Skyeaglee (Company Profile, Sales Data etc.)
        4.4.1 Skyeaglee Profile
                Table Skyeaglee Overview List
        4.4.2 Skyeaglee Products & Services
        4.4.3 Skyeaglee Business Operation Conditions
                Table Business Operation of Skyeaglee (Sales Revenue, Sales Volume, Price, Cost, Gross Margin)
    4.5 Omega (Company Profile, Sales Data etc.)
        4.5.1 Omega Profile
                Table Omega Overview List
        4.5.2 Omega Products & Services
        4.5.3 Omega Business Operation Conditions
                Table Business Operation of Omega (Sales Revenue, Sales Volume, Price, Cost, Gross Margin)
    4.6 E Instruments (Company Profile, Sales Data etc.)
        4.6.1 E Instruments Profile
                Table E Instruments Overview List
        4.6.2 E Instruments Products & Services
        4.6.3 E Instruments Business Operation Conditions
                Table Business Operation of E Instruments (Sales Revenue, Sales Volume, Price, Cost, Gross Margin)
5 Market Competition
    5.1 Company Competition
                Table Global VOC Detection Equipment Sales Revenue 2016-2020, by Company, in USD Million
                Table Global VOC Detection Equipment Sales Revenue Share 2016-2020, by Company, in USD Million
                Figure Global VOC Detection Equipment Sales Revenue Share in 2020, by Company, in USD Million
                Table Global VOC Detection Equipment Sales Volume 2016-2020, by Company, in Volume
                Table Global VOC Detection Equipment Sales Volume Share 2016-2020, by Company, in Volume
                Figure Global VOC Detection Equipment Sales Volume Share in 2020, by Company, in Volume
    5.2 Regional Market by Company
                Figure North America VOC Detection Equipment Market Concentration, in 2020
                Figure Europe VOC Detection Equipment Market Market Concentration, in 2020
                Figure Asia-Pacific VOC Detection Equipment MMarket Concentration, in 2020
                Figure South America VOC Detection Equipment Market Concentration, in 2020
                Figure Middle East & Africa VOC Detection Equipment Market Concentration, in 2020
6 Demand by End Market
    6.1 Demand Situation
        6.1.1 Demand in Environmental Site Surveying
                Figure VOC Detection Equipment Demand in Environmental Site Surveying, 2016-2020, in USD Million
                Figure VOC Detection Equipment Demand in Environmental Site Surveying, 2016-2020, in Volume
        6.1.2 Demand in Industrial Hygiene
                Figure VOC Detection Equipment Demand in Industrial Hygiene, 2016-2020, in USD Million
                Figure VOC Detection Equipment Demand in Industrial Hygiene, 2016-2020, in Volume
        6.1.3 Demand in HazMat/Homeland Security
                Figure VOC Detection Equipment Demand in HazMat/Homeland Security, 2016-2020, in USD Million
                Figure VOC Detection Equipment Demand in HazMat/Homeland Security, 2016-2020, in Volume
    6.2 Regional Demand Comparison
                Table Regional Demand Comparison List
                Table Major Application in Different Regions
    6.3 Demand Forecast
                Table VOC Detection Equipment Demand Forecast 2021-2026, by Application, in USD Million
                Figure VOC Detection Equipment Market Growth 2021-2026, by Application, in USD Million
                Figure VOC Detection Equipment Market Share in 2026, by Application, in USD Million
                Table VOC Detection Equipment Demand Forecast 2021-2026, by Application, in Volume
                Table VOC Detection Equipment Market Growth 2021-2026, by Application, in Volume
                Table VOC Detection Equipment Market Share in 2026, by Application, in Volume
    6.4 Impact of the COVID-19 on the Demand
7 Region Operation
    7.1 Regional Production
                Table VOC Detection Equipment Production 2016-2020, by Region, in USD Million
                Table VOC Detection Equipment Production 2016-2020, by Region, in Volume
    7.2 Regional Market
                Table Global VOC Detection Equipment Market 2016-2020, by Region, in USD Million
                Table Global VOC Detection Equipment Market Share 2016-2020, by Region, in USD Million
                Table Global VOC Detection Equipment Market 2016-2020, by Region, in Volume
                Table Global VOC Detection Equipment Market Share 2016-2020, by Region, in Volume
    7.3 by Region
        7.3.1 North America
            7.3.1.1 Overview
                Figure North America VOC Detection Equipment Market Size and Growth 2016-2020, in USD Million
                Figure North America VOC Detection Equipment Market Size and Growth 2016-2020, in Volume
            7.3.1.2 by Country (U.S., Canada, Mexico)
                Table North America VOC Detection Equipment Market Size 2016-2020, by Country, in USD Million
                Table North America VOC Detection Equipment Market Size 2016-2020, by Country, in Volume
        7.3.2 Europe
            7.3.2.1 Overview
                Figure Europe VOC Detection Equipment Market Size and Growth 2016-2020, in USD Million
                Figure Europe VOC Detection Equipment Market Size and Growth 2016-2020, in Volume
            7.3.2.2 by Country (Germany, U.K., France, Italy, Russia, Spain etc.)
                Table Europe VOC Detection Equipment Market Size 2016-2020, by Country, in USD Million
                Table Europe VOC Detection Equipment Market Size 2016-2020, by Country, in Volume
        7.3.3 Asia-Pacific
            7.3.3.1 Overview
                Figure Asia-Pacific VOC Detection Equipment Market Size and Growth 2016-2020, in USD Million
                Figure Asia-Pacific VOC Detection Equipment Market Size and Growth 2016-2020, in Volume
            7.3.3.2 by Country (China, India, Japan, Southeast Asia etc.)
                Table Asia-Pacific VOC Detection Equipment Market Size 2016-2020, by Country, in USD Million
                Table Asia-Pacific VOC Detection Equipment Market Size 2016-2020, by Country, in Volume
        7.3.4 South America
            7.3.4.1 Overview
                Figure South America VOC Detection Equipment Market Size and Growth 2016-2020, in USD Million
                Figure South America VOC Detection Equipment Market Size and Growth 2016-2020, in Volume
            7.3.4.2 by Country (Brazil, Argentina etc.)
                Table South America VOC Detection Equipment Market Size 2016-2020, by Country, in USD Million
                Table South America VOC Detection Equipment Market Size 2016-2020, by Country, in Volume
        7.3.5 Middle East & Africa
            7.3.5.1 Overview
                Figure Middle East & Africa VOC Detection Equipment Market Size and Growth 2016-2020, in USD Million
                Figure Middle East & Africa VOC Detection Equipment Market Size and Growth 2016-2020, in Volume
            7.3.5.2 by Country (Saudi Arabia, South Africa etc.)
                Table Middle East & Africa VOC Detection Equipment Market Size 2016-2020, by Country, in USD Million
                Table Middle East & Africa VOC Detection Equipment Market Size 2016-2020, by Country, in Volume
    7.4 Regional Import & Export
    7.5 Regional Forecast
                Table VOC Detection Equipment Market Forecast 2021-2026, by Region, in USD Million
                Table VOC Detection Equipment Market Forecast 2021-2026, by Region, in Volume
8 Marketing & Price
    8.1 Price and Margin
        8.1.1 Price Trends
        8.1.2 Factors of Price Change
                Table Price Factors List
        8.1.3 Manufacturers Gross Margin Analysis
    8.2 Marketing Channel
                Figure Marketing Channels Overview
9 Research Conclusion","List of Table
1.                Table Upstream Segment of VOC Detection Equipment
2.                Table Application Segment of VOC Detection Equipment
3.                Table Global VOC Detection Equipment Market 2016-2026, by Application, in USD Million
4.                Table Major Company List of Metal-oxide Semiconductor
5.                Table Global VOC Detection Equipment Market 2016-2020, by Type, in USD Million
6.                Table Global VOC Detection Equipment Market 2016-2020, by Type, in Volume
7.                Table Global VOC Detection Equipment Market Forecast 2021-2026, by Type, in USD Million
8.                Table Global VOC Detection Equipment Market Forecast 2021-2026, by Type, in Volume
9.                Table REA Systems Overview List
10.                Table Business Operation of REA Systems (Sales Revenue, Sales Volume, Price, Cost, Gross Margin)
11.                Table Ion Science Overview List
12.                Table Business Operation of Ion Science (Sales Revenue, Sales Volume, Price, Cost, Gross Margin)
13.                Table Thermo Fisher Overview List
14.                Table Business Operation of Thermo Fisher (Sales Revenue, Sales Volume, Price, Cost, Gross Margin)
15.                Table Skyeaglee Overview List
16.                Table Business Operation of Skyeaglee (Sales Revenue, Sales Volume, Price, Cost, Gross Margin)
17.                Table Omega Overview List
18.                Table Business Operation of Omega (Sales Revenue, Sales Volume, Price, Cost, Gross Margin)
19.                Table E Instruments Overview List
20.                Table Business Operation of E Instruments (Sales Revenue, Sales Volume, Price, Cost, Gross Margin)
21.                Table Global VOC Detection Equipment Sales Revenue 2016-2020, by Company, in USD Million
22.                Table Global VOC Detection Equipment Sales Revenue Share 2016-2020, by Company, in USD Million
23.                Table Global VOC Detection Equipment Sales Volume 2016-2020, by Company, in Volume
24.                Table Global VOC Detection Equipment Sales Volume Share 2016-2020, by Company, in Volume
25.                Table Regional Demand Comparison List
26.                Table Major Application in Different Regions
27.                Table VOC Detection Equipment Demand Forecast 2021-2026, by Application, in USD Million
28.                Table VOC Detection Equipment Demand Forecast 2021-2026, by Application, in Volume
29.                Table VOC Detection Equipment Market Growth 2021-2026, by Application, in Volume
30.                Table VOC Detection Equipment Market Share in 2026, by Application, in Volume
31.                Table VOC Detection Equipment Production 2016-2020, by Region, in USD Million
32.                Table VOC Detection Equipment Production 2016-2020, by Region, in Volume
33.                Table Global VOC Detection Equipment Market 2016-2020, by Region, in USD Million
34.                Table Global VOC Detection Equipment Market Share 2016-2020, by Region, in USD Million
35.                Table Global VOC Detection Equipment Market 2016-2020, by Region, in Volume
36.                Table Global VOC Detection Equipment Market Share 2016-2020, by Region, in Volume
37.                Table North America VOC Detection Equipment Market Size 2016-2020, by Country, in USD Million
38.                Table North America VOC Detection Equipment Market Size 2016-2020, by Country, in Volume
39.                Table Europe VOC Detection Equipment Market Size 2016-2020, by Country, in USD Million
40.                Table Europe VOC Detection Equipment Market Size 2016-2020, by Country, in Volume
41.                Table Asia-Pacific VOC Detection Equipment Market Size 2016-2020, by Country, in USD Million
42.                Table Asia-Pacific VOC Detection Equipment Market Size 2016-2020, by Country, in Volume
43.                Table South America VOC Detection Equipment Market Size 2016-2020, by Country, in USD Million
44.                Table South America VOC Detection Equipment Market Size 2016-2020, by Country, in Volume
45.                Table Middle East & Africa VOC Detection Equipment Market Size 2016-2020, by Country, in USD Million
46.                Table Middle East & Africa VOC Detection Equipment Market Size 2016-2020, by Country, in Volume
47.                Table VOC Detection Equipment Market Forecast 2021-2026, by Region, in USD Million
48.                Table VOC Detection Equipment Market Forecast 2021-2026, by Region, in Volume
49.                Table Price Factors List","List of Figure
1.                Figure VOC Detection Equipment Industry Chain Structure
2.                Figure Global VOC Detection Equipment Market Growth 2016-2020, by Type, in USD Million
3.                Figure Global VOC Detection Equipment Market Growth 2016-2020, by Type, in Volume
4.                Figure Global VOC Detection Equipment Sales Revenue Share in 2020, by Company, in USD Million
5.                Figure Global VOC Detection Equipment Sales Volume Share in 2020, by Company, in Volume
6.                Figure North America VOC Detection Equipment Market Concentration, in 2020
7.                Figure Europe VOC Detection Equipment Market Market Concentration, in 2020
8.                Figure Asia-Pacific VOC Detection Equipment MMarket Concentration, in 2020
9.                Figure South America VOC Detection Equipment Market Concentration, in 2020
10.                Figure Middle East & Africa VOC Detection Equipment Market Concentration, in 2020
11.                Figure VOC Detection Equipment Demand in Environmental Site Surveying, 2016-2020, in USD Million
12.                Figure VOC Detection Equipment Demand in Environmental Site Surveying, 2016-2020, in Volume
13.                Figure VOC Detection Equipment Demand in Industrial Hygiene, 2016-2020, in USD Million
14.                Figure VOC Detection Equipment Demand in Industrial Hygiene, 2016-2020, in Volume
15.                Figure VOC Detection Equipment Demand in HazMat/Homeland Security, 2016-2020, in USD Million
16.                Figure VOC Detection Equipment Demand in HazMat/Homeland Security, 2016-2020, in Volume
17.                Figure VOC Detection Equipment Market Growth 2021-2026, by Application, in USD Million
18.                Figure VOC Detection Equipment Market Share in 2026, by Application, in USD Million
19.                Figure North America VOC Detection Equipment Market Size and Growth 2016-2020, in USD Million
20.                Figure North America VOC Detection Equipment Market Size and Growth 2016-2020, in Volume
21.                Figure Europe VOC Detection Equipment Market Size and Growth 2016-2020, in USD Million
22.                Figure Europe VOC Detection Equipment Market Size and Growth 2016-2020, in Volume
23.                Figure Asia-Pacific VOC Detection Equipment Market Size and Growth 2016-2020, in USD Million
24.                Figure Asia-Pacific VOC Detection Equipment Market Size and Growth 2016-2020, in Volume
25.                Figure South America VOC Detection Equipment Market Size and Growth 2016-2020, in USD Million
26.                Figure South America VOC Detection Equipment Market Size and Growth 2016-2020, in Volume
27.                Figure Middle East & Africa VOC Detection Equipment Market Size and Growth 2016-2020, in USD Million
28.                Figure Middle East & Africa VOC Detection Equipment Market Size and Growth 2016-2020, in Volume
29.                Figure Marketing Channels Overview","$2,980 ","$5,960 ","$5,960 ",99SGL298Mac20210200024780
7-Apr-21,"Machinery & Equipment","Global Commercial Soup Warmer Market Analysis 2016-2020 and Forecast 2021-2026","Snapshot
The global Commercial Soup Warmer market size is estimated at xxx million USD with a CAGR xx% from 2016-2020 and is expected to reach xxx Million USD in 2021 with a CAGR xx% from 2021 to 2026. The report begins from overview of Industry Chain structure, and describes industry environment, then analyses market size and forecast of Commercial Soup Warmer by product, region and application, in addition, this report introduces market competition situation among the vendors and company profile, besides, market price analysis and value chain features are covered in this report.
Product Type Coverage (Market Size & Forecast, Major Company of Product Type etc.):
        Countertop Soup Warmer
        Drop-in Soup Warmer
Company Coverage (Company Profile, Sales Revenue, Price, Gross Margin, Main Products etc.):
        Star Manufacturing International
        The Vollrath Company
        Admiral Craft Equipment
        APW Wyott
        Atosa Catering Equipment
        Avantco Equipment
        CookTek
        Globe Food Equipment
        Nemco Food Equipment
        Sunnex Products
Application Coverage (Market Size & Forecast, Different Demand Market by Region, Main Consumer Profile etc.):
        Restaurants
        Hotels
        Others
Region Coverage (Regional Production, Demand & Forecast by Countries etc.):
        North America (U.S., Canada, Mexico)
        Europe (Germany, U.K., France, Italy, Russia, Spain etc.)
        Asia-Pacific (China, India, Japan, Southeast Asia etc.)
        South America (Brazil, Argentina etc.)
        Middle East & Africa (Saudi Arabia, South Africa etc.)",84,"Table of Contents
1 Industry Overview
    1.1 Commercial Soup Warmer Industry
                Figure Commercial Soup Warmer Industry Chain Structure
        1.1.1 Overview
        1.1.2 Development of Commercial Soup Warmer
    1.2 Market Segment
        1.2.1 Upstream
                Table Upstream Segment of Commercial Soup Warmer
        1.2.2 Downstream
                Table Application Segment of Commercial Soup Warmer
                Table Global Commercial Soup Warmer Market 2016-2026, by Application, in USD Million
        1.2.3 COVID-19 Impact
    1.3 Cost Analysis
2 Industry Environment (PEST Analysis)
    2.1 Policy
    2.2 Economics
    2.3 Sociology
    2.4 Technology
3 Commercial Soup Warmer Market by Type
    3.1 By Type
        3.1.1 Countertop Soup Warmer
                Table Major Company List of Countertop Soup Warmer
        3.1.2 Drop-in Soup Warmer
                Table Major Company List of Drop-in Soup Warmer
    3.2 Market Size
                Table Global Commercial Soup Warmer Market 2016-2020, by Type, in USD Million
                Figure Global Commercial Soup Warmer Market Growth 2016-2020, by Type, in USD Million
                Table Global Commercial Soup Warmer Market 2016-2020, by Type, in Volume
                Figure Global Commercial Soup Warmer Market Growth 2016-2020, by Type, in Volume
    3.3 Market Forecast
                Table Global Commercial Soup Warmer Market Forecast 2021-2026, by Type, in USD Million
                Table Global Commercial Soup Warmer Market Forecast 2021-2026, by Type, in Volume
4 Major Companies List
    4.1 Star Manufacturing International (Company Profile, Sales Data etc.)
        4.1.1 Star Manufacturing International Profile
                Table Star Manufacturing International Overview List
        4.1.2 Star Manufacturing International Products & Services
        4.1.3 Star Manufacturing International Business Operation Conditions
                Table Business Operation of Star Manufacturing International (Sales Revenue, Sales Volume, Price, Cost, Gross Margin)
    4.2 The Vollrath Company (Company Profile, Sales Data etc.)
        4.2.1 The Vollrath Company Profile
                Table The Vollrath Company Overview List
        4.2.2 The Vollrath Company Products & Services
        4.2.3 The Vollrath Company Business Operation Conditions
                Table Business Operation of The Vollrath Company (Sales Revenue, Sales Volume, Price, Cost, Gross Margin)
    4.3 Admiral Craft Equipment (Company Profile, Sales Data etc.)
        4.3.1 Admiral Craft Equipment Profile
                Table Admiral Craft Equipment Overview List
        4.3.2 Admiral Craft Equipment Products & Services
        4.3.3 Admiral Craft Equipment Business Operation Conditions
                Table Business Operation of Admiral Craft Equipment (Sales Revenue, Sales Volume, Price, Cost, Gross Margin)
    4.4 APW Wyott (Company Profile, Sales Data etc.)
        4.4.1 APW Wyott Profile
                Table APW Wyott Overview List
        4.4.2 APW Wyott Products & Services
        4.4.3 APW Wyott Business Operation Conditions
                Table Business Operation of APW Wyott (Sales Revenue, Sales Volume, Price, Cost, Gross Margin)
    4.5 Atosa Catering Equipment (Company Profile, Sales Data etc.)
        4.5.1 Atosa Catering Equipment Profile
                Table Atosa Catering Equipment Overview List
        4.5.2 Atosa Catering Equipment Products & Services
        4.5.3 Atosa Catering Equipment Business Operation Conditions
                Table Business Operation of Atosa Catering Equipment (Sales Revenue, Sales Volume, Price, Cost, Gross Margin)
    4.6 Avantco Equipment (Company Profile, Sales Data etc.)
        4.6.1 Avantco Equipment Profile
                Table Avantco Equipment Overview List
        4.6.2 Avantco Equipment Products & Services
        4.6.3 Avantco Equipment Business Operation Conditions
                Table Business Operation of Avantco Equipment (Sales Revenue, Sales Volume, Price, Cost, Gross Margin)
    4.7 CookTek (Company Profile, Sales Data etc.)
        4.7.1 CookTek Profile
                Table CookTek Overview List
        4.7.2 CookTek Products & Services
        4.7.3 CookTek Business Operation Conditions
                Table Business Operation of CookTek (Sales Revenue, Sales Volume, Price, Cost, Gross Margin)
    4.8 Globe Food Equipment (Company Profile, Sales Data etc.)
        4.8.1 Globe Food Equipment Profile
                Table Globe Food Equipment Overview List
        4.8.2 Globe Food Equipment Products & Services
        4.8.3 Globe Food Equipment Business Operation Conditions
                Table Business Operation of Globe Food Equipment (Sales Revenue, Sales Volume, Price, Cost, Gross Margin)
    4.9 Nemco Food Equipment (Company Profile, Sales Data etc.)
        4.9.1 Nemco Food Equipment Profile
                Table Nemco Food Equipment Overview List
        4.9.2 Nemco Food Equipment Products & Services
        4.9.3 Nemco Food Equipment Business Operation Conditions
                Table Business Operation of Nemco Food Equipment (Sales Revenue, Sales Volume, Price, Cost, Gross Margin)
    4.10 Sunnex Products (Company Profile, Sales Data etc.)
        4.10.1 Sunnex Products Profile
                Table Sunnex Products Overview List
        4.10.2 Sunnex Products Products & Services
        4.10.3 Sunnex Products Business Operation Conditions
                Table Business Operation of Sunnex Products (Sales Revenue, Sales Volume, Price, Cost, Gross Margin)
5 Market Competition
    5.1 Company Competition
                Table Global Commercial Soup Warmer Sales Revenue 2016-2020, by Company, in USD Million
                Table Global Commercial Soup Warmer Sales Revenue Share 2016-2020, by Company, in USD Million
                Figure Global Commercial Soup Warmer Sales Revenue Share in 2020, by Company, in USD Million
                Table Global Commercial Soup Warmer Sales Volume 2016-2020, by Company, in Volume
                Table Global Commercial Soup Warmer Sales Volume Share 2016-2020, by Company, in Volume
                Figure Global Commercial Soup Warmer Sales Volume Share in 2020, by Company, in Volume
    5.2 Regional Market by Company
                Figure North America Commercial Soup Warmer Market Concentration, in 2020
                Figure Europe Commercial Soup Warmer Market Market Concentration, in 2020
                Figure Asia-Pacific Commercial Soup Warmer MMarket Concentration, in 2020
                Figure South America Commercial Soup Warmer Market Concentration, in 2020
                Figure Middle East & Africa Commercial Soup Warmer Market Concentration, in 2020
6 Demand by End Market
    6.1 Demand Situation
        6.1.1 Demand in Restaurants
                Figure Commercial Soup Warmer Demand in Restaurants, 2016-2020, in USD Million
                Figure Commercial Soup Warmer Demand in Restaurants, 2016-2020, in Volume
        6.1.2 Demand in Hotels
                Figure Commercial Soup Warmer Demand in Hotels, 2016-2020, in USD Million
                Figure Commercial Soup Warmer Demand in Hotels, 2016-2020, in Volume
        6.1.3 Demand in Others
                Figure Commercial Soup Warmer Demand in Others, 2016-2020, in USD Million
                Figure Commercial Soup Warmer Demand in Others, 2016-2020, in Volume
    6.2 Regional Demand Comparison
                Table Regional Demand Comparison List
                Table Major Application in Different Regions
    6.3 Demand Forecast
                Table Commercial Soup Warmer Demand Forecast 2021-2026, by Application, in USD Million
                Figure Commercial Soup Warmer Market Growth 2021-2026, by Application, in USD Million
                Figure Commercial Soup Warmer Market Share in 2026, by Application, in USD Million
                Table Commercial Soup Warmer Demand Forecast 2021-2026, by Application, in Volume
                Table Commercial Soup Warmer Market Growth 2021-2026, by Application, in Volume
                Table Commercial Soup Warmer Market Share in 2026, by Application, in Volume
    6.4 Impact of the COVID-19 on the Demand
7 Region Operation
    7.1 Regional Production
                Table Commercial Soup Warmer Production 2016-2020, by Region, in USD Million
                Table Commercial Soup Warmer Production 2016-2020, by Region, in Volume
    7.2 Regional Market
                Table Global Commercial Soup Warmer Market 2016-2020, by Region, in USD Million
                Table Global Commercial Soup Warmer Market Share 2016-2020, by Region, in USD Million
                Table Global Commercial Soup Warmer Market 2016-2020, by Region, in Volume
                Table Global Commercial Soup Warmer Market Share 2016-2020, by Region, in Volume
    7.3 by Region
        7.3.1 North America
            7.3.1.1 Overview
                Figure North America Commercial Soup Warmer Market Size and Growth 2016-2020, in USD Million
                Figure North America Commercial Soup Warmer Market Size and Growth 2016-2020, in Volume
            7.3.1.2 by Country (U.S., Canada, Mexico)
                Table North America Commercial Soup Warmer Market Size 2016-2020, by Country, in USD Million
                Table North America Commercial Soup Warmer Market Size 2016-2020, by Country, in Volume
        7.3.2 Europe
            7.3.2.1 Overview
                Figure Europe Commercial Soup Warmer Market Size and Growth 2016-2020, in USD Million
                Figure Europe Commercial Soup Warmer Market Size and Growth 2016-2020, in Volume
            7.3.2.2 by Country (Germany, U.K., France, Italy, Russia, Spain etc.)
                Table Europe Commercial Soup Warmer Market Size 2016-2020, by Country, in USD Million
                Table Europe Commercial Soup Warmer Market Size 2016-2020, by Country, in Volume
        7.3.3 Asia-Pacific
            7.3.3.1 Overview
                Figure Asia-Pacific Commercial Soup Warmer Market Size and Growth 2016-2020, in USD Million
                Figure Asia-Pacific Commercial Soup Warmer Market Size and Growth 2016-2020, in Volume
            7.3.3.2 by Country (China, India, Japan, Southeast Asia etc.)
                Table Asia-Pacific Commercial Soup Warmer Market Size 2016-2020, by Country, in USD Million
                Table Asia-Pacific Commercial Soup Warmer Market Size 2016-2020, by Country, in Volume
        7.3.4 South America
            7.3.4.1 Overview
                Figure South America Commercial Soup Warmer Market Size and Growth 2016-2020, in USD Million
                Figure South America Commercial Soup Warmer Market Size and Growth 2016-2020, in Volume
            7.3.4.2 by Country (Brazil, Argentina etc.)
                Table South America Commercial Soup Warmer Market Size 2016-2020, by Country, in USD Million
                Table South America Commercial Soup Warmer Market Size 2016-2020, by Country, in Volume
        7.3.5 Middle East & Africa
            7.3.5.1 Overview
                Figure Middle East & Africa Commercial Soup Warmer Market Size and Growth 2016-2020, in USD Million
                Figure Middle East & Africa Commercial Soup Warmer Market Size and Growth 2016-2020, in Volume
            7.3.5.2 by Country (Saudi Arabia, South Africa etc.)
                Table Middle East & Africa Commercial Soup Warmer Market Size 2016-2020, by Country, in USD Million
                Table Middle East & Africa Commercial Soup Warmer Market Size 2016-2020, by Country, in Volume
    7.4 Regional Import & Export
    7.5 Regional Forecast
                Table Commercial Soup Warmer Market Forecast 2021-2026, by Region, in USD Million
                Table Commercial Soup Warmer Market Forecast 2021-2026, by Region, in Volume
8 Marketing & Price
    8.1 Price and Margin
        8.1.1 Price Trends
        8.1.2 Factors of Price Change
                Table Price Factors List
        8.1.3 Manufacturers Gross Margin Analysis
    8.2 Marketing Channel
                Figure Marketing Channels Overview
9 Research Conclusion","List of Table
1.                Table Upstream Segment of Commercial Soup Warmer
2.                Table Application Segment of Commercial Soup Warmer
3.                Table Global Commercial Soup Warmer Market 2016-2026, by Application, in USD Million
4.                Table Major Company List of Drop-in Soup Warmer
5.                Table Global Commercial Soup Warmer Market 2016-2020, by Type, in USD Million
6.                Table Global Commercial Soup Warmer Market 2016-2020, by Type, in Volume
7.                Table Global Commercial Soup Warmer Market Forecast 2021-2026, by Type, in USD Million
8.                Table Global Commercial Soup Warmer Market Forecast 2021-2026, by Type, in Volume
9.                Table Star Manufacturing International Overview List
10.                Table Business Operation of Star Manufacturing International (Sales Revenue, Sales Volume, Price, Cost, Gross Margin)
11.                Table The Vollrath Company Overview List
12.                Table Business Operation of The Vollrath Company (Sales Revenue, Sales Volume, Price, Cost, Gross Margin)
13.                Table Admiral Craft Equipment Overview List
14.                Table Business Operation of Admiral Craft Equipment (Sales Revenue, Sales Volume, Price, Cost, Gross Margin)
15.                Table APW Wyott Overview List
16.                Table Business Operation of APW Wyott (Sales Revenue, Sales Volume, Price, Cost, Gross Margin)
17.                Table Atosa Catering Equipment Overview List
18.                Table Business Operation of Atosa Catering Equipment (Sales Revenue, Sales Volume, Price, Cost, Gross Margin)
19.                Table Avantco Equipment Overview List
20.                Table Business Operation of Avantco Equipment (Sales Revenue, Sales Volume, Price, Cost, Gross Margin)
21.                Table CookTek Overview List
22.                Table Business Operation of CookTek (Sales Revenue, Sales Volume, Price, Cost, Gross Margin)
23.                Table Globe Food Equipment Overview List
24.                Table Business Operation of Globe Food Equipment (Sales Revenue, Sales Volume, Price, Cost, Gross Margin)
25.                Table Nemco Food Equipment Overview List
26.                Table Business Operation of Nemco Food Equipment (Sales Revenue, Sales Volume, Price, Cost, Gross Margin)
27.                Table Sunnex Products Overview List
28.                Table Business Operation of Sunnex Products (Sales Revenue, Sales Volume, Price, Cost, Gross Margin)
29.                Table Global Commercial Soup Warmer Sales Revenue 2016-2020, by Company, in USD Million
30.                Table Global Commercial Soup Warmer Sales Revenue Share 2016-2020, by Company, in USD Million
31.                Table Global Commercial Soup Warmer Sales Volume 2016-2020, by Company, in Volume
32.                Table Global Commercial Soup Warmer Sales Volume Share 2016-2020, by Company, in Volume
33.                Table Regional Demand Comparison List
34.                Table Major Application in Different Regions
35.                Table Commercial Soup Warmer Demand Forecast 2021-2026, by Application, in USD Million
36.                Table Commercial Soup Warmer Demand Forecast 2021-2026, by Application, in Volume
37.                Table Commercial Soup Warmer Market Growth 2021-2026, by Application, in Volume
38.                Table Commercial Soup Warmer Market Share in 2026, by Application, in Volume
39.                Table Commercial Soup Warmer Production 2016-2020, by Region, in USD Million
40.                Table Commercial Soup Warmer Production 2016-2020, by Region, in Volume
41.                Table Global Commercial Soup Warmer Market 2016-2020, by Region, in USD Million
42.                Table Global Commercial Soup Warmer Market Share 2016-2020, by Region, in USD Million
43.                Table Global Commercial Soup Warmer Market 2016-2020, by Region, in Volume
44.                Table Global Commercial Soup Warmer Market Share 2016-2020, by Region, in Volume
45.                Table North America Commercial Soup Warmer Market Size 2016-2020, by Country, in USD Million
46.                Table North America Commercial Soup Warmer Market Size 2016-2020, by Country, in Volume
47.                Table Europe Commercial Soup Warmer Market Size 2016-2020, by Country, in USD Million
48.                Table Europe Commercial Soup Warmer Market Size 2016-2020, by Country, in Volume
49.                Table Asia-Pacific Commercial Soup Warmer Market Size 2016-2020, by Country, in USD Million
50.                Table Asia-Pacific Commercial Soup Warmer Market Size 2016-2020, by Country, in Volume
51.                Table South America Commercial Soup Warmer Market Size 2016-2020, by Country, in USD Million
52.                Table South America Commercial Soup Warmer Market Size 2016-2020, by Country, in Volume
53.                Table Middle East & Africa Commercial Soup Warmer Market Size 2016-2020, by Country, in USD Million
54.                Table Middle East & Africa Commercial Soup Warmer Market Size 2016-2020, by Country, in Volume
55.                Table Commercial Soup Warmer Market Forecast 2021-2026, by Region, in USD Million
56.                Table Commercial Soup Warmer Market Forecast 2021-2026, by Region, in Volume
57.                Table Price Factors List","List of Figure
1.                Figure Commercial Soup Warmer Industry Chain Structure
2.                Figure Global Commercial Soup Warmer Market Growth 2016-2020, by Type, in USD Million
3.                Figure Global Commercial Soup Warmer Market Growth 2016-2020, by Type, in Volume
4.                Figure Global Commercial Soup Warmer Sales Revenue Share in 2020, by Company, in USD Million
5.                Figure Global Commercial Soup Warmer Sales Volume Share in 2020, by Company, in Volume
6.                Figure North America Commercial Soup Warmer Market Concentration, in 2020
7.                Figure Europe Commercial Soup Warmer Market Market Concentration, in 2020
8.                Figure Asia-Pacific Commercial Soup Warmer MMarket Concentration, in 2020
9.                Figure South America Commercial Soup Warmer Market Concentration, in 2020
10.                Figure Middle East & Africa Commercial Soup Warmer Market Concentration, in 2020
11.                Figure Commercial Soup Warmer Demand in Restaurants, 2016-2020, in USD Million
12.                Figure Commercial Soup Warmer Demand in Restaurants, 2016-2020, in Volume
13.                Figure Commercial Soup Warmer Demand in Hotels, 2016-2020, in USD Million
14.                Figure Commercial Soup Warmer Demand in Hotels, 2016-2020, in Volume
15.                Figure Commercial Soup Warmer Demand in Others, 2016-2020, in USD Million
16.                Figure Commercial Soup Warmer Demand in Others, 2016-2020, in Volume
17.                Figure Commercial Soup Warmer Market Growth 2021-2026, by Application, in USD Million
18.                Figure Commercial Soup Warmer Market Share in 2026, by Application, in USD Million
19.                Figure North America Commercial Soup Warmer Market Size and Growth 2016-2020, in USD Million
20.                Figure North America Commercial Soup Warmer Market Size and Growth 2016-2020, in Volume
21.                Figure Europe Commercial Soup Warmer Market Size and Growth 2016-2020, in USD Million
22.                Figure Europe Commercial Soup Warmer Market Size and Growth 2016-2020, in Volume
23.                Figure Asia-Pacific Commercial Soup Warmer Market Size and Growth 2016-2020, in USD Million
24.                Figure Asia-Pacific Commercial Soup Warmer Market Size and Growth 2016-2020, in Volume
25.                Figure South America Commercial Soup Warmer Market Size and Growth 2016-2020, in USD Million
26.                Figure South America Commercial Soup Warmer Market Size and Growth 2016-2020, in Volume
27.                Figure Middle East & Africa Commercial Soup Warmer Market Size and Growth 2016-2020, in USD Million
28.                Figure Middle East & Africa Commercial Soup Warmer Market Size and Growth 2016-2020, in Volume
29.                Figure Marketing Channels Overview","$2,980 ","$5,960 ","$5,960 ",99SGL298Mac20210200024781
7-Apr-21,"Life & Medical","Global Needle Free Injectors Market Analysis 2016-2020 and Forecast 2021-2026","Snapshot
The global Needle Free Injectors market size is estimated at xxx million USD with a CAGR xx% from 2016-2020 and is expected to reach xxx Million USD in 2021 with a CAGR xx% from 2021 to 2026. The report begins from overview of Industry Chain structure, and describes industry environment, then analyses market size and forecast of Needle Free Injectors by product, region and application, in addition, this report introduces market competition situation among the vendors and company profile, besides, market price analysis and value chain features are covered in this report.
Product Type Coverage (Market Size & Forecast, Major Company of Product Type etc.):
        Fillable
        Prefilled
Company Coverage (Company Profile, Sales Revenue, Price, Gross Margin, Main Products etc.):
        PharmaJet
        Medical International Technology
        National Medical Products
        European Pharma Group
        Valeritas
        Endo International
        Injex Pharma GmbH
        Bioject Medical Technologies
        Antares Pharma
        European Pharma Group
        Wuhan ZJKC Technology
        PenJet Corporation
Application Coverage (Market Size & Forecast, Different Demand Market by Region, Main Consumer Profile etc.):
        Hospitals
        Clinics
        Others
Region Coverage (Regional Production, Demand & Forecast by Countries etc.):
        North America (U.S., Canada, Mexico)
        Europe (Germany, U.K., France, Italy, Russia, Spain etc.)
        Asia-Pacific (China, India, Japan, Southeast Asia etc.)
        South America (Brazil, Argentina etc.)
        Middle East & Africa (Saudi Arabia, South Africa etc.)",98,"Table of Contents
1 Industry Overview
    1.1 Needle Free Injectors Industry
                Figure Needle Free Injectors Industry Chain Structure
        1.1.1 Overview
        1.1.2 Development of Needle Free Injectors
    1.2 Market Segment
        1.2.1 Upstream
                Table Upstream Segment of Needle Free Injectors
        1.2.2 Downstream
                Table Application Segment of Needle Free Injectors
                Table Global Needle Free Injectors Market 2016-2026, by Application, in USD Million
        1.2.3 COVID-19 Impact
    1.3 Cost Analysis
2 Industry Environment (PEST Analysis)
    2.1 Policy
    2.2 Economics
    2.3 Sociology
    2.4 Technology
3 Needle Free Injectors Market by Type
    3.1 By Type
        3.1.1 Fillable
                Table Major Company List of Fillable
        3.1.2 Prefilled
                Table Major Company List of Prefilled
    3.2 Market Size
                Table Global Needle Free Injectors Market 2016-2020, by Type, in USD Million
                Figure Global Needle Free Injectors Market Growth 2016-2020, by Type, in USD Million
                Table Global Needle Free Injectors Market 2016-2020, by Type, in Volume
                Figure Global Needle Free Injectors Market Growth 2016-2020, by Type, in Volume
    3.3 Market Forecast
                Table Global Needle Free Injectors Market Forecast 2021-2026, by Type, in USD Million
                Table Global Needle Free Injectors Market Forecast 2021-2026, by Type, in Volume
4 Major Companies List
    4.1 PharmaJet (Company Profile, Sales Data etc.)
        4.1.1 PharmaJet Profile
                Table PharmaJet Overview List
        4.1.2 PharmaJet Products & Services
        4.1.3 PharmaJet Business Operation Conditions
                Table Business Operation of PharmaJet (Sales Revenue, Sales Volume, Price, Cost, Gross Margin)
    4.2 Medical International Technology (Company Profile, Sales Data etc.)
        4.2.1 Medical International Technology Profile
                Table Medical International Technology Overview List
        4.2.2 Medical International Technology Products & Services
        4.2.3 Medical International Technology Business Operation Conditions
                Table Business Operation of Medical International Technology (Sales Revenue, Sales Volume, Price, Cost, Gross Margin)
    4.3 National Medical Products (Company Profile, Sales Data etc.)
        4.3.1 National Medical Products Profile
                Table National Medical Products Overview List
        4.3.2 National Medical Products Products & Services
        4.3.3 National Medical Products Business Operation Conditions
                Table Business Operation of National Medical Products (Sales Revenue, Sales Volume, Price, Cost, Gross Margin)
    4.4 European Pharma Group (Company Profile, Sales Data etc.)
        4.4.1 European Pharma Group Profile
                Table European Pharma Group Overview List
        4.4.2 European Pharma Group Products & Services
        4.4.3 European Pharma Group Business Operation Conditions
                Table Business Operation of European Pharma Group (Sales Revenue, Sales Volume, Price, Cost, Gross Margin)
    4.5 Valeritas (Company Profile, Sales Data etc.)
        4.5.1 Valeritas Profile
                Table Valeritas Overview List
        4.5.2 Valeritas Products & Services
        4.5.3 Valeritas Business Operation Conditions
                Table Business Operation of Valeritas (Sales Revenue, Sales Volume, Price, Cost, Gross Margin)
    4.6 Endo International (Company Profile, Sales Data etc.)
        4.6.1 Endo International Profile
                Table Endo International Overview List
        4.6.2 Endo International Products & Services
        4.6.3 Endo International Business Operation Conditions
                Table Business Operation of Endo International (Sales Revenue, Sales Volume, Price, Cost, Gross Margin)
    4.7 Injex Pharma GmbH (Company Profile, Sales Data etc.)
        4.7.1 Injex Pharma GmbH Profile
                Table Injex Pharma GmbH Overview List
        4.7.2 Injex Pharma GmbH Products & Services
        4.7.3 Injex Pharma GmbH Business Operation Conditions
                Table Business Operation of Injex Pharma GmbH (Sales Revenue, Sales Volume, Price, Cost, Gross Margin)
    4.8 Bioject Medical Technologies (Company Profile, Sales Data etc.)
        4.8.1 Bioject Medical Technologies Profile
                Table Bioject Medical Technologies Overview List
        4.8.2 Bioject Medical Technologies Products & Services
        4.8.3 Bioject Medical Technologies Business Operation Conditions
                Table Business Operation of Bioject Medical Technologies (Sales Revenue, Sales Volume, Price, Cost, Gross Margin)
    4.9 Antares Pharma (Company Profile, Sales Data etc.)
        4.9.1 Antares Pharma Profile
                Table Antares Pharma Overview List
        4.9.2 Antares Pharma Products & Services
        4.9.3 Antares Pharma Business Operation Conditions
                Table Business Operation of Antares Pharma (Sales Revenue, Sales Volume, Price, Cost, Gross Margin)
    4.10 European Pharma Group (Company Profile, Sales Data etc.)
        4.10.1 European Pharma Group Profile
                Table European Pharma Group Overview List
        4.10.2 European Pharma Group Products & Services
        4.10.3 European Pharma Group Business Operation Conditions
                Table Business Operation of European Pharma Group (Sales Revenue, Sales Volume, Price, Cost, Gross Margin)
    4.11 Wuhan ZJKC Technology (Company Profile, Sales Data etc.)
        4.11.1 Wuhan ZJKC Technology Profile
                Table Wuhan ZJKC Technology Overview List
        4.11.2 Wuhan ZJKC Technology Products & Services
        4.11.3 Wuhan ZJKC Technology Business Operation Conditions
                Table Business Operation of Wuhan ZJKC Technology (Sales Revenue, Sales Volume, Price, Cost, Gross Margin)
    4.12 PenJet Corporation (Company Profile, Sales Data etc.)
        4.12.1 PenJet Corporation Profile
                Table PenJet Corporation Overview List
        4.12.2 PenJet Corporation Products & Services
        4.12.3 PenJet Corporation Business Operation Conditions
                Table Business Operation of PenJet Corporation (Sales Revenue, Cost, Gross Margin)
5 Market Competition
    5.1 Company Competition
                Table Global Needle Free Injectors Sales Revenue 2016-2020, by Company, in USD Million
                Table Global Needle Free Injectors Sales Revenue Share 2016-2020, by Company, in USD Million
                Figure Global Needle Free Injectors Sales Revenue Share in 2020, by Company, in USD Million
                Table Global Needle Free Injectors Sales Volume 2016-2020, by Company, in Volume
                Table Global Needle Free Injectors Sales Volume Share 2016-2020, by Company, in Volume
                Figure Global Needle Free Injectors Sales Volume Share in 2020, by Company, in Volume
    5.2 Regional Market by Company
                Figure North America Needle Free Injectors Market Concentration, in 2020
                Figure Europe Needle Free Injectors Market Market Concentration, in 2020
                Figure Asia-Pacific Needle Free Injectors MMarket Concentration, in 2020
                Figure South America Needle Free Injectors Market Concentration, in 2020
                Figure Middle East & Africa Needle Free Injectors Market Concentration, in 2020
6 Demand by End Market
    6.1 Demand Situation
        6.1.1 Demand in Hospitals
                Figure Needle Free Injectors Demand in Hospitals, 2016-2020, in USD Million
                Figure Needle Free Injectors Demand in Hospitals, 2016-2020, in Volume
        6.1.2 Demand in Clinics
                Figure Needle Free Injectors Demand in Clinics, 2016-2020, in USD Million
                Figure Needle Free Injectors Demand in Clinics, 2016-2020, in Volume
        6.1.3 Demand in Others
                Figure Needle Free Injectors Demand in Others, 2016-2020, in USD Million
                Figure Needle Free Injectors Demand in Others, 2016-2020, in Volume
    6.2 Regional Demand Comparison
                Table Regional Demand Comparison List
                Table Major Application in Different Regions
    6.3 Demand Forecast
                Table Needle Free Injectors Demand Forecast 2021-2026, by Application, in USD Million
                Figure Needle Free Injectors Market Growth 2021-2026, by Application, in USD Million
                Figure Needle Free Injectors Market Share in 2026, by Application, in USD Million
                Table Needle Free Injectors Demand Forecast 2021-2026, by Application, in Volume
                Table Needle Free Injectors Market Growth 2021-2026, by Application, in Volume
                Table Needle Free Injectors Market Share in 2026, by Application, in Volume
    6.4 Impact of the COVID-19 on the Demand
7 Region Operation
    7.1 Regional Production
                Table Needle Free Injectors Production 2016-2020, by Region, in USD Million
                Table Needle Free Injectors Production 2016-2020, by Region, in Volume
    7.2 Regional Market
                Table Global Needle Free Injectors Market 2016-2020, by Region, in USD Million
                Table Global Needle Free Injectors Market Share 2016-2020, by Region, in USD Million
                Table Global Needle Free Injectors Market 2016-2020, by Region, in Volume
                Table Global Needle Free Injectors Market Share 2016-2020, by Region, in Volume
    7.3 by Region
        7.3.1 North America
            7.3.1.1 Overview
                Figure North America Needle Free Injectors Market Size and Growth 2016-2020, in USD Million
                Figure North America Needle Free Injectors Market Size and Growth 2016-2020, in Volume
            7.3.1.2 by Country (U.S., Canada, Mexico)
                Table North America Needle Free Injectors Market Size 2016-2020, by Country, in USD Million
                Table North America Needle Free Injectors Market Size 2016-2020, by Country, in Volume
        7.3.2 Europe
            7.3.2.1 Overview
                Figure Europe Needle Free Injectors Market Size and Growth 2016-2020, in USD Million
                Figure Europe Needle Free Injectors Market Size and Growth 2016-2020, in Volume
            7.3.2.2 by Country (Germany, U.K., France, Italy, Russia, Spain etc.)
                Table Europe Needle Free Injectors Market Size 2016-2020, by Country, in USD Million
                Table Europe Needle Free Injectors Market Size 2016-2020, by Country, in Volume
        7.3.3 Asia-Pacific
            7.3.3.1 Overview
                Figure Asia-Pacific Needle Free Injectors Market Size and Growth 2016-2020, in USD Million
                Figure Asia-Pacific Needle Free Injectors Market Size and Growth 2016-2020, in Volume
            7.3.3.2 by Country (China, India, Japan, Southeast Asia etc.)
                Table Asia-Pacific Needle Free Injectors Market Size 2016-2020, by Country, in USD Million
                Table Asia-Pacific Needle Free Injectors Market Size 2016-2020, by Country, in Volume
        7.3.4 South America
            7.3.4.1 Overview
                Figure South America Needle Free Injectors Market Size and Growth 2016-2020, in USD Million
                Figure South America Needle Free Injectors Market Size and Growth 2016-2020, in Volume
            7.3.4.2 by Country (Brazil, Argentina etc.)
                Table South America Needle Free Injectors Market Size 2016-2020, by Country, in USD Million
                Table South America Needle Free Injectors Market Size 2016-2020, by Country, in Volume
        7.3.5 Middle East & Africa
            7.3.5.1 Overview
                Figure Middle East & Africa Needle Free Injectors Market Size and Growth 2016-2020, in USD Million
                Figure Middle East & Africa Needle Free Injectors Market Size and Growth 2016-2020, in Volume
            7.3.5.2 by Country (Saudi Arabia, South Africa etc.)
                Table Middle East & Africa Needle Free Injectors Market Size 2016-2020, by Country, in USD Million
                Table Middle East & Africa Needle Free Injectors Market Size 2016-2020, by Country, in Volume
    7.4 Regional Import & Export
    7.5 Regional Forecast
                Table Needle Free Injectors Market Forecast 2021-2026, by Region, in USD Million
                Table Needle Free Injectors Market Forecast 2021-2026, by Region, in Volume
8 Marketing & Price
    8.1 Price and Margin
        8.1.1 Price Trends
        8.1.2 Factors of Price Change
                Table Price Factors List
        8.1.3 Manufacturers Gross Margin Analysis
    8.2 Marketing Channel
                Figure Marketing Channels Overview
9 Research Conclusion","List of Table
1.                Table Upstream Segment of Needle Free Injectors
2.                Table Application Segment of Needle Free Injectors
3.                Table Global Needle Free Injectors Market 2016-2026, by Application, in USD Million
4.                Table Major Company List of Prefilled
5.                Table Global Needle Free Injectors Market 2016-2020, by Type, in USD Million
6.                Table Global Needle Free Injectors Market 2016-2020, by Type, in Volume
7.                Table Global Needle Free Injectors Market Forecast 2021-2026, by Type, in USD Million
8.                Table Global Needle Free Injectors Market Forecast 2021-2026, by Type, in Volume
9.                Table PharmaJet Overview List
10.                Table Business Operation of PharmaJet (Sales Revenue, Sales Volume, Price, Cost, Gross Margin)
11.                Table Medical International Technology Overview List
12.                Table Business Operation of Medical International Technology (Sales Revenue, Sales Volume, Price, Cost, Gross Margin)
13.                Table National Medical Products Overview List
14.                Table Business Operation of National Medical Products (Sales Revenue, Sales Volume, Price, Cost, Gross Margin)
15.                Table European Pharma Group Overview List
16.                Table Business Operation of European Pharma Group (Sales Revenue, Sales Volume, Price, Cost, Gross Margin)
17.                Table Valeritas Overview List
18.                Table Business Operation of Valeritas (Sales Revenue, Sales Volume, Price, Cost, Gross Margin)
19.                Table Endo International Overview List
20.                Table Business Operation of Endo International (Sales Revenue, Sales Volume, Price, Cost, Gross Margin)
21.                Table Injex Pharma GmbH Overview List
22.                Table Business Operation of Injex Pharma GmbH (Sales Revenue, Sales Volume, Price, Cost, Gross Margin)
23.                Table Bioject Medical Technologies Overview List
24.                Table Business Operation of Bioject Medical Technologies (Sales Revenue, Sales Volume, Price, Cost, Gross Margin)
25.                Table Antares Pharma Overview List
26.                Table Business Operation of Antares Pharma (Sales Revenue, Sales Volume, Price, Cost, Gross Margin)
27.                Table European Pharma Group Overview List
28.                Table Business Operation of European Pharma Group (Sales Revenue, Sales Volume, Price, Cost, Gross Margin)
29.                Table Wuhan ZJKC Technology Overview List
30.                Table Business Operation of Wuhan ZJKC Technology (Sales Revenue, Sales Volume, Price, Cost, Gross Margin)
31.                Table PenJet Corporation Overview List
32.                Table Business Operation of PenJet Corporation (Sales Revenue, Cost, Gross Margin)
33.                Table Global Needle Free Injectors Sales Revenue 2016-2020, by Company, in USD Million
34.                Table Global Needle Free Injectors Sales Revenue Share 2016-2020, by Company, in USD Million
35.                Table Global Needle Free Injectors Sales Volume 2016-2020, by Company, in Volume
36.                Table Global Needle Free Injectors Sales Volume Share 2016-2020, by Company, in Volume
37.                Table Regional Demand Comparison List
38.                Table Major Application in Different Regions
39.                Table Needle Free Injectors Demand Forecast 2021-2026, by Application, in USD Million
40.                Table Needle Free Injectors Demand Forecast 2021-2026, by Application, in Volume
41.                Table Needle Free Injectors Market Growth 2021-2026, by Application, in Volume
42.                Table Needle Free Injectors Market Share in 2026, by Application, in Volume
43.                Table Needle Free Injectors Production 2016-2020, by Region, in USD Million
44.                Table Needle Free Injectors Production 2016-2020, by Region, in Volume
45.                Table Global Needle Free Injectors Market 2016-2020, by Region, in USD Million
46.                Table Global Needle Free Injectors Market Share 2016-2020, by Region, in USD Million
47.                Table Global Needle Free Injectors Market 2016-2020, by Region, in Volume
48.                Table Global Needle Free Injectors Market Share 2016-2020, by Region, in Volume
49.                Table North America Needle Free Injectors Market Size 2016-2020, by Country, in USD Million
50.                Table North America Needle Free Injectors Market Size 2016-2020, by Country, in Volume
51.                Table Europe Needle Free Injectors Market Size 2016-2020, by Country, in USD Million
52.                Table Europe Needle Free Injectors Market Size 2016-2020, by Country, in Volume
53.                Table Asia-Pacific Needle Free Injectors Market Size 2016-2020, by Country, in USD Million
54.                Table Asia-Pacific Needle Free Injectors Market Size 2016-2020, by Country, in Volume
55.                Table South America Needle Free Injectors Market Size 2016-2020, by Country, in USD Million
56.                Table South America Needle Free Injectors Market Size 2016-2020, by Country, in Volume
57.                Table Middle East & Africa Needle Free Injectors Market Size 2016-2020, by Country, in USD Million
58.                Table Middle East & Africa Needle Free Injectors Market Size 2016-2020, by Country, in Volume
59.                Table Needle Free Injectors Market Forecast 2021-2026, by Region, in USD Million
60.                Table Needle Free Injectors Market Forecast 2021-2026, by Region, in Volume
61.                Table Price Factors List","List of Figure
1.                Figure Needle Free Injectors Industry Chain Structure
2.                Figure Global Needle Free Injectors Market Growth 2016-2020, by Type, in USD Million
3.                Figure Global Needle Free Injectors Market Growth 2016-2020, by Type, in Volume
4.                Figure Global Needle Free Injectors Sales Revenue Share in 2020, by Company, in USD Million
5.                Figure Global Needle Free Injectors Sales Volume Share in 2020, by Company, in Volume
6.                Figure North America Needle Free Injectors Market Concentration, in 2020
7.                Figure Europe Needle Free Injectors Market Market Concentration, in 2020
8.                Figure Asia-Pacific Needle Free Injectors MMarket Concentration, in 2020
9.                Figure South America Needle Free Injectors Market Concentration, in 2020
10.                Figure Middle East & Africa Needle Free Injectors Market Concentration, in 2020
11.                Figure Needle Free Injectors Demand in Hospitals, 2016-2020, in USD Million
12.                Figure Needle Free Injectors Demand in Hospitals, 2016-2020, in Volume
13.                Figure Needle Free Injectors Demand in Clinics, 2016-2020, in USD Million
14.                Figure Needle Free Injectors Demand in Clinics, 2016-2020, in Volume
15.                Figure Needle Free Injectors Demand in Others, 2016-2020, in USD Million
16.                Figure Needle Free Injectors Demand in Others, 2016-2020, in Volume
17.                Figure Needle Free Injectors Market Growth 2021-2026, by Application, in USD Million
18.                Figure Needle Free Injectors Market Share in 2026, by Application, in USD Million
19.                Figure North America Needle Free Injectors Market Size and Growth 2016-2020, in USD Million
20.                Figure North America Needle Free Injectors Market Size and Growth 2016-2020, in Volume
21.                Figure Europe Needle Free Injectors Market Size and Growth 2016-2020, in USD Million
22.                Figure Europe Needle Free Injectors Market Size and Growth 2016-2020, in Volume
23.                Figure Asia-Pacific Needle Free Injectors Market Size and Growth 2016-2020, in USD Million
24.                Figure Asia-Pacific Needle Free Injectors Market Size and Growth 2016-2020, in Volume
25.                Figure South America Needle Free Injectors Market Size and Growth 2016-2020, in USD Million
26.                Figure South America Needle Free Injectors Market Size and Growth 2016-2020, in Volume
27.                Figure Middle East & Africa Needle Free Injectors Market Size and Growth 2016-2020, in USD Million
28.                Figure Middle East & Africa Needle Free Injectors Market Size and Growth 2016-2020, in Volume
29.                Figure Marketing Channels Overview","$2,980 ","$5,960 ","$5,960 ",99SGL298Lif20210200024782
7-Apr-21,"Machinery & Equipment","Global VOC Gas Detector Market Analysis 2016-2020 and Forecast 2021-2026","Snapshot
The global VOC Gas Detector market size is estimated at xxx million USD with a CAGR xx% from 2016-2020 and is expected to reach xxx Million USD in 2021 with a CAGR xx% from 2021 to 2026. The report begins from overview of Industry Chain structure, and describes industry environment, then analyses market size and forecast of VOC Gas Detector by product, region and application, in addition, this report introduces market competition situation among the vendors and company profile, besides, market price analysis and value chain features are covered in this report.
Product Type Coverage (Market Size & Forecast, Major Company of Product Type etc.):
        PID
        Metal-oxide Semiconductor
Company Coverage (Company Profile, Sales Revenue, Price, Gross Margin, Main Products etc.):
        REA Systems
        Ion Science
        Thermo Fisher
        Skyeaglee
        Omega
        E Instruments
Application Coverage (Market Size & Forecast, Different Demand Market by Region, Main Consumer Profile etc.):
        Environmental Site Surveying
        Industrial Hygiene
        HazMat/Homeland Security
Region Coverage (Regional Production, Demand & Forecast by Countries etc.):
        North America (U.S., Canada, Mexico)
        Europe (Germany, U.K., France, Italy, Russia, Spain etc.)
        Asia-Pacific (China, India, Japan, Southeast Asia etc.)
        South America (Brazil, Argentina etc.)
        Middle East & Africa (Saudi Arabia, South Africa etc.)",92,"Table of Contents
1 Industry Overview
    1.1 VOC Gas Detector Industry
                Figure VOC Gas Detector Industry Chain Structure
        1.1.1 Overview
        1.1.2 Development of VOC Gas Detector
    1.2 Market Segment
        1.2.1 Upstream
                Table Upstream Segment of VOC Gas Detector
        1.2.2 Downstream
                Table Application Segment of VOC Gas Detector
                Table Global VOC Gas Detector Market 2016-2026, by Application, in USD Million
        1.2.3 COVID-19 Impact
    1.3 Cost Analysis
2 Industry Environment (PEST Analysis)
    2.1 Policy
    2.2 Economics
    2.3 Sociology
    2.4 Technology
3 VOC Gas Detector Market by Type
    3.1 By Type
        3.1.1 PID
                Table Major Company List of PID
        3.1.2 Metal-oxide Semiconductor
                Table Major Company List of Metal-oxide Semiconductor
    3.2 Market Size
                Table Global VOC Gas Detector Market 2016-2020, by Type, in USD Million
                Figure Global VOC Gas Detector Market Growth 2016-2020, by Type, in USD Million
                Table Global VOC Gas Detector Market 2016-2020, by Type, in Volume
                Figure Global VOC Gas Detector Market Growth 2016-2020, by Type, in Volume
    3.3 Market Forecast
                Table Global VOC Gas Detector Market Forecast 2021-2026, by Type, in USD Million
                Table Global VOC Gas Detector Market Forecast 2021-2026, by Type, in Volume
4 Major Companies List
    4.1 REA Systems (Company Profile, Sales Data etc.)
        4.1.1 REA Systems Profile
                Table REA Systems Overview List
        4.1.2 REA Systems Products & Services
        4.1.3 REA Systems Business Operation Conditions
                Table Business Operation of REA Systems (Sales Revenue, Sales Volume, Price, Cost, Gross Margin)
    4.2 Ion Science (Company Profile, Sales Data etc.)
        4.2.1 Ion Science Profile
                Table Ion Science Overview List
        4.2.2 Ion Science Products & Services
        4.2.3 Ion Science Business Operation Conditions
                Table Business Operation of Ion Science (Sales Revenue, Sales Volume, Price, Cost, Gross Margin)
    4.3 Thermo Fisher (Company Profile, Sales Data etc.)
        4.3.1 Thermo Fisher Profile
                Table Thermo Fisher Overview List
        4.3.2 Thermo Fisher Products & Services
        4.3.3 Thermo Fisher Business Operation Conditions
                Table Business Operation of Thermo Fisher (Sales Revenue, Sales Volume, Price, Cost, Gross Margin)
    4.4 Skyeaglee (Company Profile, Sales Data etc.)
        4.4.1 Skyeaglee Profile
                Table Skyeaglee Overview List
        4.4.2 Skyeaglee Products & Services
        4.4.3 Skyeaglee Business Operation Conditions
                Table Business Operation of Skyeaglee (Sales Revenue, Sales Volume, Price, Cost, Gross Margin)
    4.5 Omega (Company Profile, Sales Data etc.)
        4.5.1 Omega Profile
                Table Omega Overview List
        4.5.2 Omega Products & Services
        4.5.3 Omega Business Operation Conditions
                Table Business Operation of Omega (Sales Revenue, Sales Volume, Price, Cost, Gross Margin)
    4.6 E Instruments (Company Profile, Sales Data etc.)
        4.6.1 E Instruments Profile
                Table E Instruments Overview List
        4.6.2 E Instruments Products & Services
        4.6.3 E Instruments Business Operation Conditions
                Table Business Operation of E Instruments (Sales Revenue, Sales Volume, Price, Cost, Gross Margin)
5 Market Competition
    5.1 Company Competition
                Table Global VOC Gas Detector Sales Revenue 2016-2020, by Company, in USD Million
                Table Global VOC Gas Detector Sales Revenue Share 2016-2020, by Company, in USD Million
                Figure Global VOC Gas Detector Sales Revenue Share in 2020, by Company, in USD Million
                Table Global VOC Gas Detector Sales Volume 2016-2020, by Company, in Volume
                Table Global VOC Gas Detector Sales Volume Share 2016-2020, by Company, in Volume
                Figure Global VOC Gas Detector Sales Volume Share in 2020, by Company, in Volume
    5.2 Regional Market by Company
                Figure North America VOC Gas Detector Market Concentration, in 2020
                Figure Europe VOC Gas Detector Market Market Concentration, in 2020
                Figure Asia-Pacific VOC Gas Detector MMarket Concentration, in 2020
                Figure South America VOC Gas Detector Market Concentration, in 2020
                Figure Middle East & Africa VOC Gas Detector Market Concentration, in 2020
6 Demand by End Market
    6.1 Demand Situation
        6.1.1 Demand in Environmental Site Surveying
                Figure VOC Gas Detector Demand in Environmental Site Surveying, 2016-2020, in USD Million
                Figure VOC Gas Detector Demand in Environmental Site Surveying, 2016-2020, in Volume
        6.1.2 Demand in Industrial Hygiene
                Figure VOC Gas Detector Demand in Industrial Hygiene, 2016-2020, in USD Million
                Figure VOC Gas Detector Demand in Industrial Hygiene, 2016-2020, in Volume
        6.1.3 Demand in HazMat/Homeland Security
                Figure VOC Gas Detector Demand in HazMat/Homeland Security, 2016-2020, in USD Million
                Figure VOC Gas Detector Demand in HazMat/Homeland Security, 2016-2020, in Volume
    6.2 Regional Demand Comparison
                Table Regional Demand Comparison List
                Table Major Application in Different Regions
    6.3 Demand Forecast
                Table VOC Gas Detector Demand Forecast 2021-2026, by Application, in USD Million
                Figure VOC Gas Detector Market Growth 2021-2026, by Application, in USD Million
                Figure VOC Gas Detector Market Share in 2026, by Application, in USD Million
                Table VOC Gas Detector Demand Forecast 2021-2026, by Application, in Volume
                Table VOC Gas Detector Market Growth 2021-2026, by Application, in Volume
                Table VOC Gas Detector Market Share in 2026, by Application, in Volume
    6.4 Impact of the COVID-19 on the Demand
7 Region Operation
    7.1 Regional Production
                Table VOC Gas Detector Production 2016-2020, by Region, in USD Million
                Table VOC Gas Detector Production 2016-2020, by Region, in Volume
    7.2 Regional Market
                Table Global VOC Gas Detector Market 2016-2020, by Region, in USD Million
                Table Global VOC Gas Detector Market Share 2016-2020, by Region, in USD Million
                Table Global VOC Gas Detector Market 2016-2020, by Region, in Volume
                Table Global VOC Gas Detector Market Share 2016-2020, by Region, in Volume
    7.3 by Region
        7.3.1 North America
            7.3.1.1 Overview
                Figure North America VOC Gas Detector Market Size and Growth 2016-2020, in USD Million
                Figure North America VOC Gas Detector Market Size and Growth 2016-2020, in Volume
            7.3.1.2 by Country (U.S., Canada, Mexico)
                Table North America VOC Gas Detector Market Size 2016-2020, by Country, in USD Million
                Table North America VOC Gas Detector Market Size 2016-2020, by Country, in Volume
        7.3.2 Europe
            7.3.2.1 Overview
                Figure Europe VOC Gas Detector Market Size and Growth 2016-2020, in USD Million
                Figure Europe VOC Gas Detector Market Size and Growth 2016-2020, in Volume
            7.3.2.2 by Country (Germany, U.K., France, Italy, Russia, Spain etc.)
                Table Europe VOC Gas Detector Market Size 2016-2020, by Country, in USD Million
                Table Europe VOC Gas Detector Market Size 2016-2020, by Country, in Volume
        7.3.3 Asia-Pacific
            7.3.3.1 Overview
                Figure Asia-Pacific VOC Gas Detector Market Size and Growth 2016-2020, in USD Million
                Figure Asia-Pacific VOC Gas Detector Market Size and Growth 2016-2020, in Volume
            7.3.3.2 by Country (China, India, Japan, Southeast Asia etc.)
                Table Asia-Pacific VOC Gas Detector Market Size 2016-2020, by Country, in USD Million
                Table Asia-Pacific VOC Gas Detector Market Size 2016-2020, by Country, in Volume
        7.3.4 South America
            7.3.4.1 Overview
                Figure South America VOC Gas Detector Market Size and Growth 2016-2020, in USD Million
                Figure South America VOC Gas Detector Market Size and Growth 2016-2020, in Volume
            7.3.4.2 by Country (Brazil, Argentina etc.)
                Table South America VOC Gas Detector Market Size 2016-2020, by Country, in USD Million
                Table South America VOC Gas Detector Market Size 2016-2020, by Country, in Volume
        7.3.5 Middle East & Africa
            7.3.5.1 Overview
                Figure Middle East & Africa VOC Gas Detector Market Size and Growth 2016-2020, in USD Million
                Figure Middle East & Africa VOC Gas Detector Market Size and Growth 2016-2020, in Volume
            7.3.5.2 by Country (Saudi Arabia, South Africa etc.)
                Table Middle East & Africa VOC Gas Detector Market Size 2016-2020, by Country, in USD Million
                Table Middle East & Africa VOC Gas Detector Market Size 2016-2020, by Country, in Volume
    7.4 Regional Import & Export
    7.5 Regional Forecast
                Table VOC Gas Detector Market Forecast 2021-2026, by Region, in USD Million
                Table VOC Gas Detector Market Forecast 2021-2026, by Region, in Volume
8 Marketing & Price
    8.1 Price and Margin
        8.1.1 Price Trends
        8.1.2 Factors of Price Change
                Table Price Factors List
        8.1.3 Manufacturers Gross Margin Analysis
    8.2 Marketing Channel
                Figure Marketing Channels Overview
9 Research Conclusion","List of Table
1.                Table Upstream Segment of VOC Gas Detector
2.                Table Application Segment of VOC Gas Detector
3.                Table Global VOC Gas Detector Market 2016-2026, by Application, in USD Million
4.                Table Major Company List of Metal-oxide Semiconductor
5.                Table Global VOC Gas Detector Market 2016-2020, by Type, in USD Million
6.                Table Global VOC Gas Detector Market 2016-2020, by Type, in Volume
7.                Table Global VOC Gas Detector Market Forecast 2021-2026, by Type, in USD Million
8.                Table Global VOC Gas Detector Market Forecast 2021-2026, by Type, in Volume
9.                Table REA Systems Overview List
10.                Table Business Operation of REA Systems (Sales Revenue, Sales Volume, Price, Cost, Gross Margin)
11.                Table Ion Science Overview List
12.                Table Business Operation of Ion Science (Sales Revenue, Sales Volume, Price, Cost, Gross Margin)
13.                Table Thermo Fisher Overview List
14.                Table Business Operation of Thermo Fisher (Sales Revenue, Sales Volume, Price, Cost, Gross Margin)
15.                Table Skyeaglee Overview List
16.                Table Business Operation of Skyeaglee (Sales Revenue, Sales Volume, Price, Cost, Gross Margin)
17.                Table Omega Overview List
18.                Table Business Operation of Omega (Sales Revenue, Sales Volume, Price, Cost, Gross Margin)
19.                Table E Instruments Overview List
20.                Table Business Operation of E Instruments (Sales Revenue, Sales Volume, Price, Cost, Gross Margin)
21.                Table Global VOC Gas Detector Sales Revenue 2016-2020, by Company, in USD Million
22.                Table Global VOC Gas Detector Sales Revenue Share 2016-2020, by Company, in USD Million
23.                Table Global VOC Gas Detector Sales Volume 2016-2020, by Company, in Volume
24.                Table Global VOC Gas Detector Sales Volume Share 2016-2020, by Company, in Volume
25.                Table Regional Demand Comparison List
26.                Table Major Application in Different Regions
27.                Table VOC Gas Detector Demand Forecast 2021-2026, by Application, in USD Million
28.                Table VOC Gas Detector Demand Forecast 2021-2026, by Application, in Volume
29.                Table VOC Gas Detector Market Growth 2021-2026, by Application, in Volume
30.                Table VOC Gas Detector Market Share in 2026, by Application, in Volume
31.                Table VOC Gas Detector Production 2016-2020, by Region, in USD Million
32.                Table VOC Gas Detector Production 2016-2020, by Region, in Volume
33.                Table Global VOC Gas Detector Market 2016-2020, by Region, in USD Million
34.                Table Global VOC Gas Detector Market Share 2016-2020, by Region, in USD Million
35.                Table Global VOC Gas Detector Market 2016-2020, by Region, in Volume
36.                Table Global VOC Gas Detector Market Share 2016-2020, by Region, in Volume
37.                Table North America VOC Gas Detector Market Size 2016-2020, by Country, in USD Million
38.                Table North America VOC Gas Detector Market Size 2016-2020, by Country, in Volume
39.                Table Europe VOC Gas Detector Market Size 2016-2020, by Country, in USD Million
40.                Table Europe VOC Gas Detector Market Size 2016-2020, by Country, in Volume
41.                Table Asia-Pacific VOC Gas Detector Market Size 2016-2020, by Country, in USD Million
42.                Table Asia-Pacific VOC Gas Detector Market Size 2016-2020, by Country, in Volume
43.                Table South America VOC Gas Detector Market Size 2016-2020, by Country, in USD Million
44.                Table South America VOC Gas Detector Market Size 2016-2020, by Country, in Volume
45.                Table Middle East & Africa VOC Gas Detector Market Size 2016-2020, by Country, in USD Million
46.                Table Middle East & Africa VOC Gas Detector Market Size 2016-2020, by Country, in Volume
47.                Table VOC Gas Detector Market Forecast 2021-2026, by Region, in USD Million
48.                Table VOC Gas Detector Market Forecast 2021-2026, by Region, in Volume
49.                Table Price Factors List","List of Figure
1.                Figure VOC Gas Detector Industry Chain Structure
2.                Figure Global VOC Gas Detector Market Growth 2016-2020, by Type, in USD Million
3.                Figure Global VOC Gas Detector Market Growth 2016-2020, by Type, in Volume
4.                Figure Global VOC Gas Detector Sales Revenue Share in 2020, by Company, in USD Million
5.                Figure Global VOC Gas Detector Sales Volume Share in 2020, by Company, in Volume
6.                Figure North America VOC Gas Detector Market Concentration, in 2020
7.                Figure Europe VOC Gas Detector Market Market Concentration, in 2020
8.                Figure Asia-Pacific VOC Gas Detector MMarket Concentration, in 2020
9.                Figure South America VOC Gas Detector Market Concentration, in 2020
10.                Figure Middle East & Africa VOC Gas Detector Market Concentration, in 2020
11.                Figure VOC Gas Detector Demand in Environmental Site Surveying, 2016-2020, in USD Million
12.                Figure VOC Gas Detector Demand in Environmental Site Surveying, 2016-2020, in Volume
13.                Figure VOC Gas Detector Demand in Industrial Hygiene, 2016-2020, in USD Million
14.                Figure VOC Gas Detector Demand in Industrial Hygiene, 2016-2020, in Volume
15.                Figure VOC Gas Detector Demand in HazMat/Homeland Security, 2016-2020, in USD Million
16.                Figure VOC Gas Detector Demand in HazMat/Homeland Security, 2016-2020, in Volume
17.                Figure VOC Gas Detector Market Growth 2021-2026, by Application, in USD Million
18.                Figure VOC Gas Detector Market Share in 2026, by Application, in USD Million
19.                Figure North America VOC Gas Detector Market Size and Growth 2016-2020, in USD Million
20.                Figure North America VOC Gas Detector Market Size and Growth 2016-2020, in Volume
21.                Figure Europe VOC Gas Detector Market Size and Growth 2016-2020, in USD Million
22.                Figure Europe VOC Gas Detector Market Size and Growth 2016-2020, in Volume
23.                Figure Asia-Pacific VOC Gas Detector Market Size and Growth 2016-2020, in USD Million
24.                Figure Asia-Pacific VOC Gas Detector Market Size and Growth 2016-2020, in Volume
25.                Figure South America VOC Gas Detector Market Size and Growth 2016-2020, in USD Million
26.                Figure South America VOC Gas Detector Market Size and Growth 2016-2020, in Volume
27.                Figure Middle East & Africa VOC Gas Detector Market Size and Growth 2016-2020, in USD Million
28.                Figure Middle East & Africa VOC Gas Detector Market Size and Growth 2016-2020, in Volume
29.                Figure Marketing Channels Overview","$2,980 ","$5,960 ","$5,960 ",99SGL298Mac20210200024783
7-Apr-21,"Chemical & Material","Global Composite Vacuum Consumables Market Analysis 2016-2020 and Forecast 2021-2026","Snapshot
The global Composite Vacuum Consumables market size is estimated at xxx million USD with a CAGR xx% from 2016-2020 and is expected to reach xxx Million USD in 2021 with a CAGR xx% from 2021 to 2026. The report begins from overview of Industry Chain structure, and describes industry environment, then analyses market size and forecast of Composite Vacuum Consumables by product, region and application, in addition, this report introduces market competition situation among the vendors and company profile, besides, market price analysis and value chain features are covered in this report.
Product Type Coverage (Market Size & Forecast, Major Company of Product Type etc.):
        Vacuum Bagging Film
        Release Film
        Peel Ply
        Breather & Bleeders
        Others
Company Coverage (Company Profile, Sales Revenue, Price, Gross Margin, Main Products etc.):
        Airtech International
        Solvay S.A
Application Coverage (Market Size & Forecast, Different Demand Market by Region, Main Consumer Profile etc.):
        Aerospace & Defense
        Wind Energy
        Marine
        Transportation
        Others
Region Coverage (Regional Production, Demand & Forecast by Countries etc.):
        North America (U.S., Canada, Mexico)
        Europe (Germany, U.K., France, Italy, Russia, Spain etc.)
        Asia-Pacific (China, India, Japan, Southeast Asia etc.)
        South America (Brazil, Argentina etc.)
        Middle East & Africa (Saudi Arabia, South Africa etc.)",92,"Table of Contents
1 Industry Overview
    1.1 Composite Vacuum Consumables Industry
                Figure Composite Vacuum Consumables Industry Chain Structure
        1.1.1 Overview
        1.1.2 Development of Composite Vacuum Consumables
    1.2 Market Segment
        1.2.1 Upstream
                Table Upstream Segment of Composite Vacuum Consumables
        1.2.2 Downstream
                Table Application Segment of Composite Vacuum Consumables
                Table Global Composite Vacuum Consumables Market 2016-2026, by Application, in USD Million
        1.2.3 COVID-19 Impact
    1.3 Cost Analysis
2 Industry Environment (PEST Analysis)
    2.1 Policy
    2.2 Economics
    2.3 Sociology
    2.4 Technology
3 Composite Vacuum Consumables Market by Type
    3.1 By Type
        3.1.1 Vacuum Bagging Film
                Table Major Company List of Vacuum Bagging Film
        3.1.2 Release Film
                Table Major Company List of Release Film
        3.1.3 Peel Ply
                Table Major Company List of Peel Ply
        3.1.4 Breather & Bleeders
                Table Major Company List of Breather & Bleeders
        3.1.5 Others
                Table Major Company List of Others
    3.2 Market Size
                Table Global Composite Vacuum Consumables Market 2016-2020, by Type, in USD Million
                Figure Global Composite Vacuum Consumables Market Growth 2016-2020, by Type, in USD Million
                Table Global Composite Vacuum Consumables Market 2016-2020, by Type, in Volume
                Figure Global Composite Vacuum Consumables Market Growth 2016-2020, by Type, in Volume
    3.3 Market Forecast
                Table Global Composite Vacuum Consumables Market Forecast 2021-2026, by Type, in USD Million
                Table Global Composite Vacuum Consumables Market Forecast 2021-2026, by Type, in Volume
4 Major Companies List
    4.1 Airtech International (Company Profile, Sales Data etc.)
        4.1.1 Airtech International Profile
                Table Airtech International Overview List
        4.1.2 Airtech International Products & Services
        4.1.3 Airtech International Business Operation Conditions
                Table Business Operation of Airtech International (Sales Revenue, Sales Volume, Price, Cost, Gross Margin)
    4.2 Solvay S.A (Company Profile, Sales Data etc.)
        4.2.1 Solvay S.A Profile
                Table Solvay S.A Overview List
        4.2.2 Solvay S.A Products & Services
        4.2.3 Solvay S.A Business Operation Conditions
                Table Business Operation of Solvay S.A (Sales Revenue, Sales Volume, Price, Cost, Gross Margin)
5 Market Competition
    5.1 Company Competition
                Table Global Composite Vacuum Consumables Sales Revenue 2016-2020, by Company, in USD Million
                Table Global Composite Vacuum Consumables Sales Revenue Share 2016-2020, by Company, in USD Million
                Figure Global Composite Vacuum Consumables Sales Revenue Share in 2020, by Company, in USD Million
                Table Global Composite Vacuum Consumables Sales Volume 2016-2020, by Company, in Volume
                Table Global Composite Vacuum Consumables Sales Volume Share 2016-2020, by Company, in Volume
                Figure Global Composite Vacuum Consumables Sales Volume Share in 2020, by Company, in Volume
    5.2 Regional Market by Company
                Figure North America Composite Vacuum Consumables Market Concentration, in 2020
                Figure Europe Composite Vacuum Consumables Market Market Concentration, in 2020
                Figure Asia-Pacific Composite Vacuum Consumables MMarket Concentration, in 2020
                Figure South America Composite Vacuum Consumables Market Concentration, in 2020
                Figure Middle East & Africa Composite Vacuum Consumables Market Concentration, in 2020
6 Demand by End Market
    6.1 Demand Situation
        6.1.1 Demand in Aerospace & Defense
                Figure Composite Vacuum Consumables Demand in Aerospace & Defense, 2016-2020, in USD Million
                Figure Composite Vacuum Consumables Demand in Aerospace & Defense, 2016-2020, in Volume
        6.1.2 Demand in Wind Energy
                Figure Composite Vacuum Consumables Demand in Wind Energy, 2016-2020, in USD Million
                Figure Composite Vacuum Consumables Demand in Wind Energy, 2016-2020, in Volume
        6.1.3 Demand in Marine
                Figure Composite Vacuum Consumables Demand in Marine, 2016-2020, in USD Million
                Figure Composite Vacuum Consumables Demand in Marine, 2016-2020, in Volume
        6.1.4 Demand in Transportation
                Figure Composite Vacuum Consumables Demand in Transportation, 2016-2020, in USD Million
                Figure Composite Vacuum Consumables Demand in Transportation, 2016-2020, in Volume
        6.1.5 Demand in Others
                Figure Composite Vacuum Consumables Demand in Others, 2016-2020, in USD Million
                Figure Composite Vacuum Consumables Demand in Others, 2016-2020, in Volume
    6.2 Regional Demand Comparison
                Table Regional Demand Comparison List
                Table Major Application in Different Regions
    6.3 Demand Forecast
                Table Composite Vacuum Consumables Demand Forecast 2021-2026, by Application, in USD Million
                Figure Composite Vacuum Consumables Market Growth 2021-2026, by Application, in USD Million
                Figure Composite Vacuum Consumables Market Share in 2026, by Application, in USD Million
                Table Composite Vacuum Consumables Demand Forecast 2021-2026, by Application, in Volume
                Table Composite Vacuum Consumables Market Growth 2021-2026, by Application, in Volume
                Table Composite Vacuum Consumables Market Share in 2026, by Application, in Volume
    6.4 Impact of the COVID-19 on the Demand
7 Region Operation
    7.1 Regional Production
                Table Composite Vacuum Consumables Production 2016-2020, by Region, in USD Million
                Table Composite Vacuum Consumables Production 2016-2020, by Region, in Volume
    7.2 Regional Market
                Table Global Composite Vacuum Consumables Market 2016-2020, by Region, in USD Million
                Table Global Composite Vacuum Consumables Market Share 2016-2020, by Region, in USD Million
                Table Global Composite Vacuum Consumables Market 2016-2020, by Region, in Volume
                Table Global Composite Vacuum Consumables Market Share 2016-2020, by Region, in Volume
    7.3 by Region
        7.3.1 North America
            7.3.1.1 Overview
                Figure North America Composite Vacuum Consumables Market Size and Growth 2016-2020, in USD Million
                Figure North America Composite Vacuum Consumables Market Size and Growth 2016-2020, in Volume
            7.3.1.2 by Country (U.S., Canada, Mexico)
                Table North America Composite Vacuum Consumables Market Size 2016-2020, by Country, in USD Million
                Table North America Composite Vacuum Consumables Market Size 2016-2020, by Country, in Volume
        7.3.2 Europe
            7.3.2.1 Overview
                Figure Europe Composite Vacuum Consumables Market Size and Growth 2016-2020, in USD Million
                Figure Europe Composite Vacuum Consumables Market Size and Growth 2016-2020, in Volume
            7.3.2.2 by Country (Germany, U.K., France, Italy, Russia, Spain etc.)
                Table Europe Composite Vacuum Consumables Market Size 2016-2020, by Country, in USD Million
                Table Europe Composite Vacuum Consumables Market Size 2016-2020, by Country, in Volume
        7.3.3 Asia-Pacific
            7.3.3.1 Overview
                Figure Asia-Pacific Composite Vacuum Consumables Market Size and Growth 2016-2020, in USD Million
                Figure Asia-Pacific Composite Vacuum Consumables Market Size and Growth 2016-2020, in Volume
            7.3.3.2 by Country (China, India, Japan, Southeast Asia etc.)
                Table Asia-Pacific Composite Vacuum Consumables Market Size 2016-2020, by Country, in USD Million
                Table Asia-Pacific Composite Vacuum Consumables Market Size 2016-2020, by Country, in Volume
        7.3.4 South America
            7.3.4.1 Overview
                Figure South America Composite Vacuum Consumables Market Size and Growth 2016-2020, in USD Million
                Figure South America Composite Vacuum Consumables Market Size and Growth 2016-2020, in Volume
            7.3.4.2 by Country (Brazil, Argentina etc.)
                Table South America Composite Vacuum Consumables Market Size 2016-2020, by Country, in USD Million
                Table South America Composite Vacuum Consumables Market Size 2016-2020, by Country, in Volume
        7.3.5 Middle East & Africa
            7.3.5.1 Overview
                Figure Middle East & Africa Composite Vacuum Consumables Market Size and Growth 2016-2020, in USD Million
                Figure Middle East & Africa Composite Vacuum Consumables Market Size and Growth 2016-2020, in Volume
            7.3.5.2 by Country (Saudi Arabia, South Africa etc.)
                Table Middle East & Africa Composite Vacuum Consumables Market Size 2016-2020, by Country, in USD Million
                Table Middle East & Africa Composite Vacuum Consumables Market Size 2016-2020, by Country, in Volume
    7.4 Regional Import & Export
    7.5 Regional Forecast
                Table Composite Vacuum Consumables Market Forecast 2021-2026, by Region, in USD Million
                Table Composite Vacuum Consumables Market Forecast 2021-2026, by Region, in Volume
8 Marketing & Price
    8.1 Price and Margin
        8.1.1 Price Trends
        8.1.2 Factors of Price Change
                Table Price Factors List
        8.1.3 Manufacturers Gross Margin Analysis
    8.2 Marketing Channel
                Figure Marketing Channels Overview
9 Research Conclusion","List of Table
1.                Table Upstream Segment of Composite Vacuum Consumables
2.                Table Application Segment of Composite Vacuum Consumables
3.                Table Global Composite Vacuum Consumables Market 2016-2026, by Application, in USD Million
4.                Table Major Company List of Release Film
5.                Table Major Company List of Peel Ply
6.                Table Major Company List of Breather & Bleeders
7.                Table Major Company List of Others
8.                Table Global Composite Vacuum Consumables Market 2016-2020, by Type, in USD Million
9.                Table Global Composite Vacuum Consumables Market 2016-2020, by Type, in Volume
10.                Table Global Composite Vacuum Consumables Market Forecast 2021-2026, by Type, in USD Million
11.                Table Global Composite Vacuum Consumables Market Forecast 2021-2026, by Type, in Volume
12.                Table Airtech International Overview List
13.                Table Business Operation of Airtech International (Sales Revenue, Sales Volume, Price, Cost, Gross Margin)
14.                Table Solvay S.A Overview List
15.                Table Business Operation of Solvay S.A (Sales Revenue, Sales Volume, Price, Cost, Gross Margin)
16.                Table Global Composite Vacuum Consumables Sales Revenue 2016-2020, by Company, in USD Million
17.                Table Global Composite Vacuum Consumables Sales Revenue Share 2016-2020, by Company, in USD Million
18.                Table Global Composite Vacuum Consumables Sales Volume 2016-2020, by Company, in Volume
19.                Table Global Composite Vacuum Consumables Sales Volume Share 2016-2020, by Company, in Volume
20.                Table Regional Demand Comparison List
21.                Table Major Application in Different Regions
22.                Table Composite Vacuum Consumables Demand Forecast 2021-2026, by Application, in USD Million
23.                Table Composite Vacuum Consumables Demand Forecast 2021-2026, by Application, in Volume
24.                Table Composite Vacuum Consumables Market Growth 2021-2026, by Application, in Volume
25.                Table Composite Vacuum Consumables Market Share in 2026, by Application, in Volume
26.                Table Composite Vacuum Consumables Production 2016-2020, by Region, in USD Million
27.                Table Composite Vacuum Consumables Production 2016-2020, by Region, in Volume
28.                Table Global Composite Vacuum Consumables Market 2016-2020, by Region, in USD Million
29.                Table Global Composite Vacuum Consumables Market Share 2016-2020, by Region, in USD Million
30.                Table Global Composite Vacuum Consumables Market 2016-2020, by Region, in Volume
31.                Table Global Composite Vacuum Consumables Market Share 2016-2020, by Region, in Volume
32.                Table North America Composite Vacuum Consumables Market Size 2016-2020, by Country, in USD Million
33.                Table North America Composite Vacuum Consumables Market Size 2016-2020, by Country, in Volume
34.                Table Europe Composite Vacuum Consumables Market Size 2016-2020, by Country, in USD Million
35.                Table Europe Composite Vacuum Consumables Market Size 2016-2020, by Country, in Volume
36.                Table Asia-Pacific Composite Vacuum Consumables Market Size 2016-2020, by Country, in USD Million
37.                Table Asia-Pacific Composite Vacuum Consumables Market Size 2016-2020, by Country, in Volume
38.                Table South America Composite Vacuum Consumables Market Size 2016-2020, by Country, in USD Million
39.                Table South America Composite Vacuum Consumables Market Size 2016-2020, by Country, in Volume
40.                Table Middle East & Africa Composite Vacuum Consumables Market Size 2016-2020, by Country, in USD Million
41.                Table Middle East & Africa Composite Vacuum Consumables Market Size 2016-2020, by Country, in Volume
42.                Table Composite Vacuum Consumables Market Forecast 2021-2026, by Region, in USD Million
43.                Table Composite Vacuum Consumables Market Forecast 2021-2026, by Region, in Volume
44.                Table Price Factors List","List of Figure
1.                Figure Composite Vacuum Consumables Industry Chain Structure
2.                Figure Global Composite Vacuum Consumables Market Growth 2016-2020, by Type, in USD Million
3.                Figure Global Composite Vacuum Consumables Market Growth 2016-2020, by Type, in Volume
4.                Figure Global Composite Vacuum Consumables Sales Revenue Share in 2020, by Company, in USD Million
5.                Figure Global Composite Vacuum Consumables Sales Volume Share in 2020, by Company, in Volume
6.                Figure North America Composite Vacuum Consumables Market Concentration, in 2020
7.                Figure Europe Composite Vacuum Consumables Market Market Concentration, in 2020
8.                Figure Asia-Pacific Composite Vacuum Consumables MMarket Concentration, in 2020
9.                Figure South America Composite Vacuum Consumables Market Concentration, in 2020
10.                Figure Middle East & Africa Composite Vacuum Consumables Market Concentration, in 2020
11.                Figure Composite Vacuum Consumables Demand in Aerospace & Defense, 2016-2020, in USD Million
12.                Figure Composite Vacuum Consumables Demand in Aerospace & Defense, 2016-2020, in Volume
13.                Figure Composite Vacuum Consumables Demand in Wind Energy, 2016-2020, in USD Million
14.                Figure Composite Vacuum Consumables Demand in Wind Energy, 2016-2020, in Volume
15.                Figure Composite Vacuum Consumables Demand in Marine, 2016-2020, in USD Million
16.                Figure Composite Vacuum Consumables Demand in Marine, 2016-2020, in Volume
17.                Figure Composite Vacuum Consumables Demand in Transportation, 2016-2020, in USD Million
18.                Figure Composite Vacuum Consumables Demand in Transportation, 2016-2020, in Volume
19.                Figure Composite Vacuum Consumables Demand in Others, 2016-2020, in USD Million
20.                Figure Composite Vacuum Consumables Demand in Others, 2016-2020, in Volume
21.                Figure Composite Vacuum Consumables Market Growth 2021-2026, by Application, in USD Million
22.                Figure Composite Vacuum Consumables Market Share in 2026, by Application, in USD Million
23.                Figure North America Composite Vacuum Consumables Market Size and Growth 2016-2020, in USD Million
24.                Figure North America Composite Vacuum Consumables Market Size and Growth 2016-2020, in Volume
25.                Figure Europe Composite Vacuum Consumables Market Size and Growth 2016-2020, in USD Million
26.                Figure Europe Composite Vacuum Consumables Market Size and Growth 2016-2020, in Volume
27.                Figure Asia-Pacific Composite Vacuum Consumables Market Size and Growth 2016-2020, in USD Million
28.                Figure Asia-Pacific Composite Vacuum Consumables Market Size and Growth 2016-2020, in Volume
29.                Figure South America Composite Vacuum Consumables Market Size and Growth 2016-2020, in USD Million
30.                Figure South America Composite Vacuum Consumables Market Size and Growth 2016-2020, in Volume
31.                Figure Middle East & Africa Composite Vacuum Consumables Market Size and Growth 2016-2020, in USD Million
32.                Figure Middle East & Africa Composite Vacuum Consumables Market Size and Growth 2016-2020, in Volume
33.                Figure Marketing Channels Overview","$2,980 ","$5,960 ","$5,960 ",99SGL298Che20210200024784
7-Apr-21,"Electronics & Semiconductor","Global VOC Sensor Device Market Analysis 2016-2020 and Forecast 2021-2026","Snapshot
The global VOC Sensor Device market size is estimated at xxx million USD with a CAGR xx% from 2016-2020 and is expected to reach xxx Million USD in 2021 with a CAGR xx% from 2021 to 2026. The report begins from overview of Industry Chain structure, and describes industry environment, then analyses market size and forecast of VOC Sensor Device by product, region and application, in addition, this report introduces market competition situation among the vendors and company profile, besides, market price analysis and value chain features are covered in this report.
Product Type Coverage (Market Size & Forecast, Major Company of Product Type etc.):
        PID
        Metal-oxide Semiconductor
Company Coverage (Company Profile, Sales Revenue, Price, Gross Margin, Main Products etc.):
        REA Systems
        Ion Science
        Thermo Fisher
        Skyeaglee
        Omega
        E Instruments
Application Coverage (Market Size & Forecast, Different Demand Market by Region, Main Consumer Profile etc.):
        Environmental Site Surveying
        Industrial Hygiene
        HazMat/Homeland Security
Region Coverage (Regional Production, Demand & Forecast by Countries etc.):
        North America (U.S., Canada, Mexico)
        Europe (Germany, U.K., France, Italy, Russia, Spain etc.)
        Asia-Pacific (China, India, Japan, Southeast Asia etc.)
        South America (Brazil, Argentina etc.)
        Middle East & Africa (Saudi Arabia, South Africa etc.)",93,"Table of Contents
1 Industry Overview
    1.1 VOC Sensor Device Industry
                Figure VOC Sensor Device Industry Chain Structure
        1.1.1 Overview
        1.1.2 Development of VOC Sensor Device
    1.2 Market Segment
        1.2.1 Upstream
                Table Upstream Segment of VOC Sensor Device
        1.2.2 Downstream
                Table Application Segment of VOC Sensor Device
                Table Global VOC Sensor Device Market 2016-2026, by Application, in USD Million
        1.2.3 COVID-19 Impact
    1.3 Cost Analysis
2 Industry Environment (PEST Analysis)
    2.1 Policy
    2.2 Economics
    2.3 Sociology
    2.4 Technology
3 VOC Sensor Device Market by Type
    3.1 By Type
        3.1.1 PID
                Table Major Company List of PID
        3.1.2 Metal-oxide Semiconductor
                Table Major Company List of Metal-oxide Semiconductor
    3.2 Market Size
                Table Global VOC Sensor Device Market 2016-2020, by Type, in USD Million
                Figure Global VOC Sensor Device Market Growth 2016-2020, by Type, in USD Million
                Table Global VOC Sensor Device Market 2016-2020, by Type, in Volume
                Figure Global VOC Sensor Device Market Growth 2016-2020, by Type, in Volume
    3.3 Market Forecast
                Table Global VOC Sensor Device Market Forecast 2021-2026, by Type, in USD Million
                Table Global VOC Sensor Device Market Forecast 2021-2026, by Type, in Volume
4 Major Companies List
    4.1 REA Systems (Company Profile, Sales Data etc.)
        4.1.1 REA Systems Profile
                Table REA Systems Overview List
        4.1.2 REA Systems Products & Services
        4.1.3 REA Systems Business Operation Conditions
                Table Business Operation of REA Systems (Sales Revenue, Sales Volume, Price, Cost, Gross Margin)
    4.2 Ion Science (Company Profile, Sales Data etc.)
        4.2.1 Ion Science Profile
                Table Ion Science Overview List
        4.2.2 Ion Science Products & Services
        4.2.3 Ion Science Business Operation Conditions
                Table Business Operation of Ion Science (Sales Revenue, Sales Volume, Price, Cost, Gross Margin)
    4.3 Thermo Fisher (Company Profile, Sales Data etc.)
        4.3.1 Thermo Fisher Profile
                Table Thermo Fisher Overview List
        4.3.2 Thermo Fisher Products & Services
        4.3.3 Thermo Fisher Business Operation Conditions
                Table Business Operation of Thermo Fisher (Sales Revenue, Sales Volume, Price, Cost, Gross Margin)
    4.4 Skyeaglee (Company Profile, Sales Data etc.)
        4.4.1 Skyeaglee Profile
                Table Skyeaglee Overview List
        4.4.2 Skyeaglee Products & Services
        4.4.3 Skyeaglee Business Operation Conditions
                Table Business Operation of Skyeaglee (Sales Revenue, Sales Volume, Price, Cost, Gross Margin)
    4.5 Omega (Company Profile, Sales Data etc.)
        4.5.1 Omega Profile
                Table Omega Overview List
        4.5.2 Omega Products & Services
        4.5.3 Omega Business Operation Conditions
                Table Business Operation of Omega (Sales Revenue, Sales Volume, Price, Cost, Gross Margin)
    4.6 E Instruments (Company Profile, Sales Data etc.)
        4.6.1 E Instruments Profile
                Table E Instruments Overview List
        4.6.2 E Instruments Products & Services
        4.6.3 E Instruments Business Operation Conditions
                Table Business Operation of E Instruments (Sales Revenue, Sales Volume, Price, Cost, Gross Margin)
5 Market Competition
    5.1 Company Competition
                Table Global VOC Sensor Device Sales Revenue 2016-2020, by Company, in USD Million
                Table Global VOC Sensor Device Sales Revenue Share 2016-2020, by Company, in USD Million
                Figure Global VOC Sensor Device Sales Revenue Share in 2020, by Company, in USD Million
                Table Global VOC Sensor Device Sales Volume 2016-2020, by Company, in Volume
                Table Global VOC Sensor Device Sales Volume Share 2016-2020, by Company, in Volume
                Figure Global VOC Sensor Device Sales Volume Share in 2020, by Company, in Volume
    5.2 Regional Market by Company
                Figure North America VOC Sensor Device Market Concentration, in 2020
                Figure Europe VOC Sensor Device Market Market Concentration, in 2020
                Figure Asia-Pacific VOC Sensor Device MMarket Concentration, in 2020
                Figure South America VOC Sensor Device Market Concentration, in 2020
                Figure Middle East & Africa VOC Sensor Device Market Concentration, in 2020
6 Demand by End Market
    6.1 Demand Situation
        6.1.1 Demand in Environmental Site Surveying
                Figure VOC Sensor Device Demand in Environmental Site Surveying, 2016-2020, in USD Million
                Figure VOC Sensor Device Demand in Environmental Site Surveying, 2016-2020, in Volume
        6.1.2 Demand in Industrial Hygiene
                Figure VOC Sensor Device Demand in Industrial Hygiene, 2016-2020, in USD Million
                Figure VOC Sensor Device Demand in Industrial Hygiene, 2016-2020, in Volume
        6.1.3 Demand in HazMat/Homeland Security
                Figure VOC Sensor Device Demand in HazMat/Homeland Security, 2016-2020, in USD Million
                Figure VOC Sensor Device Demand in HazMat/Homeland Security, 2016-2020, in Volume
    6.2 Regional Demand Comparison
                Table Regional Demand Comparison List
                Table Major Application in Different Regions
    6.3 Demand Forecast
                Table VOC Sensor Device Demand Forecast 2021-2026, by Application, in USD Million
                Figure VOC Sensor Device Market Growth 2021-2026, by Application, in USD Million
                Figure VOC Sensor Device Market Share in 2026, by Application, in USD Million
                Table VOC Sensor Device Demand Forecast 2021-2026, by Application, in Volume
                Table VOC Sensor Device Market Growth 2021-2026, by Application, in Volume
                Table VOC Sensor Device Market Share in 2026, by Application, in Volume
    6.4 Impact of the COVID-19 on the Demand
7 Region Operation
    7.1 Regional Production
                Table VOC Sensor Device Production 2016-2020, by Region, in USD Million
                Table VOC Sensor Device Production 2016-2020, by Region, in Volume
    7.2 Regional Market
                Table Global VOC Sensor Device Market 2016-2020, by Region, in USD Million
                Table Global VOC Sensor Device Market Share 2016-2020, by Region, in USD Million
                Table Global VOC Sensor Device Market 2016-2020, by Region, in Volume
                Table Global VOC Sensor Device Market Share 2016-2020, by Region, in Volume
    7.3 by Region
        7.3.1 North America
            7.3.1.1 Overview
                Figure North America VOC Sensor Device Market Size and Growth 2016-2020, in USD Million
                Figure North America VOC Sensor Device Market Size and Growth 2016-2020, in Volume
            7.3.1.2 by Country (U.S., Canada, Mexico)
                Table North America VOC Sensor Device Market Size 2016-2020, by Country, in USD Million
                Table North America VOC Sensor Device Market Size 2016-2020, by Country, in Volume
        7.3.2 Europe
            7.3.2.1 Overview
                Figure Europe VOC Sensor Device Market Size and Growth 2016-2020, in USD Million
                Figure Europe VOC Sensor Device Market Size and Growth 2016-2020, in Volume
            7.3.2.2 by Country (Germany, U.K., France, Italy, Russia, Spain etc.)
                Table Europe VOC Sensor Device Market Size 2016-2020, by Country, in USD Million
                Table Europe VOC Sensor Device Market Size 2016-2020, by Country, in Volume
        7.3.3 Asia-Pacific
            7.3.3.1 Overview
                Figure Asia-Pacific VOC Sensor Device Market Size and Growth 2016-2020, in USD Million
                Figure Asia-Pacific VOC Sensor Device Market Size and Growth 2016-2020, in Volume
            7.3.3.2 by Country (China, India, Japan, Southeast Asia etc.)
                Table Asia-Pacific VOC Sensor Device Market Size 2016-2020, by Country, in USD Million
                Table Asia-Pacific VOC Sensor Device Market Size 2016-2020, by Country, in Volume
        7.3.4 South America
            7.3.4.1 Overview
                Figure South America VOC Sensor Device Market Size and Growth 2016-2020, in USD Million
                Figure South America VOC Sensor Device Market Size and Growth 2016-2020, in Volume
            7.3.4.2 by Country (Brazil, Argentina etc.)
                Table South America VOC Sensor Device Market Size 2016-2020, by Country, in USD Million
                Table South America VOC Sensor Device Market Size 2016-2020, by Country, in Volume
        7.3.5 Middle East & Africa
            7.3.5.1 Overview
                Figure Middle East & Africa VOC Sensor Device Market Size and Growth 2016-2020, in USD Million
                Figure Middle East & Africa VOC Sensor Device Market Size and Growth 2016-2020, in Volume
            7.3.5.2 by Country (Saudi Arabia, South Africa etc.)
                Table Middle East & Africa VOC Sensor Device Market Size 2016-2020, by Country, in USD Million
                Table Middle East & Africa VOC Sensor Device Market Size 2016-2020, by Country, in Volume
    7.4 Regional Import & Export
    7.5 Regional Forecast
                Table VOC Sensor Device Market Forecast 2021-2026, by Region, in USD Million
                Table VOC Sensor Device Market Forecast 2021-2026, by Region, in Volume
8 Marketing & Price
    8.1 Price and Margin
        8.1.1 Price Trends
        8.1.2 Factors of Price Change
                Table Price Factors List
        8.1.3 Manufacturers Gross Margin Analysis
    8.2 Marketing Channel
                Figure Marketing Channels Overview
9 Research Conclusion","List of Table
1.                Table Upstream Segment of VOC Sensor Device
2.                Table Application Segment of VOC Sensor Device
3.                Table Global VOC Sensor Device Market 2016-2026, by Application, in USD Million
4.                Table Major Company List of Metal-oxide Semiconductor
5.                Table Global VOC Sensor Device Market 2016-2020, by Type, in USD Million
6.                Table Global VOC Sensor Device Market 2016-2020, by Type, in Volume
7.                Table Global VOC Sensor Device Market Forecast 2021-2026, by Type, in USD Million
8.                Table Global VOC Sensor Device Market Forecast 2021-2026, by Type, in Volume
9.                Table REA Systems Overview List
10.                Table Business Operation of REA Systems (Sales Revenue, Sales Volume, Price, Cost, Gross Margin)
11.                Table Ion Science Overview List
12.                Table Business Operation of Ion Science (Sales Revenue, Sales Volume, Price, Cost, Gross Margin)
13.                Table Thermo Fisher Overview List
14.                Table Business Operation of Thermo Fisher (Sales Revenue, Sales Volume, Price, Cost, Gross Margin)
15.                Table Skyeaglee Overview List
16.                Table Business Operation of Skyeaglee (Sales Revenue, Sales Volume, Price, Cost, Gross Margin)
17.                Table Omega Overview List
18.                Table Business Operation of Omega (Sales Revenue, Sales Volume, Price, Cost, Gross Margin)
19.                Table E Instruments Overview List
20.                Table Business Operation of E Instruments (Sales Revenue, Sales Volume, Price, Cost, Gross Margin)
21.                Table Global VOC Sensor Device Sales Revenue 2016-2020, by Company, in USD Million
22.                Table Global VOC Sensor Device Sales Revenue Share 2016-2020, by Company, in USD Million
23.                Table Global VOC Sensor Device Sales Volume 2016-2020, by Company, in Volume
24.                Table Global VOC Sensor Device Sales Volume Share 2016-2020, by Company, in Volume
25.                Table Regional Demand Comparison List
26.                Table Major Application in Different Regions
27.                Table VOC Sensor Device Demand Forecast 2021-2026, by Application, in USD Million
28.                Table VOC Sensor Device Demand Forecast 2021-2026, by Application, in Volume
29.                Table VOC Sensor Device Market Growth 2021-2026, by Application, in Volume
30.                Table VOC Sensor Device Market Share in 2026, by Application, in Volume
31.                Table VOC Sensor Device Production 2016-2020, by Region, in USD Million
32.                Table VOC Sensor Device Production 2016-2020, by Region, in Volume
33.                Table Global VOC Sensor Device Market 2016-2020, by Region, in USD Million
34.                Table Global VOC Sensor Device Market Share 2016-2020, by Region, in USD Million
35.                Table Global VOC Sensor Device Market 2016-2020, by Region, in Volume
36.                Table Global VOC Sensor Device Market Share 2016-2020, by Region, in Volume
37.                Table North America VOC Sensor Device Market Size 2016-2020, by Country, in USD Million
38.                Table North America VOC Sensor Device Market Size 2016-2020, by Country, in Volume
39.                Table Europe VOC Sensor Device Market Size 2016-2020, by Country, in USD Million
40.                Table Europe VOC Sensor Device Market Size 2016-2020, by Country, in Volume
41.                Table Asia-Pacific VOC Sensor Device Market Size 2016-2020, by Country, in USD Million
42.                Table Asia-Pacific VOC Sensor Device Market Size 2016-2020, by Country, in Volume
43.                Table South America VOC Sensor Device Market Size 2016-2020, by Country, in USD Million
44.                Table South America VOC Sensor Device Market Size 2016-2020, by Country, in Volume
45.                Table Middle East & Africa VOC Sensor Device Market Size 2016-2020, by Country, in USD Million
46.                Table Middle East & Africa VOC Sensor Device Market Size 2016-2020, by Country, in Volume
47.                Table VOC Sensor Device Market Forecast 2021-2026, by Region, in USD Million
48.                Table VOC Sensor Device Market Forecast 2021-2026, by Region, in Volume
49.                Table Price Factors List","List of Figure
1.                Figure VOC Sensor Device Industry Chain Structure
2.                Figure Global VOC Sensor Device Market Growth 2016-2020, by Type, in USD Million
3.                Figure Global VOC Sensor Device Market Growth 2016-2020, by Type, in Volume
4.                Figure Global VOC Sensor Device Sales Revenue Share in 2020, by Company, in USD Million
5.                Figure Global VOC Sensor Device Sales Volume Share in 2020, by Company, in Volume
6.                Figure North America VOC Sensor Device Market Concentration, in 2020
7.                Figure Europe VOC Sensor Device Market Market Concentration, in 2020
8.                Figure Asia-Pacific VOC Sensor Device MMarket Concentration, in 2020
9.                Figure South America VOC Sensor Device Market Concentration, in 2020
10.                Figure Middle East & Africa VOC Sensor Device Market Concentration, in 2020
11.                Figure VOC Sensor Device Demand in Environmental Site Surveying, 2016-2020, in USD Million
12.                Figure VOC Sensor Device Demand in Environmental Site Surveying, 2016-2020, in Volume
13.                Figure VOC Sensor Device Demand in Industrial Hygiene, 2016-2020, in USD Million
14.                Figure VOC Sensor Device Demand in Industrial Hygiene, 2016-2020, in Volume
15.                Figure VOC Sensor Device Demand in HazMat/Homeland Security, 2016-2020, in USD Million
16.                Figure VOC Sensor Device Demand in HazMat/Homeland Security, 2016-2020, in Volume
17.                Figure VOC Sensor Device Market Growth 2021-2026, by Application, in USD Million
18.                Figure VOC Sensor Device Market Share in 2026, by Application, in USD Million
19.                Figure North America VOC Sensor Device Market Size and Growth 2016-2020, in USD Million
20.                Figure North America VOC Sensor Device Market Size and Growth 2016-2020, in Volume
21.                Figure Europe VOC Sensor Device Market Size and Growth 2016-2020, in USD Million
22.                Figure Europe VOC Sensor Device Market Size and Growth 2016-2020, in Volume
23.                Figure Asia-Pacific VOC Sensor Device Market Size and Growth 2016-2020, in USD Million
24.                Figure Asia-Pacific VOC Sensor Device Market Size and Growth 2016-2020, in Volume
25.                Figure South America VOC Sensor Device Market Size and Growth 2016-2020, in USD Million
26.                Figure South America VOC Sensor Device Market Size and Growth 2016-2020, in Volume
27.                Figure Middle East & Africa VOC Sensor Device Market Size and Growth 2016-2020, in USD Million
28.                Figure Middle East & Africa VOC Sensor Device Market Size and Growth 2016-2020, in Volume
29.                Figure Marketing Channels Overview","$2,980 ","$5,960 ","$5,960 ",99SGL298Ele20210200024785
7-Apr-21,"Machinery & Equipment","Global Concrete Cutting Market Analysis 2016-2020 and Forecast 2021-2026","Snapshot
The global Concrete Cutting market size is estimated at xxx million USD with a CAGR xx% from 2016-2020 and is expected to reach xxx Million USD in 2021 with a CAGR xx% from 2021 to 2026. The report begins from overview of Industry Chain structure, and describes industry environment, then analyses market size and forecast of Concrete Cutting by product, region and application, in addition, this report introduces market competition situation among the vendors and company profile, besides, market price analysis and value chain features are covered in this report.
Product Type Coverage (Market Size & Forecast, Major Company of Product Type etc.):
        Up to 400mm
        Up to 700mm
        Up to 1000mm
Company Coverage (Company Profile, Sales Revenue, Price, Gross Margin, Main Products etc.):
        Hilti
        Husqvarna
        Cedima
        Tyrolit
        CEDIMA
        Braun Maschinenfabrik
        Demco Technic AG
        Team-D
Application Coverage (Market Size & Forecast, Different Demand Market by Region, Main Consumer Profile etc.):
        Demolition
        Refurbishment
Region Coverage (Regional Production, Demand & Forecast by Countries etc.):
        North America (U.S., Canada, Mexico)
        Europe (Germany, U.K., France, Italy, Russia, Spain etc.)
        Asia-Pacific (China, India, Japan, Southeast Asia etc.)
        South America (Brazil, Argentina etc.)
        Middle East & Africa (Saudi Arabia, South Africa etc.)",99,"Table of Contents
1 Industry Overview
    1.1 Concrete Cutting Industry
                Figure Concrete Cutting Industry Chain Structure
        1.1.1 Overview
        1.1.2 Development of Concrete Cutting
    1.2 Market Segment
        1.2.1 Upstream
                Table Upstream Segment of Concrete Cutting
        1.2.2 Downstream
                Table Application Segment of Concrete Cutting
                Table Global Concrete Cutting Market 2016-2026, by Application, in USD Million
        1.2.3 COVID-19 Impact
    1.3 Cost Analysis
2 Industry Environment (PEST Analysis)
    2.1 Policy
    2.2 Economics
    2.3 Sociology
    2.4 Technology
3 Concrete Cutting Market by Type
    3.1 By Type
        3.1.1 Up to 400mm
                Table Major Company List of Up to 400mm
        3.1.2 Up to 700mm
                Table Major Company List of Up to 700mm
        3.1.3 Up to 1000mm
                Table Major Company List of Up to 1000mm
    3.2 Market Size
                Table Global Concrete Cutting Market 2016-2020, by Type, in USD Million
                Figure Global Concrete Cutting Market Growth 2016-2020, by Type, in USD Million
                Table Global Concrete Cutting Market 2016-2020, by Type, in Volume
                Figure Global Concrete Cutting Market Growth 2016-2020, by Type, in Volume
    3.3 Market Forecast
                Table Global Concrete Cutting Market Forecast 2021-2026, by Type, in USD Million
                Table Global Concrete Cutting Market Forecast 2021-2026, by Type, in Volume
4 Major Companies List
    4.1 Hilti (Company Profile, Sales Data etc.)
        4.1.1 Hilti Profile
                Table Hilti Overview List
        4.1.2 Hilti Products & Services
        4.1.3 Hilti Business Operation Conditions
                Table Business Operation of Hilti (Sales Revenue, Sales Volume, Price, Cost, Gross Margin)
    4.2 Husqvarna (Company Profile, Sales Data etc.)
        4.2.1 Husqvarna Profile
                Table Husqvarna Overview List
        4.2.2 Husqvarna Products & Services
        4.2.3 Husqvarna Business Operation Conditions
                Table Business Operation of Husqvarna (Sales Revenue, Sales Volume, Price, Cost, Gross Margin)
    4.3 Cedima (Company Profile, Sales Data etc.)
        4.3.1 Cedima Profile
                Table Cedima Overview List
        4.3.2 Cedima Products & Services
        4.3.3 Cedima Business Operation Conditions
                Table Business Operation of Cedima (Sales Revenue, Sales Volume, Price, Cost, Gross Margin)
    4.4 Tyrolit (Company Profile, Sales Data etc.)
        4.4.1 Tyrolit Profile
                Table Tyrolit Overview List
        4.4.2 Tyrolit Products & Services
        4.4.3 Tyrolit Business Operation Conditions
                Table Business Operation of Tyrolit (Sales Revenue, Sales Volume, Price, Cost, Gross Margin)
    4.5 CEDIMA (Company Profile, Sales Data etc.)
        4.5.1 CEDIMA Profile
                Table CEDIMA Overview List
        4.5.2 CEDIMA Products & Services
        4.5.3 CEDIMA Business Operation Conditions
                Table Business Operation of CEDIMA (Sales Revenue, Sales Volume, Price, Cost, Gross Margin)
    4.6 Braun Maschinenfabrik (Company Profile, Sales Data etc.)
        4.6.1 Braun Maschinenfabrik Profile
                Table Braun Maschinenfabrik Overview List
        4.6.2 Braun Maschinenfabrik Products & Services
        4.6.3 Braun Maschinenfabrik Business Operation Conditions
                Table Business Operation of Braun Maschinenfabrik (Sales Revenue, Sales Volume, Price, Cost, Gross Margin)
    4.7 Demco Technic AG (Company Profile, Sales Data etc.)
        4.7.1 Demco Technic AG Profile
                Table Demco Technic AG Overview List
        4.7.2 Demco Technic AG Products & Services
        4.7.3 Demco Technic AG Business Operation Conditions
                Table Business Operation of Demco Technic AG (Sales Revenue, Sales Volume, Price, Cost, Gross Margin)
    4.8 Team-D (Company Profile, Sales Data etc.)
        4.8.1 Team-D Profile
                Table Team-D Overview List
        4.8.2 Team-D Products & Services
        4.8.3 Team-D Business Operation Conditions
                Table Business Operation of Team-D (Sales Revenue, Sales Volume, Price, Cost, Gross Margin)
5 Market Competition
    5.1 Company Competition
                Table Global Concrete Cutting Sales Revenue 2016-2020, by Company, in USD Million
                Table Global Concrete Cutting Sales Revenue Share 2016-2020, by Company, in USD Million
                Figure Global Concrete Cutting Sales Revenue Share in 2020, by Company, in USD Million
                Table Global Concrete Cutting Sales Volume 2016-2020, by Company, in Volume
                Table Global Concrete Cutting Sales Volume Share 2016-2020, by Company, in Volume
                Figure Global Concrete Cutting Sales Volume Share in 2020, by Company, in Volume
    5.2 Regional Market by Company
                Figure North America Concrete Cutting Market Concentration, in 2020
                Figure Europe Concrete Cutting Market Market Concentration, in 2020
                Figure Asia-Pacific Concrete Cutting MMarket Concentration, in 2020
                Figure South America Concrete Cutting Market Concentration, in 2020
                Figure Middle East & Africa Concrete Cutting Market Concentration, in 2020
6 Demand by End Market
    6.1 Demand Situation
        6.1.1 Demand in Demolition
                Figure Concrete Cutting Demand in Demolition, 2016-2020, in USD Million
                Figure Concrete Cutting Demand in Demolition, 2016-2020, in Volume
        6.1.2 Demand in Refurbishment
                Figure Concrete Cutting Demand in Refurbishment, 2016-2020, in USD Million
                Figure Concrete Cutting Demand in Refurbishment, 2016-2020, in Volume
    6.2 Regional Demand Comparison
                Table Regional Demand Comparison List
                Table Major Application in Different Regions
    6.3 Demand Forecast
                Table Concrete Cutting Demand Forecast 2021-2026, by Application, in USD Million
                Figure Concrete Cutting Market Growth 2021-2026, by Application, in USD Million
                Figure Concrete Cutting Market Share in 2026, by Application, in USD Million
                Table Concrete Cutting Demand Forecast 2021-2026, by Application, in Volume
                Table Concrete Cutting Market Growth 2021-2026, by Application, in Volume
                Table Concrete Cutting Market Share in 2026, by Application, in Volume
    6.4 Impact of the COVID-19 on the Demand
7 Region Operation
    7.1 Regional Production
                Table Concrete Cutting Production 2016-2020, by Region, in USD Million
                Table Concrete Cutting Production 2016-2020, by Region, in Volume
    7.2 Regional Market
                Table Global Concrete Cutting Market 2016-2020, by Region, in USD Million
                Table Global Concrete Cutting Market Share 2016-2020, by Region, in USD Million
                Table Global Concrete Cutting Market 2016-2020, by Region, in Volume
                Table Global Concrete Cutting Market Share 2016-2020, by Region, in Volume
    7.3 by Region
        7.3.1 North America
            7.3.1.1 Overview
                Figure North America Concrete Cutting Market Size and Growth 2016-2020, in USD Million
                Figure North America Concrete Cutting Market Size and Growth 2016-2020, in Volume
            7.3.1.2 by Country (U.S., Canada, Mexico)
                Table North America Concrete Cutting Market Size 2016-2020, by Country, in USD Million
                Table North America Concrete Cutting Market Size 2016-2020, by Country, in Volume
        7.3.2 Europe
            7.3.2.1 Overview
                Figure Europe Concrete Cutting Market Size and Growth 2016-2020, in USD Million
                Figure Europe Concrete Cutting Market Size and Growth 2016-2020, in Volume
            7.3.2.2 by Country (Germany, U.K., France, Italy, Russia, Spain etc.)
                Table Europe Concrete Cutting Market Size 2016-2020, by Country, in USD Million
                Table Europe Concrete Cutting Market Size 2016-2020, by Country, in Volume
        7.3.3 Asia-Pacific
            7.3.3.1 Overview
                Figure Asia-Pacific Concrete Cutting Market Size and Growth 2016-2020, in USD Million
                Figure Asia-Pacific Concrete Cutting Market Size and Growth 2016-2020, in Volume
            7.3.3.2 by Country (China, India, Japan, Southeast Asia etc.)
                Table Asia-Pacific Concrete Cutting Market Size 2016-2020, by Country, in USD Million
                Table Asia-Pacific Concrete Cutting Market Size 2016-2020, by Country, in Volume
        7.3.4 South America
            7.3.4.1 Overview
                Figure South America Concrete Cutting Market Size and Growth 2016-2020, in USD Million
                Figure South America Concrete Cutting Market Size and Growth 2016-2020, in Volume
            7.3.4.2 by Country (Brazil, Argentina etc.)
                Table South America Concrete Cutting Market Size 2016-2020, by Country, in USD Million
                Table South America Concrete Cutting Market Size 2016-2020, by Country, in Volume
        7.3.5 Middle East & Africa
            7.3.5.1 Overview
                Figure Middle East & Africa Concrete Cutting Market Size and Growth 2016-2020, in USD Million
                Figure Middle East & Africa Concrete Cutting Market Size and Growth 2016-2020, in Volume
            7.3.5.2 by Country (Saudi Arabia, South Africa etc.)
                Table Middle East & Africa Concrete Cutting Market Size 2016-2020, by Country, in USD Million
                Table Middle East & Africa Concrete Cutting Market Size 2016-2020, by Country, in Volume
    7.4 Regional Import & Export
    7.5 Regional Forecast
                Table Concrete Cutting Market Forecast 2021-2026, by Region, in USD Million
                Table Concrete Cutting Market Forecast 2021-2026, by Region, in Volume
8 Marketing & Price
    8.1 Price and Margin
        8.1.1 Price Trends
        8.1.2 Factors of Price Change
                Table Price Factors List
        8.1.3 Manufacturers Gross Margin Analysis
    8.2 Marketing Channel
                Figure Marketing Channels Overview
9 Research Conclusion","List of Table
1.                Table Upstream Segment of Concrete Cutting
2.                Table Application Segment of Concrete Cutting
3.                Table Global Concrete Cutting Market 2016-2026, by Application, in USD Million
4.                Table Major Company List of Up to 700mm
5.                Table Major Company List of Up to 1000mm
6.                Table Global Concrete Cutting Market 2016-2020, by Type, in USD Million
7.                Table Global Concrete Cutting Market 2016-2020, by Type, in Volume
8.                Table Global Concrete Cutting Market Forecast 2021-2026, by Type, in USD Million
9.                Table Global Concrete Cutting Market Forecast 2021-2026, by Type, in Volume
10.                Table Hilti Overview List
11.                Table Business Operation of Hilti (Sales Revenue, Sales Volume, Price, Cost, Gross Margin)
12.                Table Husqvarna Overview List
13.                Table Business Operation of Husqvarna (Sales Revenue, Sales Volume, Price, Cost, Gross Margin)
14.                Table Cedima Overview List
15.                Table Business Operation of Cedima (Sales Revenue, Sales Volume, Price, Cost, Gross Margin)
16.                Table Tyrolit Overview List
17.                Table Business Operation of Tyrolit (Sales Revenue, Sales Volume, Price, Cost, Gross Margin)
18.                Table CEDIMA Overview List
19.                Table Business Operation of CEDIMA (Sales Revenue, Sales Volume, Price, Cost, Gross Margin)
20.                Table Braun Maschinenfabrik Overview List
21.                Table Business Operation of Braun Maschinenfabrik (Sales Revenue, Sales Volume, Price, Cost, Gross Margin)
22.                Table Demco Technic AG Overview List
23.                Table Business Operation of Demco Technic AG (Sales Revenue, Sales Volume, Price, Cost, Gross Margin)
24.                Table Team-D Overview List
25.                Table Business Operation of Team-D (Sales Revenue, Sales Volume, Price, Cost, Gross Margin)
26.                Table Global Concrete Cutting Sales Revenue 2016-2020, by Company, in USD Million
27.                Table Global Concrete Cutting Sales Revenue Share 2016-2020, by Company, in USD Million
28.                Table Global Concrete Cutting Sales Volume 2016-2020, by Company, in Volume
29.                Table Global Concrete Cutting Sales Volume Share 2016-2020, by Company, in Volume
30.                Table Regional Demand Comparison List
31.                Table Major Application in Different Regions
32.                Table Concrete Cutting Demand Forecast 2021-2026, by Application, in USD Million
33.                Table Concrete Cutting Demand Forecast 2021-2026, by Application, in Volume
34.                Table Concrete Cutting Market Growth 2021-2026, by Application, in Volume
35.                Table Concrete Cutting Market Share in 2026, by Application, in Volume
36.                Table Concrete Cutting Production 2016-2020, by Region, in USD Million
37.                Table Concrete Cutting Production 2016-2020, by Region, in Volume
38.                Table Global Concrete Cutting Market 2016-2020, by Region, in USD Million
39.                Table Global Concrete Cutting Market Share 2016-2020, by Region, in USD Million
40.                Table Global Concrete Cutting Market 2016-2020, by Region, in Volume
41.                Table Global Concrete Cutting Market Share 2016-2020, by Region, in Volume
42.                Table North America Concrete Cutting Market Size 2016-2020, by Country, in USD Million
43.                Table North America Concrete Cutting Market Size 2016-2020, by Country, in Volume
44.                Table Europe Concrete Cutting Market Size 2016-2020, by Country, in USD Million
45.                Table Europe Concrete Cutting Market Size 2016-2020, by Country, in Volume
46.                Table Asia-Pacific Concrete Cutting Market Size 2016-2020, by Country, in USD Million
47.                Table Asia-Pacific Concrete Cutting Market Size 2016-2020, by Country, in Volume
48.                Table South America Concrete Cutting Market Size 2016-2020, by Country, in USD Million
49.                Table South America Concrete Cutting Market Size 2016-2020, by Country, in Volume
50.                Table Middle East & Africa Concrete Cutting Market Size 2016-2020, by Country, in USD Million
51.                Table Middle East & Africa Concrete Cutting Market Size 2016-2020, by Country, in Volume
52.                Table Concrete Cutting Market Forecast 2021-2026, by Region, in USD Million
53.                Table Concrete Cutting Market Forecast 2021-2026, by Region, in Volume
54.                Table Price Factors List","List of Figure
1.                Figure Concrete Cutting Industry Chain Structure
2.                Figure Global Concrete Cutting Market Growth 2016-2020, by Type, in USD Million
3.                Figure Global Concrete Cutting Market Growth 2016-2020, by Type, in Volume
4.                Figure Global Concrete Cutting Sales Revenue Share in 2020, by Company, in USD Million
5.                Figure Global Concrete Cutting Sales Volume Share in 2020, by Company, in Volume
6.                Figure North America Concrete Cutting Market Concentration, in 2020
7.                Figure Europe Concrete Cutting Market Market Concentration, in 2020
8.                Figure Asia-Pacific Concrete Cutting MMarket Concentration, in 2020
9.                Figure South America Concrete Cutting Market Concentration, in 2020
10.                Figure Middle East & Africa Concrete Cutting Market Concentration, in 2020
11.                Figure Concrete Cutting Demand in Demolition, 2016-2020, in USD Million
12.                Figure Concrete Cutting Demand in Demolition, 2016-2020, in Volume
13.                Figure Concrete Cutting Demand in Refurbishment, 2016-2020, in USD Million
14.                Figure Concrete Cutting Demand in Refurbishment, 2016-2020, in Volume
15.                Figure Concrete Cutting Market Growth 2021-2026, by Application, in USD Million
16.                Figure Concrete Cutting Market Share in 2026, by Application, in USD Million
17.                Figure North America Concrete Cutting Market Size and Growth 2016-2020, in USD Million
18.                Figure North America Concrete Cutting Market Size and Growth 2016-2020, in Volume
19.                Figure Europe Concrete Cutting Market Size and Growth 2016-2020, in USD Million
20.                Figure Europe Concrete Cutting Market Size and Growth 2016-2020, in Volume
21.                Figure Asia-Pacific Concrete Cutting Market Size and Growth 2016-2020, in USD Million
22.                Figure Asia-Pacific Concrete Cutting Market Size and Growth 2016-2020, in Volume
23.                Figure South America Concrete Cutting Market Size and Growth 2016-2020, in USD Million
24.                Figure South America Concrete Cutting Market Size and Growth 2016-2020, in Volume
25.                Figure Middle East & Africa Concrete Cutting Market Size and Growth 2016-2020, in USD Million
26.                Figure Middle East & Africa Concrete Cutting Market Size and Growth 2016-2020, in Volume
27.                Figure Marketing Channels Overview","$2,980 ","$5,960 ","$5,960 ",99SGL298Mac20210200024786
7-Apr-21,"Life & Medical","Global Neurological Disorder Drugs Market Analysis 2016-2020 and Forecast 2021-2026","Snapshot
The global Neurological Disorder Drugs market size is estimated at xxx million USD with a CAGR xx% from 2016-2020 and is expected to reach xxx Million USD in 2021 with a CAGR xx% from 2021 to 2026. The report begins from overview of Industry Chain structure, and describes industry environment, then analyses market size and forecast of Neurological Disorder Drugs by product, region and application, in addition, this report introduces market competition situation among the vendors and company profile, besides, market price analysis and value chain features are covered in this report.
Product Type Coverage (Market Size & Forecast, Major Company of Product Type etc.):
        Antipsychotic
        Hypnotic & Sedative
        Analgesics
        Anticoagulants
        Others
Company Coverage (Company Profile, Sales Revenue, Price, Gross Margin, Main Products etc.):
        Novartis AG
        GlaxoSmithKline plc
        Merck & Co.
        Bayer AG
        AstraZeneca
        Boehringer Ingelheim GmbH
        Teva Pharmaceutical Industries Ltd
Application Coverage (Market Size & Forecast, Different Demand Market by Region, Main Consumer Profile etc.):
        Hospital
        Clinic
        Home
Region Coverage (Regional Production, Demand & Forecast by Countries etc.):
        North America (U.S., Canada, Mexico)
        Europe (Germany, U.K., France, Italy, Russia, Spain etc.)
        Asia-Pacific (China, India, Japan, Southeast Asia etc.)
        South America (Brazil, Argentina etc.)
        Middle East & Africa (Saudi Arabia, South Africa etc.)",99,"Table of Contents
1 Industry Overview
    1.1 Neurological Disorder Drugs Industry
                Figure Neurological Disorder Drugs Industry Chain Structure
        1.1.1 Overview
        1.1.2 Development of Neurological Disorder Drugs
    1.2 Market Segment
        1.2.1 Upstream
                Table Upstream Segment of Neurological Disorder Drugs
        1.2.2 Downstream
                Table Application Segment of Neurological Disorder Drugs
                Table Global Neurological Disorder Drugs Market 2016-2026, by Application, in USD Million
        1.2.3 COVID-19 Impact
    1.3 Cost Analysis
2 Industry Environment (PEST Analysis)
    2.1 Policy
    2.2 Economics
    2.3 Sociology
    2.4 Technology
3 Neurological Disorder Drugs Market by Type
    3.1 By Type
        3.1.1 Antipsychotic
                Table Major Company List of Antipsychotic
        3.1.2 Hypnotic & Sedative
                Table Major Company List of Hypnotic & Sedative
        3.1.3 Analgesics
                Table Major Company List of Analgesics
        3.1.4 Anticoagulants
                Table Major Company List of Anticoagulants
        3.1.5 Others
                Table Major Company List of Others
    3.2 Market Size
                Table Global Neurological Disorder Drugs Market 2016-2020, by Type, in USD Million
                Figure Global Neurological Disorder Drugs Market Growth 2016-2020, by Type, in USD Million
                Table Global Neurological Disorder Drugs Market 2016-2020, by Type, in Volume
                Figure Global Neurological Disorder Drugs Market Growth 2016-2020, by Type, in Volume
    3.3 Market Forecast
                Table Global Neurological Disorder Drugs Market Forecast 2021-2026, by Type, in USD Million
                Table Global Neurological Disorder Drugs Market Forecast 2021-2026, by Type, in Volume
4 Major Companies List
    4.1 Novartis AG (Company Profile, Sales Data etc.)
        4.1.1 Novartis AG Profile
                Table Novartis AG Overview List
        4.1.2 Novartis AG Products & Services
        4.1.3 Novartis AG Business Operation Conditions
                Table Business Operation of Novartis AG (Sales Revenue, Sales Volume, Price, Cost, Gross Margin)
    4.2 GlaxoSmithKline plc (Company Profile, Sales Data etc.)
        4.2.1 GlaxoSmithKline plc Profile
                Table GlaxoSmithKline plc Overview List
        4.2.2 GlaxoSmithKline plc Products & Services
        4.2.3 GlaxoSmithKline plc Business Operation Conditions
                Table Business Operation of GlaxoSmithKline plc (Sales Revenue, Sales Volume, Price, Cost, Gross Margin)
    4.3 Merck & Co. (Company Profile, Sales Data etc.)
        4.3.1 Merck & Co. Profile
                Table Merck & Co. Overview List
        4.3.2 Merck & Co. Products & Services
        4.3.3 Merck & Co. Business Operation Conditions
                Table Business Operation of Merck & Co. (Sales Revenue, Sales Volume, Price, Cost, Gross Margin)
    4.4 Bayer AG (Company Profile, Sales Data etc.)
        4.4.1 Bayer AG Profile
                Table Bayer AG Overview List
        4.4.2 Bayer AG Products & Services
        4.4.3 Bayer AG Business Operation Conditions
                Table Business Operation of Bayer AG (Sales Revenue, Sales Volume, Price, Cost, Gross Margin)
    4.5 AstraZeneca (Company Profile, Sales Data etc.)
        4.5.1 AstraZeneca Profile
                Table AstraZeneca Overview List
        4.5.2 AstraZeneca Products & Services
        4.5.3 AstraZeneca Business Operation Conditions
                Table Business Operation of AstraZeneca (Sales Revenue, Sales Volume, Price, Cost, Gross Margin)
    4.6 Boehringer Ingelheim GmbH (Company Profile, Sales Data etc.)
        4.6.1 Boehringer Ingelheim GmbH Profile
                Table Boehringer Ingelheim GmbH Overview List
        4.6.2 Boehringer Ingelheim GmbH Products & Services
        4.6.3 Boehringer Ingelheim GmbH Business Operation Conditions
                Table Business Operation of Boehringer Ingelheim GmbH (Sales Revenue, Sales Volume, Price, Cost, Gross Margin)
    4.7 Teva Pharmaceutical Industries Ltd (Company Profile, Sales Data etc.)
        4.7.1 Teva Pharmaceutical Industries Ltd Profile
                Table Teva Pharmaceutical Industries Ltd Overview List
        4.7.2 Teva Pharmaceutical Industries Ltd Products & Services
        4.7.3 Teva Pharmaceutical Industries Ltd Business Operation Conditions
                Table Business Operation of Teva Pharmaceutical Industries Ltd (Sales Revenue, Sales Volume, Price, Cost, Gross Margin)
5 Market Competition
    5.1 Company Competition
                Table Global Neurological Disorder Drugs Sales Revenue 2016-2020, by Company, in USD Million
                Table Global Neurological Disorder Drugs Sales Revenue Share 2016-2020, by Company, in USD Million
                Figure Global Neurological Disorder Drugs Sales Revenue Share in 2020, by Company, in USD Million
                Table Global Neurological Disorder Drugs Sales Volume 2016-2020, by Company, in Volume
                Table Global Neurological Disorder Drugs Sales Volume Share 2016-2020, by Company, in Volume
                Figure Global Neurological Disorder Drugs Sales Volume Share in 2020, by Company, in Volume
    5.2 Regional Market by Company
                Figure North America Neurological Disorder Drugs Market Concentration, in 2020
                Figure Europe Neurological Disorder Drugs Market Market Concentration, in 2020
                Figure Asia-Pacific Neurological Disorder Drugs MMarket Concentration, in 2020
                Figure South America Neurological Disorder Drugs Market Concentration, in 2020
                Figure Middle East & Africa Neurological Disorder Drugs Market Concentration, in 2020
6 Demand by End Market
    6.1 Demand Situation
        6.1.1 Demand in Hospital
                Figure Neurological Disorder Drugs Demand in Hospital, 2016-2020, in USD Million
                Figure Neurological Disorder Drugs Demand in Hospital, 2016-2020, in Volume
        6.1.2 Demand in Clinic
                Figure Neurological Disorder Drugs Demand in Clinic, 2016-2020, in USD Million
                Figure Neurological Disorder Drugs Demand in Clinic, 2016-2020, in Volume
        6.1.3 Demand in Home
                Figure Neurological Disorder Drugs Demand in Home, 2016-2020, in USD Million
                Figure Neurological Disorder Drugs Demand in Home, 2016-2020, in Volume
    6.2 Regional Demand Comparison
                Table Regional Demand Comparison List
                Table Major Application in Different Regions
    6.3 Demand Forecast
                Table Neurological Disorder Drugs Demand Forecast 2021-2026, by Application, in USD Million
                Figure Neurological Disorder Drugs Market Growth 2021-2026, by Application, in USD Million
                Figure Neurological Disorder Drugs Market Share in 2026, by Application, in USD Million
                Table Neurological Disorder Drugs Demand Forecast 2021-2026, by Application, in Volume
                Table Neurological Disorder Drugs Market Growth 2021-2026, by Application, in Volume
                Table Neurological Disorder Drugs Market Share in 2026, by Application, in Volume
    6.4 Impact of the COVID-19 on the Demand
7 Region Operation
    7.1 Regional Production
                Table Neurological Disorder Drugs Production 2016-2020, by Region, in USD Million
                Table Neurological Disorder Drugs Production 2016-2020, by Region, in Volume
    7.2 Regional Market
                Table Global Neurological Disorder Drugs Market 2016-2020, by Region, in USD Million
                Table Global Neurological Disorder Drugs Market Share 2016-2020, by Region, in USD Million
                Table Global Neurological Disorder Drugs Market 2016-2020, by Region, in Volume
                Table Global Neurological Disorder Drugs Market Share 2016-2020, by Region, in Volume
    7.3 by Region
        7.3.1 North America
            7.3.1.1 Overview
                Figure North America Neurological Disorder Drugs Market Size and Growth 2016-2020, in USD Million
                Figure North America Neurological Disorder Drugs Market Size and Growth 2016-2020, in Volume
            7.3.1.2 by Country (U.S., Canada, Mexico)
                Table North America Neurological Disorder Drugs Market Size 2016-2020, by Country, in USD Million
                Table North America Neurological Disorder Drugs Market Size 2016-2020, by Country, in Volume
        7.3.2 Europe
            7.3.2.1 Overview
                Figure Europe Neurological Disorder Drugs Market Size and Growth 2016-2020, in USD Million
                Figure Europe Neurological Disorder Drugs Market Size and Growth 2016-2020, in Volume
            7.3.2.2 by Country (Germany, U.K., France, Italy, Russia, Spain etc.)
                Table Europe Neurological Disorder Drugs Market Size 2016-2020, by Country, in USD Million
                Table Europe Neurological Disorder Drugs Market Size 2016-2020, by Country, in Volume
        7.3.3 Asia-Pacific
            7.3.3.1 Overview
                Figure Asia-Pacific Neurological Disorder Drugs Market Size and Growth 2016-2020, in USD Million
                Figure Asia-Pacific Neurological Disorder Drugs Market Size and Growth 2016-2020, in Volume
            7.3.3.2 by Country (China, India, Japan, Southeast Asia etc.)
                Table Asia-Pacific Neurological Disorder Drugs Market Size 2016-2020, by Country, in USD Million
                Table Asia-Pacific Neurological Disorder Drugs Market Size 2016-2020, by Country, in Volume
        7.3.4 South America
            7.3.4.1 Overview
                Figure South America Neurological Disorder Drugs Market Size and Growth 2016-2020, in USD Million
                Figure South America Neurological Disorder Drugs Market Size and Growth 2016-2020, in Volume
            7.3.4.2 by Country (Brazil, Argentina etc.)
                Table South America Neurological Disorder Drugs Market Size 2016-2020, by Country, in USD Million
                Table South America Neurological Disorder Drugs Market Size 2016-2020, by Country, in Volume
        7.3.5 Middle East & Africa
            7.3.5.1 Overview
                Figure Middle East & Africa Neurological Disorder Drugs Market Size and Growth 2016-2020, in USD Million
                Figure Middle East & Africa Neurological Disorder Drugs Market Size and Growth 2016-2020, in Volume
            7.3.5.2 by Country (Saudi Arabia, South Africa etc.)
                Table Middle East & Africa Neurological Disorder Drugs Market Size 2016-2020, by Country, in USD Million
                Table Middle East & Africa Neurological Disorder Drugs Market Size 2016-2020, by Country, in Volume
    7.4 Regional Import & Export
    7.5 Regional Forecast
                Table Neurological Disorder Drugs Market Forecast 2021-2026, by Region, in USD Million
                Table Neurological Disorder Drugs Market Forecast 2021-2026, by Region, in Volume
8 Marketing & Price
    8.1 Price and Margin
        8.1.1 Price Trends
        8.1.2 Factors of Price Change
                Table Price Factors List
        8.1.3 Manufacturers Gross Margin Analysis
    8.2 Marketing Channel
                Figure Marketing Channels Overview
9 Research Conclusion","List of Table
1.                Table Upstream Segment of Neurological Disorder Drugs
2.                Table Application Segment of Neurological Disorder Drugs
3.                Table Global Neurological Disorder Drugs Market 2016-2026, by Application, in USD Million
4.                Table Major Company List of Hypnotic & Sedative
5.                Table Major Company List of Analgesics
6.                Table Major Company List of Anticoagulants
7.                Table Major Company List of Others
8.                Table Global Neurological Disorder Drugs Market 2016-2020, by Type, in USD Million
9.                Table Global Neurological Disorder Drugs Market 2016-2020, by Type, in Volume
10.                Table Global Neurological Disorder Drugs Market Forecast 2021-2026, by Type, in USD Million
11.                Table Global Neurological Disorder Drugs Market Forecast 2021-2026, by Type, in Volume
12.                Table Novartis AG Overview List
13.                Table Business Operation of Novartis AG (Sales Revenue, Sales Volume, Price, Cost, Gross Margin)
14.                Table GlaxoSmithKline plc Overview List
15.                Table Business Operation of GlaxoSmithKline plc (Sales Revenue, Sales Volume, Price, Cost, Gross Margin)
16.                Table Merck & Co. Overview List
17.                Table Business Operation of Merck & Co. (Sales Revenue, Sales Volume, Price, Cost, Gross Margin)
18.                Table Bayer AG Overview List
19.                Table Business Operation of Bayer AG (Sales Revenue, Sales Volume, Price, Cost, Gross Margin)
20.                Table AstraZeneca Overview List
21.                Table Business Operation of AstraZeneca (Sales Revenue, Sales Volume, Price, Cost, Gross Margin)
22.                Table Boehringer Ingelheim GmbH Overview List
23.                Table Business Operation of Boehringer Ingelheim GmbH (Sales Revenue, Sales Volume, Price, Cost, Gross Margin)
24.                Table Teva Pharmaceutical Industries Ltd Overview List
25.                Table Business Operation of Teva Pharmaceutical Industries Ltd (Sales Revenue, Sales Volume, Price, Cost, Gross Margin)
26.                Table Global Neurological Disorder Drugs Sales Revenue 2016-2020, by Company, in USD Million
27.                Table Global Neurological Disorder Drugs Sales Revenue Share 2016-2020, by Company, in USD Million
28.                Table Global Neurological Disorder Drugs Sales Volume 2016-2020, by Company, in Volume
29.                Table Global Neurological Disorder Drugs Sales Volume Share 2016-2020, by Company, in Volume
30.                Table Regional Demand Comparison List
31.                Table Major Application in Different Regions
32.                Table Neurological Disorder Drugs Demand Forecast 2021-2026, by Application, in USD Million
33.                Table Neurological Disorder Drugs Demand Forecast 2021-2026, by Application, in Volume
34.                Table Neurological Disorder Drugs Market Growth 2021-2026, by Application, in Volume
35.                Table Neurological Disorder Drugs Market Share in 2026, by Application, in Volume
36.                Table Neurological Disorder Drugs Production 2016-2020, by Region, in USD Million
37.                Table Neurological Disorder Drugs Production 2016-2020, by Region, in Volume
38.                Table Global Neurological Disorder Drugs Market 2016-2020, by Region, in USD Million
39.                Table Global Neurological Disorder Drugs Market Share 2016-2020, by Region, in USD Million
40.                Table Global Neurological Disorder Drugs Market 2016-2020, by Region, in Volume
41.                Table Global Neurological Disorder Drugs Market Share 2016-2020, by Region, in Volume
42.                Table North America Neurological Disorder Drugs Market Size 2016-2020, by Country, in USD Million
43.                Table North America Neurological Disorder Drugs Market Size 2016-2020, by Country, in Volume
44.                Table Europe Neurological Disorder Drugs Market Size 2016-2020, by Country, in USD Million
45.                Table Europe Neurological Disorder Drugs Market Size 2016-2020, by Country, in Volume
46.                Table Asia-Pacific Neurological Disorder Drugs Market Size 2016-2020, by Country, in USD Million
47.                Table Asia-Pacific Neurological Disorder Drugs Market Size 2016-2020, by Country, in Volume
48.                Table South America Neurological Disorder Drugs Market Size 2016-2020, by Country, in USD Million
49.                Table South America Neurological Disorder Drugs Market Size 2016-2020, by Country, in Volume
50.                Table Middle East & Africa Neurological Disorder Drugs Market Size 2016-2020, by Country, in USD Million
51.                Table Middle East & Africa Neurological Disorder Drugs Market Size 2016-2020, by Country, in Volume
52.                Table Neurological Disorder Drugs Market Forecast 2021-2026, by Region, in USD Million
53.                Table Neurological Disorder Drugs Market Forecast 2021-2026, by Region, in Volume
54.                Table Price Factors List","List of Figure
1.                Figure Neurological Disorder Drugs Industry Chain Structure
2.                Figure Global Neurological Disorder Drugs Market Growth 2016-2020, by Type, in USD Million
3.                Figure Global Neurological Disorder Drugs Market Growth 2016-2020, by Type, in Volume
4.                Figure Global Neurological Disorder Drugs Sales Revenue Share in 2020, by Company, in USD Million
5.                Figure Global Neurological Disorder Drugs Sales Volume Share in 2020, by Company, in Volume
6.                Figure North America Neurological Disorder Drugs Market Concentration, in 2020
7.                Figure Europe Neurological Disorder Drugs Market Market Concentration, in 2020
8.                Figure Asia-Pacific Neurological Disorder Drugs MMarket Concentration, in 2020
9.                Figure South America Neurological Disorder Drugs Market Concentration, in 2020
10.                Figure Middle East & Africa Neurological Disorder Drugs Market Concentration, in 2020
11.                Figure Neurological Disorder Drugs Demand in Hospital, 2016-2020, in USD Million
12.                Figure Neurological Disorder Drugs Demand in Hospital, 2016-2020, in Volume
13.                Figure Neurological Disorder Drugs Demand in Clinic, 2016-2020, in USD Million
14.                Figure Neurological Disorder Drugs Demand in Clinic, 2016-2020, in Volume
15.                Figure Neurological Disorder Drugs Demand in Home, 2016-2020, in USD Million
16.                Figure Neurological Disorder Drugs Demand in Home, 2016-2020, in Volume
17.                Figure Neurological Disorder Drugs Market Growth 2021-2026, by Application, in USD Million
18.                Figure Neurological Disorder Drugs Market Share in 2026, by Application, in USD Million
19.                Figure North America Neurological Disorder Drugs Market Size and Growth 2016-2020, in USD Million
20.                Figure North America Neurological Disorder Drugs Market Size and Growth 2016-2020, in Volume
21.                Figure Europe Neurological Disorder Drugs Market Size and Growth 2016-2020, in USD Million
22.                Figure Europe Neurological Disorder Drugs Market Size and Growth 2016-2020, in Volume
23.                Figure Asia-Pacific Neurological Disorder Drugs Market Size and Growth 2016-2020, in USD Million
24.                Figure Asia-Pacific Neurological Disorder Drugs Market Size and Growth 2016-2020, in Volume
25.                Figure South America Neurological Disorder Drugs Market Size and Growth 2016-2020, in USD Million
26.                Figure South America Neurological Disorder Drugs Market Size and Growth 2016-2020, in Volume
27.                Figure Middle East & Africa Neurological Disorder Drugs Market Size and Growth 2016-2020, in USD Million
28.                Figure Middle East & Africa Neurological Disorder Drugs Market Size and Growth 2016-2020, in Volume
29.                Figure Marketing Channels Overview","$2,980 ","$5,960 ","$5,960 ",99SGL298Lif20210200024787
7-Apr-21,"Machinery & Equipment","Global Wall Mount Fireplaces Market Analysis 2016-2020 and Forecast 2021-2026","Snapshot
The global Wall Mount Fireplaces market size is estimated at xxx million USD with a CAGR xx% from 2016-2020 and is expected to reach xxx Million USD in 2021 with a CAGR xx% from 2021 to 2026. The report begins from overview of Industry Chain structure, and describes industry environment, then analyses market size and forecast of Wall Mount Fireplaces by product, region and application, in addition, this report introduces market competition situation among the vendors and company profile, besides, market price analysis and value chain features are covered in this report.
Product Type Coverage (Market Size & Forecast, Major Company of Product Type etc.):
        Electric Fireplace
        Gas Fireplace
Company Coverage (Company Profile, Sales Revenue, Price, Gross Margin, Main Products etc.):
        Dimplex
        GLEN DIMPLEX
        SEI
        Buck Stove
        Twin-Star International
        Allen
        Napoleon
        Kent Fireplace
        Adam
        Jetmaster
        Fuerjia
        Rui Dressing
        GHP Group Inc.
        BTB
        Boge Technology
        RICHEN
        Saintec
        Hubei Ruolin
        Paite
        Andong
        Ruitian Industry
Application Coverage (Market Size & Forecast, Different Demand Market by Region, Main Consumer Profile etc.):
        Residential
        Hotels
        Others
Region Coverage (Regional Production, Demand & Forecast by Countries etc.):
        North America (U.S., Canada, Mexico)
        Europe (Germany, U.K., France, Italy, Russia, Spain etc.)
        Asia-Pacific (China, India, Japan, Southeast Asia etc.)
        South America (Brazil, Argentina etc.)
        Middle East & Africa (Saudi Arabia, South Africa etc.)",111,"Table of Contents
1 Industry Overview
    1.1 Wall Mount Fireplaces Industry
                Figure Wall Mount Fireplaces Industry Chain Structure
        1.1.1 Overview
        1.1.2 Development of Wall Mount Fireplaces
    1.2 Market Segment
        1.2.1 Upstream
                Table Upstream Segment of Wall Mount Fireplaces
        1.2.2 Downstream
                Table Application Segment of Wall Mount Fireplaces
                Table Global Wall Mount Fireplaces Market 2016-2026, by Application, in USD Million
        1.2.3 COVID-19 Impact
    1.3 Cost Analysis
2 Industry Environment (PEST Analysis)
    2.1 Policy
    2.2 Economics
    2.3 Sociology
    2.4 Technology
3 Wall Mount Fireplaces Market by Type
    3.1 By Type
        3.1.1 Electric Fireplace
                Table Major Company List of Electric Fireplace
        3.1.2 Gas Fireplace
                Table Major Company List of Gas Fireplace
    3.2 Market Size
                Table Global Wall Mount Fireplaces Market 2016-2020, by Type, in USD Million
                Figure Global Wall Mount Fireplaces Market Growth 2016-2020, by Type, in USD Million
                Table Global Wall Mount Fireplaces Market 2016-2020, by Type, in Volume
                Figure Global Wall Mount Fireplaces Market Growth 2016-2020, by Type, in Volume
    3.3 Market Forecast
                Table Global Wall Mount Fireplaces Market Forecast 2021-2026, by Type, in USD Million
                Table Global Wall Mount Fireplaces Market Forecast 2021-2026, by Type, in Volume
4 Major Companies List
    4.1 Dimplex (Company Profile, Sales Data etc.)
        4.1.1 Dimplex Profile
                Table Dimplex Overview List
        4.1.2 Dimplex Products & Services
        4.1.3 Dimplex Business Operation Conditions
                Table Business Operation of Dimplex (Sales Revenue, Sales Volume, Price, Cost, Gross Margin)
    4.2 GLEN DIMPLEX (Company Profile, Sales Data etc.)
        4.2.1 GLEN DIMPLEX Profile
                Table GLEN DIMPLEX Overview List
        4.2.2 GLEN DIMPLEX Products & Services
        4.2.3 GLEN DIMPLEX Business Operation Conditions
                Table Business Operation of GLEN DIMPLEX (Sales Revenue, Sales Volume, Price, Cost, Gross Margin)
    4.3 SEI (Company Profile, Sales Data etc.)
        4.3.1 SEI Profile
                Table SEI Overview List
        4.3.2 SEI Products & Services
        4.3.3 SEI Business Operation Conditions
                Table Business Operation of SEI (Sales Revenue, Sales Volume, Price, Cost, Gross Margin)
    4.4 Buck Stove (Company Profile, Sales Data etc.)
        4.4.1 Buck Stove Profile
                Table Buck Stove Overview List
        4.4.2 Buck Stove Products & Services
        4.4.3 Buck Stove Business Operation Conditions
                Table Business Operation of Buck Stove (Sales Revenue, Sales Volume, Price, Cost, Gross Margin)
    4.5 Twin-Star International (Company Profile, Sales Data etc.)
        4.5.1 Twin-Star International Profile
                Table Twin-Star International Overview List
        4.5.2 Twin-Star International Products & Services
        4.5.3 Twin-Star International Business Operation Conditions
                Table Business Operation of Twin-Star International (Sales Revenue, Sales Volume, Price, Cost, Gross Margin)
    4.6 Allen (Company Profile, Sales Data etc.)
        4.6.1 Allen Profile
                Table Allen Overview List
        4.6.2 Allen Products & Services
        4.6.3 Allen Business Operation Conditions
                Table Business Operation of Allen (Sales Revenue, Sales Volume, Price, Cost, Gross Margin)
    4.7 Napoleon (Company Profile, Sales Data etc.)
        4.7.1 Napoleon Profile
                Table Napoleon Overview List
        4.7.2 Napoleon Products & Services
        4.7.3 Napoleon Business Operation Conditions
                Table Business Operation of Napoleon (Sales Revenue, Sales Volume, Price, Cost, Gross Margin)
    4.8 Kent Fireplace (Company Profile, Sales Data etc.)
        4.8.1 Kent Fireplace Profile
                Table Kent Fireplace Overview List
        4.8.2 Kent Fireplace Products & Services
        4.8.3 Kent Fireplace Business Operation Conditions
                Table Business Operation of Kent Fireplace (Sales Revenue, Sales Volume, Price, Cost, Gross Margin)
    4.9 Adam (Company Profile, Sales Data etc.)
        4.9.1 Adam Profile
                Table Adam Overview List
        4.9.2 Adam Products & Services
        4.9.3 Adam Business Operation Conditions
                Table Business Operation of Adam (Sales Revenue, Sales Volume, Price, Cost, Gross Margin)
    4.10 Jetmaster (Company Profile, Sales Data etc.)
        4.10.1 Jetmaster Profile
                Table Jetmaster Overview List
        4.10.2 Jetmaster Products & Services
        4.10.3 Jetmaster Business Operation Conditions
                Table Business Operation of Jetmaster (Sales Revenue, Sales Volume, Price, Cost, Gross Margin)
    4.11 Fuerjia (Company Profile, Sales Data etc.)
        4.11.1 Fuerjia Profile
                Table Fuerjia Overview List
        4.11.2 Fuerjia Products & Services
        4.11.3 Fuerjia Business Operation Conditions
                Table Business Operation of Fuerjia (Sales Revenue, Sales Volume, Price, Cost, Gross Margin)
    4.12 Rui Dressing (Company Profile, Sales Data etc.)
        4.12.1 Rui Dressing Profile
                Table Rui Dressing Overview List
        4.12.2 Rui Dressing Products & Services
        4.12.3 Rui Dressing Business Operation Conditions
                Table Business Operation of Rui Dressing (Sales Revenue, Cost, Gross Margin)
    4.13 GHP Group Inc. (Company Profile, Sales Data etc.)
        4.13.1 GHP Group Inc. Profile
                Table GHP Group Inc. Overview List
        4.13.2 GHP Group Inc. Products & Services
        4.13.3 GHP Group Inc. Business Operation Conditions
                Table Business Operation of GHP Group Inc. (Sales Revenue, Sales Volume, Price, Cost, Gross Margin)
    4.14 BTB (Company Profile, Sales Data etc.)
        4.14.1 BTB Profile
                Table BTB Overview List
        4.14.2 BTB Products & Services
        4.14.3 BTB Business Operation Conditions
                Table Business Operation of BTB (Sales Revenue, Cost, Gross Margin)
    4.15 Boge Technology (Company Profile, Sales Data etc.)
        4.15.1 Boge Technology Profile
                Table Boge Technology Overview List
        4.15.2 Boge Technology Products & Services
        4.15.3 Boge Technology Business Operation Conditions
                Table Business Operation of Boge Technology (Sales Revenue, Cost, Gross Margin)
    4.16 RICHEN (Company Profile, Sales Data etc.)
        4.16.1 RICHEN Profile
                Table RICHEN Overview List
        4.16.2 RICHEN Products & Services
        4.16.3 RICHEN Business Operation Conditions
                Table Business Operation of RICHEN (Sales Revenue, Cost, Gross Margin)
    4.17 Saintec (Company Profile, Sales Data etc.)
        4.17.1 Saintec Profile
                Table Saintec Overview List
        4.17.2 Saintec Products & Services
        4.17.3 Saintec Business Operation Conditions
                Table Business Operation of Saintec (Sales Revenue, Cost, Gross Margin)
    4.18 Hubei Ruolin (Company Profile, Sales Data etc.)
        4.18.1 Hubei Ruolin Profile
                Table Hubei Ruolin Overview List
        4.18.2 Hubei Ruolin Products & Services
        4.18.3 Hubei Ruolin Business Operation Conditions
                Table Business Operation of Hubei Ruolin (Sales Revenue, Cost, Gross Margin)
    4.19 Paite (Company Profile, Sales Data etc.)
        4.19.1 Paite Profile
                Table Paite Overview List
        4.19.2 Paite Products & Services
        4.19.3 Paite Business Operation Conditions
                Table Business Operation of Paite (Sales Revenue, Cost, Gross Margin)
    4.20 Andong (Company Profile, Sales Data etc.)
        4.20.1 Andong Profile
                Table Andong Overview List
        4.20.2 Andong Products & Services
        4.20.3 Andong Business Operation Conditions
                Table Business Operation of Andong (Sales Revenue, Cost, Gross Margin)
    4.21 Ruitian Industry (Company Profile, Sales Data etc.)
        4.21.1 Ruitian Industry Profile
                Table Ruitian Industry Overview List
        4.21.2 Ruitian Industry Products & Services
        4.21.3 Ruitian Industry Business Operation Conditions
                Table Business Operation of Ruitian Industry (Sales Revenue, Cost, Gross Margin)
5 Market Competition
    5.1 Company Competition
                Table Global Wall Mount Fireplaces Sales Revenue 2016-2020, by Company, in USD Million
                Table Global Wall Mount Fireplaces Sales Revenue Share 2016-2020, by Company, in USD Million
                Figure Global Wall Mount Fireplaces Sales Revenue Share in 2020, by Company, in USD Million
                Table Global Wall Mount Fireplaces Sales Volume 2016-2020, by Company, in Volume
                Table Global Wall Mount Fireplaces Sales Volume Share 2016-2020, by Company, in Volume
                Figure Global Wall Mount Fireplaces Sales Volume Share in 2020, by Company, in Volume
    5.2 Regional Market by Company
                Figure North America Wall Mount Fireplaces Market Concentration, in 2020
                Figure Europe Wall Mount Fireplaces Market Market Concentration, in 2020
                Figure Asia-Pacific Wall Mount Fireplaces MMarket Concentration, in 2020
                Figure South America Wall Mount Fireplaces Market Concentration, in 2020
                Figure Middle East & Africa Wall Mount Fireplaces Market Concentration, in 2020
6 Demand by End Market
    6.1 Demand Situation
        6.1.1 Demand in Residential
                Figure Wall Mount Fireplaces Demand in Residential, 2016-2020, in USD Million
                Figure Wall Mount Fireplaces Demand in Residential, 2016-2020, in Volume
        6.1.2 Demand in Hotels
                Figure Wall Mount Fireplaces Demand in Hotels, 2016-2020, in USD Million
                Figure Wall Mount Fireplaces Demand in Hotels, 2016-2020, in Volume
        6.1.3 Demand in Others
                Figure Wall Mount Fireplaces Demand in Others, 2016-2020, in USD Million
                Figure Wall Mount Fireplaces Demand in Others, 2016-2020, in Volume
    6.2 Regional Demand Comparison
                Table Regional Demand Comparison List
                Table Major Application in Different Regions
    6.3 Demand Forecast
                Table Wall Mount Fireplaces Demand Forecast 2021-2026, by Application, in USD Million
                Figure Wall Mount Fireplaces Market Growth 2021-2026, by Application, in USD Million
                Figure Wall Mount Fireplaces Market Share in 2026, by Application, in USD Million
                Table Wall Mount Fireplaces Demand Forecast 2021-2026, by Application, in Volume
                Table Wall Mount Fireplaces Market Growth 2021-2026, by Application, in Volume
                Table Wall Mount Fireplaces Market Share in 2026, by Application, in Volume
    6.4 Impact of the COVID-19 on the Demand
7 Region Operation
    7.1 Regional Production
                Table Wall Mount Fireplaces Production 2016-2020, by Region, in USD Million
                Table Wall Mount Fireplaces Production 2016-2020, by Region, in Volume
    7.2 Regional Market
                Table Global Wall Mount Fireplaces Market 2016-2020, by Region, in USD Million
                Table Global Wall Mount Fireplaces Market Share 2016-2020, by Region, in USD Million
                Table Global Wall Mount Fireplaces Market 2016-2020, by Region, in Volume
                Table Global Wall Mount Fireplaces Market Share 2016-2020, by Region, in Volume
    7.3 by Region
        7.3.1 North America
            7.3.1.1 Overview
                Figure North America Wall Mount Fireplaces Market Size and Growth 2016-2020, in USD Million
                Figure North America Wall Mount Fireplaces Market Size and Growth 2016-2020, in Volume
            7.3.1.2 by Country (U.S., Canada, Mexico)
                Table North America Wall Mount Fireplaces Market Size 2016-2020, by Country, in USD Million
                Table North America Wall Mount Fireplaces Market Size 2016-2020, by Country, in Volume
        7.3.2 Europe
            7.3.2.1 Overview
                Figure Europe Wall Mount Fireplaces Market Size and Growth 2016-2020, in USD Million
                Figure Europe Wall Mount Fireplaces Market Size and Growth 2016-2020, in Volume
            7.3.2.2 by Country (Germany, U.K., France, Italy, Russia, Spain etc.)
                Table Europe Wall Mount Fireplaces Market Size 2016-2020, by Country, in USD Million
                Table Europe Wall Mount Fireplaces Market Size 2016-2020, by Country, in Volume
        7.3.3 Asia-Pacific
            7.3.3.1 Overview
                Figure Asia-Pacific Wall Mount Fireplaces Market Size and Growth 2016-2020, in USD Million
                Figure Asia-Pacific Wall Mount Fireplaces Market Size and Growth 2016-2020, in Volume
            7.3.3.2 by Country (China, India, Japan, Southeast Asia etc.)
                Table Asia-Pacific Wall Mount Fireplaces Market Size 2016-2020, by Country, in USD Million
                Table Asia-Pacific Wall Mount Fireplaces Market Size 2016-2020, by Country, in Volume
        7.3.4 South America
            7.3.4.1 Overview
                Figure South America Wall Mount Fireplaces Market Size and Growth 2016-2020, in USD Million
                Figure South America Wall Mount Fireplaces Market Size and Growth 2016-2020, in Volume
            7.3.4.2 by Country (Brazil, Argentina etc.)
                Table South America Wall Mount Fireplaces Market Size 2016-2020, by Country, in USD Million
                Table South America Wall Mount Fireplaces Market Size 2016-2020, by Country, in Volume
        7.3.5 Middle East & Africa
            7.3.5.1 Overview
                Figure Middle East & Africa Wall Mount Fireplaces Market Size and Growth 2016-2020, in USD Million
                Figure Middle East & Africa Wall Mount Fireplaces Market Size and Growth 2016-2020, in Volume
            7.3.5.2 by Country (Saudi Arabia, South Africa etc.)
                Table Middle East & Africa Wall Mount Fireplaces Market Size 2016-2020, by Country, in USD Million
                Table Middle East & Africa Wall Mount Fireplaces Market Size 2016-2020, by Country, in Volume
    7.4 Regional Import & Export
    7.5 Regional Forecast
                Table Wall Mount Fireplaces Market Forecast 2021-2026, by Region, in USD Million
                Table Wall Mount Fireplaces Market Forecast 2021-2026, by Region, in Volume
8 Marketing & Price
    8.1 Price and Margin
        8.1.1 Price Trends
        8.1.2 Factors of Price Change
                Table Price Factors List
        8.1.3 Manufacturers Gross Margin Analysis
    8.2 Marketing Channel
                Figure Marketing Channels Overview
9 Research Conclusion","List of Table
1.                Table Upstream Segment of Wall Mount Fireplaces
2.                Table Application Segment of Wall Mount Fireplaces
3.                Table Global Wall Mount Fireplaces Market 2016-2026, by Application, in USD Million
4.                Table Major Company List of Gas Fireplace
5.                Table Global Wall Mount Fireplaces Market 2016-2020, by Type, in USD Million
6.                Table Global Wall Mount Fireplaces Market 2016-2020, by Type, in Volume
7.                Table Global Wall Mount Fireplaces Market Forecast 2021-2026, by Type, in USD Million
8.                Table Global Wall Mount Fireplaces Market Forecast 2021-2026, by Type, in Volume
9.                Table Dimplex Overview List
10.                Table Business Operation of Dimplex (Sales Revenue, Sales Volume, Price, Cost, Gross Margin)
11.                Table GLEN DIMPLEX Overview List
12.                Table Business Operation of GLEN DIMPLEX (Sales Revenue, Sales Volume, Price, Cost, Gross Margin)
13.                Table SEI Overview List
14.                Table Business Operation of SEI (Sales Revenue, Sales Volume, Price, Cost, Gross Margin)
15.                Table Buck Stove Overview List
16.                Table Business Operation of Buck Stove (Sales Revenue, Sales Volume, Price, Cost, Gross Margin)
17.                Table Twin-Star International Overview List
18.                Table Business Operation of Twin-Star International (Sales Revenue, Sales Volume, Price, Cost, Gross Margin)
19.                Table Allen Overview List
20.                Table Business Operation of Allen (Sales Revenue, Sales Volume, Price, Cost, Gross Margin)
21.                Table Napoleon Overview List
22.                Table Business Operation of Napoleon (Sales Revenue, Sales Volume, Price, Cost, Gross Margin)
23.                Table Kent Fireplace Overview List
24.                Table Business Operation of Kent Fireplace (Sales Revenue, Sales Volume, Price, Cost, Gross Margin)
25.                Table Adam Overview List
26.                Table Business Operation of Adam (Sales Revenue, Sales Volume, Price, Cost, Gross Margin)
27.                Table Jetmaster Overview List
28.                Table Business Operation of Jetmaster (Sales Revenue, Sales Volume, Price, Cost, Gross Margin)
29.                Table Fuerjia Overview List
30.                Table Business Operation of Fuerjia (Sales Revenue, Sales Volume, Price, Cost, Gross Margin)
31.                Table Rui Dressing Overview List
32.                Table Business Operation of Rui Dressing (Sales Revenue, Cost, Gross Margin)
33.                Table GHP Group Inc. Overview List
34.                Table Business Operation of GHP Group Inc. (Sales Revenue, Sales Volume, Price, Cost, Gross Margin)
35.                Table BTB Overview List
36.                Table Business Operation of BTB (Sales Revenue, Cost, Gross Margin)
37.                Table Boge Technology Overview List
38.                Table Business Operation of Boge Technology (Sales Revenue, Cost, Gross Margin)
39.                Table RICHEN Overview List
40.                Table Business Operation of RICHEN (Sales Revenue, Cost, Gross Margin)
41.                Table Saintec Overview List
42.                Table Business Operation of Saintec (Sales Revenue, Cost, Gross Margin)
43.                Table Hubei Ruolin Overview List
44.                Table Business Operation of Hubei Ruolin (Sales Revenue, Cost, Gross Margin)
45.                Table Paite Overview List
46.                Table Business Operation of Paite (Sales Revenue, Cost, Gross Margin)
47.                Table Andong Overview List
48.                Table Business Operation of Andong (Sales Revenue, Cost, Gross Margin)
49.                Table Ruitian Industry Overview List
50.                Table Business Operation of Ruitian Industry (Sales Revenue, Cost, Gross Margin)
51.                Table Global Wall Mount Fireplaces Sales Revenue 2016-2020, by Company, in USD Million
52.                Table Global Wall Mount Fireplaces Sales Revenue Share 2016-2020, by Company, in USD Million
53.                Table Global Wall Mount Fireplaces Sales Volume 2016-2020, by Company, in Volume
54.                Table Global Wall Mount Fireplaces Sales Volume Share 2016-2020, by Company, in Volume
55.                Table Regional Demand Comparison List
56.                Table Major Application in Different Regions
57.                Table Wall Mount Fireplaces Demand Forecast 2021-2026, by Application, in USD Million
58.                Table Wall Mount Fireplaces Demand Forecast 2021-2026, by Application, in Volume
59.                Table Wall Mount Fireplaces Market Growth 2021-2026, by Application, in Volume
60.                Table Wall Mount Fireplaces Market Share in 2026, by Application, in Volume
61.                Table Wall Mount Fireplaces Production 2016-2020, by Region, in USD Million
62.                Table Wall Mount Fireplaces Production 2016-2020, by Region, in Volume
63.                Table Global Wall Mount Fireplaces Market 2016-2020, by Region, in USD Million
64.                Table Global Wall Mount Fireplaces Market Share 2016-2020, by Region, in USD Million
65.                Table Global Wall Mount Fireplaces Market 2016-2020, by Region, in Volume
66.                Table Global Wall Mount Fireplaces Market Share 2016-2020, by Region, in Volume
67.                Table North America Wall Mount Fireplaces Market Size 2016-2020, by Country, in USD Million
68.                Table North America Wall Mount Fireplaces Market Size 2016-2020, by Country, in Volume
69.                Table Europe Wall Mount Fireplaces Market Size 2016-2020, by Country, in USD Million
70.                Table Europe Wall Mount Fireplaces Market Size 2016-2020, by Country, in Volume
71.                Table Asia-Pacific Wall Mount Fireplaces Market Size 2016-2020, by Country, in USD Million
72.                Table Asia-Pacific Wall Mount Fireplaces Market Size 2016-2020, by Country, in Volume
73.                Table South America Wall Mount Fireplaces Market Size 2016-2020, by Country, in USD Million
74.                Table South America Wall Mount Fireplaces Market Size 2016-2020, by Country, in Volume
75.                Table Middle East & Africa Wall Mount Fireplaces Market Size 2016-2020, by Country, in USD Million
76.                Table Middle East & Africa Wall Mount Fireplaces Market Size 2016-2020, by Country, in Volume
77.                Table Wall Mount Fireplaces Market Forecast 2021-2026, by Region, in USD Million
78.                Table Wall Mount Fireplaces Market Forecast 2021-2026, by Region, in Volume
79.                Table Price Factors List","List of Figure
1.                Figure Wall Mount Fireplaces Industry Chain Structure
2.                Figure Global Wall Mount Fireplaces Market Growth 2016-2020, by Type, in USD Million
3.                Figure Global Wall Mount Fireplaces Market Growth 2016-2020, by Type, in Volume
4.                Figure Global Wall Mount Fireplaces Sales Revenue Share in 2020, by Company, in USD Million
5.                Figure Global Wall Mount Fireplaces Sales Volume Share in 2020, by Company, in Volume
6.                Figure North America Wall Mount Fireplaces Market Concentration, in 2020
7.                Figure Europe Wall Mount Fireplaces Market Market Concentration, in 2020
8.                Figure Asia-Pacific Wall Mount Fireplaces MMarket Concentration, in 2020
9.                Figure South America Wall Mount Fireplaces Market Concentration, in 2020
10.                Figure Middle East & Africa Wall Mount Fireplaces Market Concentration, in 2020
11.                Figure Wall Mount Fireplaces Demand in Residential, 2016-2020, in USD Million
12.                Figure Wall Mount Fireplaces Demand in Residential, 2016-2020, in Volume
13.                Figure Wall Mount Fireplaces Demand in Hotels, 2016-2020, in USD Million
14.                Figure Wall Mount Fireplaces Demand in Hotels, 2016-2020, in Volume
15.                Figure Wall Mount Fireplaces Demand in Others, 2016-2020, in USD Million
16.                Figure Wall Mount Fireplaces Demand in Others, 2016-2020, in Volume
17.                Figure Wall Mount Fireplaces Market Growth 2021-2026, by Application, in USD Million
18.                Figure Wall Mount Fireplaces Market Share in 2026, by Application, in USD Million
19.                Figure North America Wall Mount Fireplaces Market Size and Growth 2016-2020, in USD Million
20.                Figure North America Wall Mount Fireplaces Market Size and Growth 2016-2020, in Volume
21.                Figure Europe Wall Mount Fireplaces Market Size and Growth 2016-2020, in USD Million
22.                Figure Europe Wall Mount Fireplaces Market Size and Growth 2016-2020, in Volume
23.                Figure Asia-Pacific Wall Mount Fireplaces Market Size and Growth 2016-2020, in USD Million
24.                Figure Asia-Pacific Wall Mount Fireplaces Market Size and Growth 2016-2020, in Volume
25.                Figure South America Wall Mount Fireplaces Market Size and Growth 2016-2020, in USD Million
26.                Figure South America Wall Mount Fireplaces Market Size and Growth 2016-2020, in Volume
27.                Figure Middle East & Africa Wall Mount Fireplaces Market Size and Growth 2016-2020, in USD Million
28.                Figure Middle East & Africa Wall Mount Fireplaces Market Size and Growth 2016-2020, in Volume
29.                Figure Marketing Channels Overview","$2,980 ","$5,960 ","$5,960 ",99SGL298Mac20210200024788
7-Apr-21,"Life & Medical","Global Neurosurgical Prosthesis Market Analysis 2016-2020 and Forecast 2021-2026","Snapshot
The global Neurosurgical Prosthesis market size is estimated at xxx million USD with a CAGR xx% from 2016-2020 and is expected to reach xxx Million USD in 2021 with a CAGR xx% from 2021 to 2026. The report begins from overview of Industry Chain structure, and describes industry environment, then analyses market size and forecast of Neurosurgical Prosthesis by product, region and application, in addition, this report introduces market competition situation among the vendors and company profile, besides, market price analysis and value chain features are covered in this report.
Product Type Coverage (Market Size & Forecast, Major Company of Product Type etc.):
        Microelectrode Prostheses
        Cochlear Implants
        Others
Company Coverage (Company Profile, Sales Revenue, Price, Gross Margin, Main Products etc.):
        3shape
        B.Braun
        Aesthetic Prosthetics
        Boston Scientific
        Arthrex
        Medtronic
        Fillauer
        Freedom Innovation
        Medacta
        Sientra
        Smith & Nephew
        Stryker
        Spectrum Designs Medical
        St. Jude Medical
        Zimmer
        Wanhe Plastic Material
Application Coverage (Market Size & Forecast, Different Demand Market by Region, Main Consumer Profile etc.):
        Hospital
        Clinic
        Others
Region Coverage (Regional Production, Demand & Forecast by Countries etc.):
        North America (U.S., Canada, Mexico)
        Europe (Germany, U.K., France, Italy, Russia, Spain etc.)
        Asia-Pacific (China, India, Japan, Southeast Asia etc.)
        South America (Brazil, Argentina etc.)
        Middle East & Africa (Saudi Arabia, South Africa etc.)",98,"Table of Contents
1 Industry Overview
    1.1 Neurosurgical Prosthesis Industry
                Figure Neurosurgical Prosthesis Industry Chain Structure
        1.1.1 Overview
        1.1.2 Development of Neurosurgical Prosthesis
    1.2 Market Segment
        1.2.1 Upstream
                Table Upstream Segment of Neurosurgical Prosthesis
        1.2.2 Downstream
                Table Application Segment of Neurosurgical Prosthesis
                Table Global Neurosurgical Prosthesis Market 2016-2026, by Application, in USD Million
        1.2.3 COVID-19 Impact
    1.3 Cost Analysis
2 Industry Environment (PEST Analysis)
    2.1 Policy
    2.2 Economics
    2.3 Sociology
    2.4 Technology
3 Neurosurgical Prosthesis Market by Type
    3.1 By Type
        3.1.1 Microelectrode Prostheses
                Table Major Company List of Microelectrode Prostheses
        3.1.2 Cochlear Implants
                Table Major Company List of Cochlear Implants
        3.1.3 Others
                Table Major Company List of Others
    3.2 Market Size
                Table Global Neurosurgical Prosthesis Market 2016-2020, by Type, in USD Million
                Figure Global Neurosurgical Prosthesis Market Growth 2016-2020, by Type, in USD Million
                Table Global Neurosurgical Prosthesis Market 2016-2020, by Type, in Volume
                Figure Global Neurosurgical Prosthesis Market Growth 2016-2020, by Type, in Volume
    3.3 Market Forecast
                Table Global Neurosurgical Prosthesis Market Forecast 2021-2026, by Type, in USD Million
                Table Global Neurosurgical Prosthesis Market Forecast 2021-2026, by Type, in Volume
4 Major Companies List
    4.1 3shape (Company Profile, Sales Data etc.)
        4.1.1 3shape Profile
                Table 3shape Overview List
        4.1.2 3shape Products & Services
        4.1.3 3shape Business Operation Conditions
                Table Business Operation of 3shape (Sales Revenue, Sales Volume, Price, Cost, Gross Margin)
    4.2 B.Braun (Company Profile, Sales Data etc.)
        4.2.1 B.Braun Profile
                Table B.Braun Overview List
        4.2.2 B.Braun Products & Services
        4.2.3 B.Braun Business Operation Conditions
                Table Business Operation of B.Braun (Sales Revenue, Sales Volume, Price, Cost, Gross Margin)
    4.3 Aesthetic Prosthetics (Company Profile, Sales Data etc.)
        4.3.1 Aesthetic Prosthetics Profile
                Table Aesthetic Prosthetics Overview List
        4.3.2 Aesthetic Prosthetics Products & Services
        4.3.3 Aesthetic Prosthetics Business Operation Conditions
                Table Business Operation of Aesthetic Prosthetics (Sales Revenue, Sales Volume, Price, Cost, Gross Margin)
    4.4 Boston Scientific (Company Profile, Sales Data etc.)
        4.4.1 Boston Scientific Profile
                Table Boston Scientific Overview List
        4.4.2 Boston Scientific Products & Services
        4.4.3 Boston Scientific Business Operation Conditions
                Table Business Operation of Boston Scientific (Sales Revenue, Sales Volume, Price, Cost, Gross Margin)
    4.5 Arthrex (Company Profile, Sales Data etc.)
        4.5.1 Arthrex Profile
                Table Arthrex Overview List
        4.5.2 Arthrex Products & Services
        4.5.3 Arthrex Business Operation Conditions
                Table Business Operation of Arthrex (Sales Revenue, Sales Volume, Price, Cost, Gross Margin)
    4.6 Medtronic (Company Profile, Sales Data etc.)
        4.6.1 Medtronic Profile
                Table Medtronic Overview List
        4.6.2 Medtronic Products & Services
        4.6.3 Medtronic Business Operation Conditions
                Table Business Operation of Medtronic (Sales Revenue, Sales Volume, Price, Cost, Gross Margin)
    4.7 Fillauer (Company Profile, Sales Data etc.)
        4.7.1 Fillauer Profile
                Table Fillauer Overview List
        4.7.2 Fillauer Products & Services
        4.7.3 Fillauer Business Operation Conditions
                Table Business Operation of Fillauer (Sales Revenue, Sales Volume, Price, Cost, Gross Margin)
    4.8 Freedom Innovation (Company Profile, Sales Data etc.)
        4.8.1 Freedom Innovation Profile
                Table Freedom Innovation Overview List
        4.8.2 Freedom Innovation Products & Services
        4.8.3 Freedom Innovation Business Operation Conditions
                Table Business Operation of Freedom Innovation (Sales Revenue, Sales Volume, Price, Cost, Gross Margin)
    4.9 Medacta (Company Profile, Sales Data etc.)
        4.9.1 Medacta Profile
                Table Medacta Overview List
        4.9.2 Medacta Products & Services
        4.9.3 Medacta Business Operation Conditions
                Table Business Operation of Medacta (Sales Revenue, Sales Volume, Price, Cost, Gross Margin)
    4.10 Sientra (Company Profile, Sales Data etc.)
        4.10.1 Sientra Profile
                Table Sientra Overview List
        4.10.2 Sientra Products & Services
        4.10.3 Sientra Business Operation Conditions
                Table Business Operation of Sientra (Sales Revenue, Sales Volume, Price, Cost, Gross Margin)
    4.11 Smith & Nephew (Company Profile, Sales Data etc.)
        4.11.1 Smith & Nephew Profile
                Table Smith & Nephew Overview List
        4.11.2 Smith & Nephew Products & Services
        4.11.3 Smith & Nephew Business Operation Conditions
                Table Business Operation of Smith & Nephew (Sales Revenue, Sales Volume, Price, Cost, Gross Margin)
    4.12 Stryker (Company Profile, Sales Data etc.)
        4.12.1 Stryker Profile
                Table Stryker Overview List
        4.12.2 Stryker Products & Services
        4.12.3 Stryker Business Operation Conditions
                Table Business Operation of Stryker (Sales Revenue, Cost, Gross Margin)
    4.13 Spectrum Designs Medical (Company Profile, Sales Data etc.)
        4.13.1 Spectrum Designs Medical Profile
                Table Spectrum Designs Medical Overview List
        4.13.2 Spectrum Designs Medical Products & Services
        4.13.3 Spectrum Designs Medical Business Operation Conditions
                Table Business Operation of Spectrum Designs Medical (Sales Revenue, Sales Volume, Price, Cost, Gross Margin)
    4.14 St. Jude Medical (Company Profile, Sales Data etc.)
        4.14.1 St. Jude Medical Profile
                Table St. Jude Medical Overview List
        4.14.2 St. Jude Medical Products & Services
        4.14.3 St. Jude Medical Business Operation Conditions
                Table Business Operation of St. Jude Medical (Sales Revenue, Cost, Gross Margin)
    4.15 Zimmer (Company Profile, Sales Data etc.)
        4.15.1 Zimmer Profile
                Table Zimmer Overview List
        4.15.2 Zimmer Products & Services
        4.15.3 Zimmer Business Operation Conditions
                Table Business Operation of Zimmer (Sales Revenue, Cost, Gross Margin)
    4.16 Wanhe Plastic Material (Company Profile, Sales Data etc.)
        4.16.1 Wanhe Plastic Material Profile
                Table Wanhe Plastic Material Overview List
        4.16.2 Wanhe Plastic Material Products & Services
        4.16.3 Wanhe Plastic Material Business Operation Conditions
                Table Business Operation of Wanhe Plastic Material (Sales Revenue, Cost, Gross Margin)
5 Market Competition
    5.1 Company Competition
                Table Global Neurosurgical Prosthesis Sales Revenue 2016-2020, by Company, in USD Million
                Table Global Neurosurgical Prosthesis Sales Revenue Share 2016-2020, by Company, in USD Million
                Figure Global Neurosurgical Prosthesis Sales Revenue Share in 2020, by Company, in USD Million
                Table Global Neurosurgical Prosthesis Sales Volume 2016-2020, by Company, in Volume
                Table Global Neurosurgical Prosthesis Sales Volume Share 2016-2020, by Company, in Volume
                Figure Global Neurosurgical Prosthesis Sales Volume Share in 2020, by Company, in Volume
    5.2 Regional Market by Company
                Figure North America Neurosurgical Prosthesis Market Concentration, in 2020
                Figure Europe Neurosurgical Prosthesis Market Market Concentration, in 2020
                Figure Asia-Pacific Neurosurgical Prosthesis MMarket Concentration, in 2020
                Figure South America Neurosurgical Prosthesis Market Concentration, in 2020
                Figure Middle East & Africa Neurosurgical Prosthesis Market Concentration, in 2020
6 Demand by End Market
    6.1 Demand Situation
        6.1.1 Demand in Hospital
                Figure Neurosurgical Prosthesis Demand in Hospital, 2016-2020, in USD Million
                Figure Neurosurgical Prosthesis Demand in Hospital, 2016-2020, in Volume
        6.1.2 Demand in Clinic
                Figure Neurosurgical Prosthesis Demand in Clinic, 2016-2020, in USD Million
                Figure Neurosurgical Prosthesis Demand in Clinic, 2016-2020, in Volume
        6.1.3 Demand in Others
                Figure Neurosurgical Prosthesis Demand in Others, 2016-2020, in USD Million
                Figure Neurosurgical Prosthesis Demand in Others, 2016-2020, in Volume
    6.2 Regional Demand Comparison
                Table Regional Demand Comparison List
                Table Major Application in Different Regions
    6.3 Demand Forecast
                Table Neurosurgical Prosthesis Demand Forecast 2021-2026, by Application, in USD Million
                Figure Neurosurgical Prosthesis Market Growth 2021-2026, by Application, in USD Million
                Figure Neurosurgical Prosthesis Market Share in 2026, by Application, in USD Million
                Table Neurosurgical Prosthesis Demand Forecast 2021-2026, by Application, in Volume
                Table Neurosurgical Prosthesis Market Growth 2021-2026, by Application, in Volume
                Table Neurosurgical Prosthesis Market Share in 2026, by Application, in Volume
    6.4 Impact of the COVID-19 on the Demand
7 Region Operation
    7.1 Regional Production
                Table Neurosurgical Prosthesis Production 2016-2020, by Region, in USD Million
                Table Neurosurgical Prosthesis Production 2016-2020, by Region, in Volume
    7.2 Regional Market
                Table Global Neurosurgical Prosthesis Market 2016-2020, by Region, in USD Million
                Table Global Neurosurgical Prosthesis Market Share 2016-2020, by Region, in USD Million
                Table Global Neurosurgical Prosthesis Market 2016-2020, by Region, in Volume
                Table Global Neurosurgical Prosthesis Market Share 2016-2020, by Region, in Volume
    7.3 by Region
        7.3.1 North America
            7.3.1.1 Overview
                Figure North America Neurosurgical Prosthesis Market Size and Growth 2016-2020, in USD Million
                Figure North America Neurosurgical Prosthesis Market Size and Growth 2016-2020, in Volume
            7.3.1.2 by Country (U.S., Canada, Mexico)
                Table North America Neurosurgical Prosthesis Market Size 2016-2020, by Country, in USD Million
                Table North America Neurosurgical Prosthesis Market Size 2016-2020, by Country, in Volume
        7.3.2 Europe
            7.3.2.1 Overview
                Figure Europe Neurosurgical Prosthesis Market Size and Growth 2016-2020, in USD Million
                Figure Europe Neurosurgical Prosthesis Market Size and Growth 2016-2020, in Volume
            7.3.2.2 by Country (Germany, U.K., France, Italy, Russia, Spain etc.)
                Table Europe Neurosurgical Prosthesis Market Size 2016-2020, by Country, in USD Million
                Table Europe Neurosurgical Prosthesis Market Size 2016-2020, by Country, in Volume
        7.3.3 Asia-Pacific
            7.3.3.1 Overview
                Figure Asia-Pacific Neurosurgical Prosthesis Market Size and Growth 2016-2020, in USD Million
                Figure Asia-Pacific Neurosurgical Prosthesis Market Size and Growth 2016-2020, in Volume
            7.3.3.2 by Country (China, India, Japan, Southeast Asia etc.)
                Table Asia-Pacific Neurosurgical Prosthesis Market Size 2016-2020, by Country, in USD Million
                Table Asia-Pacific Neurosurgical Prosthesis Market Size 2016-2020, by Country, in Volume
        7.3.4 South America
            7.3.4.1 Overview
                Figure South America Neurosurgical Prosthesis Market Size and Growth 2016-2020, in USD Million
                Figure South America Neurosurgical Prosthesis Market Size and Growth 2016-2020, in Volume
            7.3.4.2 by Country (Brazil, Argentina etc.)
                Table South America Neurosurgical Prosthesis Market Size 2016-2020, by Country, in USD Million
                Table South America Neurosurgical Prosthesis Market Size 2016-2020, by Country, in Volume
        7.3.5 Middle East & Africa
            7.3.5.1 Overview
                Figure Middle East & Africa Neurosurgical Prosthesis Market Size and Growth 2016-2020, in USD Million
                Figure Middle East & Africa Neurosurgical Prosthesis Market Size and Growth 2016-2020, in Volume
            7.3.5.2 by Country (Saudi Arabia, South Africa etc.)
                Table Middle East & Africa Neurosurgical Prosthesis Market Size 2016-2020, by Country, in USD Million
                Table Middle East & Africa Neurosurgical Prosthesis Market Size 2016-2020, by Country, in Volume
    7.4 Regional Import & Export
    7.5 Regional Forecast
                Table Neurosurgical Prosthesis Market Forecast 2021-2026, by Region, in USD Million
                Table Neurosurgical Prosthesis Market Forecast 2021-2026, by Region, in Volume
8 Marketing & Price
    8.1 Price and Margin
        8.1.1 Price Trends
        8.1.2 Factors of Price Change
                Table Price Factors List
        8.1.3 Manufacturers Gross Margin Analysis
    8.2 Marketing Channel
                Figure Marketing Channels Overview
9 Research Conclusion","List of Table
1.                Table Upstream Segment of Neurosurgical Prosthesis
2.                Table Application Segment of Neurosurgical Prosthesis
3.                Table Global Neurosurgical Prosthesis Market 2016-2026, by Application, in USD Million
4.                Table Major Company List of Cochlear Implants
5.                Table Major Company List of Others
6.                Table Global Neurosurgical Prosthesis Market 2016-2020, by Type, in USD Million
7.                Table Global Neurosurgical Prosthesis Market 2016-2020, by Type, in Volume
8.                Table Global Neurosurgical Prosthesis Market Forecast 2021-2026, by Type, in USD Million
9.                Table Global Neurosurgical Prosthesis Market Forecast 2021-2026, by Type, in Volume
10.                Table 3shape Overview List
11.                Table Business Operation of 3shape (Sales Revenue, Sales Volume, Price, Cost, Gross Margin)
12.                Table B.Braun Overview List
13.                Table Business Operation of B.Braun (Sales Revenue, Sales Volume, Price, Cost, Gross Margin)
14.                Table Aesthetic Prosthetics Overview List
15.                Table Business Operation of Aesthetic Prosthetics (Sales Revenue, Sales Volume, Price, Cost, Gross Margin)
16.                Table Boston Scientific Overview List
17.                Table Business Operation of Boston Scientific (Sales Revenue, Sales Volume, Price, Cost, Gross Margin)
18.                Table Arthrex Overview List
19.                Table Business Operation of Arthrex (Sales Revenue, Sales Volume, Price, Cost, Gross Margin)
20.                Table Medtronic Overview List
21.                Table Business Operation of Medtronic (Sales Revenue, Sales Volume, Price, Cost, Gross Margin)
22.                Table Fillauer Overview List
23.                Table Business Operation of Fillauer (Sales Revenue, Sales Volume, Price, Cost, Gross Margin)
24.                Table Freedom Innovation Overview List
25.                Table Business Operation of Freedom Innovation (Sales Revenue, Sales Volume, Price, Cost, Gross Margin)
26.                Table Medacta Overview List
27.                Table Business Operation of Medacta (Sales Revenue, Sales Volume, Price, Cost, Gross Margin)
28.                Table Sientra Overview List
29.                Table Business Operation of Sientra (Sales Revenue, Sales Volume, Price, Cost, Gross Margin)
30.                Table Smith & Nephew Overview List
31.                Table Business Operation of Smith & Nephew (Sales Revenue, Sales Volume, Price, Cost, Gross Margin)
32.                Table Stryker Overview List
33.                Table Business Operation of Stryker (Sales Revenue, Cost, Gross Margin)
34.                Table Spectrum Designs Medical Overview List
35.                Table Business Operation of Spectrum Designs Medical (Sales Revenue, Sales Volume, Price, Cost, Gross Margin)
36.                Table St. Jude Medical Overview List
37.                Table Business Operation of St. Jude Medical (Sales Revenue, Cost, Gross Margin)
38.                Table Zimmer Overview List
39.                Table Business Operation of Zimmer (Sales Revenue, Cost, Gross Margin)
40.                Table Wanhe Plastic Material Overview List
41.                Table Business Operation of Wanhe Plastic Material (Sales Revenue, Cost, Gross Margin)
42.                Table Global Neurosurgical Prosthesis Sales Revenue 2016-2020, by Company, in USD Million
43.                Table Global Neurosurgical Prosthesis Sales Revenue Share 2016-2020, by Company, in USD Million
44.                Table Global Neurosurgical Prosthesis Sales Volume 2016-2020, by Company, in Volume
45.                Table Global Neurosurgical Prosthesis Sales Volume Share 2016-2020, by Company, in Volume
46.                Table Regional Demand Comparison List
47.                Table Major Application in Different Regions
48.                Table Neurosurgical Prosthesis Demand Forecast 2021-2026, by Application, in USD Million
49.                Table Neurosurgical Prosthesis Demand Forecast 2021-2026, by Application, in Volume
50.                Table Neurosurgical Prosthesis Market Growth 2021-2026, by Application, in Volume
51.                Table Neurosurgical Prosthesis Market Share in 2026, by Application, in Volume
52.                Table Neurosurgical Prosthesis Production 2016-2020, by Region, in USD Million
53.                Table Neurosurgical Prosthesis Production 2016-2020, by Region, in Volume
54.                Table Global Neurosurgical Prosthesis Market 2016-2020, by Region, in USD Million
55.                Table Global Neurosurgical Prosthesis Market Share 2016-2020, by Region, in USD Million
56.                Table Global Neurosurgical Prosthesis Market 2016-2020, by Region, in Volume
57.                Table Global Neurosurgical Prosthesis Market Share 2016-2020, by Region, in Volume
58.                Table North America Neurosurgical Prosthesis Market Size 2016-2020, by Country, in USD Million
59.                Table North America Neurosurgical Prosthesis Market Size 2016-2020, by Country, in Volume
60.                Table Europe Neurosurgical Prosthesis Market Size 2016-2020, by Country, in USD Million
61.                Table Europe Neurosurgical Prosthesis Market Size 2016-2020, by Country, in Volume
62.                Table Asia-Pacific Neurosurgical Prosthesis Market Size 2016-2020, by Country, in USD Million
63.                Table Asia-Pacific Neurosurgical Prosthesis Market Size 2016-2020, by Country, in Volume
64.                Table South America Neurosurgical Prosthesis Market Size 2016-2020, by Country, in USD Million
65.                Table South America Neurosurgical Prosthesis Market Size 2016-2020, by Country, in Volume
66.                Table Middle East & Africa Neurosurgical Prosthesis Market Size 2016-2020, by Country, in USD Million
67.                Table Middle East & Africa Neurosurgical Prosthesis Market Size 2016-2020, by Country, in Volume
68.                Table Neurosurgical Prosthesis Market Forecast 2021-2026, by Region, in USD Million
69.                Table Neurosurgical Prosthesis Market Forecast 2021-2026, by Region, in Volume
70.                Table Price Factors List","List of Figure
1.                Figure Neurosurgical Prosthesis Industry Chain Structure
2.                Figure Global Neurosurgical Prosthesis Market Growth 2016-2020, by Type, in USD Million
3.                Figure Global Neurosurgical Prosthesis Market Growth 2016-2020, by Type, in Volume
4.                Figure Global Neurosurgical Prosthesis Sales Revenue Share in 2020, by Company, in USD Million
5.                Figure Global Neurosurgical Prosthesis Sales Volume Share in 2020, by Company, in Volume
6.                Figure North America Neurosurgical Prosthesis Market Concentration, in 2020
7.                Figure Europe Neurosurgical Prosthesis Market Market Concentration, in 2020
8.                Figure Asia-Pacific Neurosurgical Prosthesis MMarket Concentration, in 2020
9.                Figure South America Neurosurgical Prosthesis Market Concentration, in 2020
10.                Figure Middle East & Africa Neurosurgical Prosthesis Market Concentration, in 2020
11.                Figure Neurosurgical Prosthesis Demand in Hospital, 2016-2020, in USD Million
12.                Figure Neurosurgical Prosthesis Demand in Hospital, 2016-2020, in Volume
13.                Figure Neurosurgical Prosthesis Demand in Clinic, 2016-2020, in USD Million
14.                Figure Neurosurgical Prosthesis Demand in Clinic, 2016-2020, in Volume
15.                Figure Neurosurgical Prosthesis Demand in Others, 2016-2020, in USD Million
16.                Figure Neurosurgical Prosthesis Demand in Others, 2016-2020, in Volume
17.                Figure Neurosurgical Prosthesis Market Growth 2021-2026, by Application, in USD Million
18.                Figure Neurosurgical Prosthesis Market Share in 2026, by Application, in USD Million
19.                Figure North America Neurosurgical Prosthesis Market Size and Growth 2016-2020, in USD Million
20.                Figure North America Neurosurgical Prosthesis Market Size and Growth 2016-2020, in Volume
21.                Figure Europe Neurosurgical Prosthesis Market Size and Growth 2016-2020, in USD Million
22.                Figure Europe Neurosurgical Prosthesis Market Size and Growth 2016-2020, in Volume
23.                Figure Asia-Pacific Neurosurgical Prosthesis Market Size and Growth 2016-2020, in USD Million
24.                Figure Asia-Pacific Neurosurgical Prosthesis Market Size and Growth 2016-2020, in Volume
25.                Figure South America Neurosurgical Prosthesis Market Size and Growth 2016-2020, in USD Million
26.                Figure South America Neurosurgical Prosthesis Market Size and Growth 2016-2020, in Volume
27.                Figure Middle East & Africa Neurosurgical Prosthesis Market Size and Growth 2016-2020, in USD Million
28.                Figure Middle East & Africa Neurosurgical Prosthesis Market Size and Growth 2016-2020, in Volume
29.                Figure Marketing Channels Overview","$2,980 ","$5,960 ","$5,960 ",99SGL298Lif20210200024789
7-Apr-21,"Machinery & Equipment","Global Wall Saw Blades for Concrete Cutting Market Analysis 2016-2020 and Forecast 2021-2026","Snapshot
The global Wall Saw Blades for Concrete Cutting market size is estimated at xxx million USD with a CAGR xx% from 2016-2020 and is expected to reach xxx Million USD in 2021 with a CAGR xx% from 2021 to 2026. The report begins from overview of Industry Chain structure, and describes industry environment, then analyses market size and forecast of Wall Saw Blades for Concrete Cutting by product, region and application, in addition, this report introduces market competition situation among the vendors and company profile, besides, market price analysis and value chain features are covered in this report.
Product Type Coverage (Market Size & Forecast, Major Company of Product Type etc.):
        Up to 400mm
        Up to 700mm
        Up to 1000mm
Company Coverage (Company Profile, Sales Revenue, Price, Gross Margin, Main Products etc.):
        Hilti
        Husqvarna
        Cedima
        Tyrolit
        CEDIMA
        Braun Maschinenfabrik
        Demco Technic AG
        Team-D
Application Coverage (Market Size & Forecast, Different Demand Market by Region, Main Consumer Profile etc.):
        Demolition
        Refurbishment
Region Coverage (Regional Production, Demand & Forecast by Countries etc.):
        North America (U.S., Canada, Mexico)
        Europe (Germany, U.K., France, Italy, Russia, Spain etc.)
        Asia-Pacific (China, India, Japan, Southeast Asia etc.)
        South America (Brazil, Argentina etc.)
        Middle East & Africa (Saudi Arabia, South Africa etc.)",86,"Table of Contents
1 Industry Overview
    1.1 Wall Saw Blades for Concrete Cutting Industry
                Figure Wall Saw Blades for Concrete Cutting Industry Chain Structure
        1.1.1 Overview
        1.1.2 Development of Wall Saw Blades for Concrete Cutting
    1.2 Market Segment
        1.2.1 Upstream
                Table Upstream Segment of Wall Saw Blades for Concrete Cutting
        1.2.2 Downstream
                Table Application Segment of Wall Saw Blades for Concrete Cutting
                Table Global Wall Saw Blades for Concrete Cutting Market 2016-2026, by Application, in USD Million
        1.2.3 COVID-19 Impact
    1.3 Cost Analysis
2 Industry Environment (PEST Analysis)
    2.1 Policy
    2.2 Economics
    2.3 Sociology
    2.4 Technology
3 Wall Saw Blades for Concrete Cutting Market by Type
    3.1 By Type
        3.1.1 Up to 400mm
                Table Major Company List of Up to 400mm
        3.1.2 Up to 700mm
                Table Major Company List of Up to 700mm
        3.1.3 Up to 1000mm
                Table Major Company List of Up to 1000mm
    3.2 Market Size
                Table Global Wall Saw Blades for Concrete Cutting Market 2016-2020, by Type, in USD Million
                Figure Global Wall Saw Blades for Concrete Cutting Market Growth 2016-2020, by Type, in USD Million
                Table Global Wall Saw Blades for Concrete Cutting Market 2016-2020, by Type, in Volume
                Figure Global Wall Saw Blades for Concrete Cutting Market Growth 2016-2020, by Type, in Volume
    3.3 Market Forecast
                Table Global Wall Saw Blades for Concrete Cutting Market Forecast 2021-2026, by Type, in USD Million
                Table Global Wall Saw Blades for Concrete Cutting Market Forecast 2021-2026, by Type, in Volume
4 Major Companies List
    4.1 Hilti (Company Profile, Sales Data etc.)
        4.1.1 Hilti Profile
                Table Hilti Overview List
        4.1.2 Hilti Products & Services
        4.1.3 Hilti Business Operation Conditions
                Table Business Operation of Hilti (Sales Revenue, Sales Volume, Price, Cost, Gross Margin)
    4.2 Husqvarna (Company Profile, Sales Data etc.)
        4.2.1 Husqvarna Profile
                Table Husqvarna Overview List
        4.2.2 Husqvarna Products & Services
        4.2.3 Husqvarna Business Operation Conditions
                Table Business Operation of Husqvarna (Sales Revenue, Sales Volume, Price, Cost, Gross Margin)
    4.3 Cedima (Company Profile, Sales Data etc.)
        4.3.1 Cedima Profile
                Table Cedima Overview List
        4.3.2 Cedima Products & Services
        4.3.3 Cedima Business Operation Conditions
                Table Business Operation of Cedima (Sales Revenue, Sales Volume, Price, Cost, Gross Margin)
    4.4 Tyrolit (Company Profile, Sales Data etc.)
        4.4.1 Tyrolit Profile
                Table Tyrolit Overview List
        4.4.2 Tyrolit Products & Services
        4.4.3 Tyrolit Business Operation Conditions
                Table Business Operation of Tyrolit (Sales Revenue, Sales Volume, Price, Cost, Gross Margin)
    4.5 CEDIMA (Company Profile, Sales Data etc.)
        4.5.1 CEDIMA Profile
                Table CEDIMA Overview List
        4.5.2 CEDIMA Products & Services
        4.5.3 CEDIMA Business Operation Conditions
                Table Business Operation of CEDIMA (Sales Revenue, Sales Volume, Price, Cost, Gross Margin)
    4.6 Braun Maschinenfabrik (Company Profile, Sales Data etc.)
        4.6.1 Braun Maschinenfabrik Profile
                Table Braun Maschinenfabrik Overview List
        4.6.2 Braun Maschinenfabrik Products & Services
        4.6.3 Braun Maschinenfabrik Business Operation Conditions
                Table Business Operation of Braun Maschinenfabrik (Sales Revenue, Sales Volume, Price, Cost, Gross Margin)
    4.7 Demco Technic AG (Company Profile, Sales Data etc.)
        4.7.1 Demco Technic AG Profile
                Table Demco Technic AG Overview List
        4.7.2 Demco Technic AG Products & Services
        4.7.3 Demco Technic AG Business Operation Conditions
                Table Business Operation of Demco Technic AG (Sales Revenue, Sales Volume, Price, Cost, Gross Margin)
    4.8 Team-D (Company Profile, Sales Data etc.)
        4.8.1 Team-D Profile
                Table Team-D Overview List
        4.8.2 Team-D Products & Services
        4.8.3 Team-D Business Operation Conditions
                Table Business Operation of Team-D (Sales Revenue, Sales Volume, Price, Cost, Gross Margin)
5 Market Competition
    5.1 Company Competition
                Table Global Wall Saw Blades for Concrete Cutting Sales Revenue 2016-2020, by Company, in USD Million
                Table Global Wall Saw Blades for Concrete Cutting Sales Revenue Share 2016-2020, by Company, in USD Million
                Figure Global Wall Saw Blades for Concrete Cutting Sales Revenue Share in 2020, by Company, in USD Million
                Table Global Wall Saw Blades for Concrete Cutting Sales Volume 2016-2020, by Company, in Volume
                Table Global Wall Saw Blades for Concrete Cutting Sales Volume Share 2016-2020, by Company, in Volume
                Figure Global Wall Saw Blades for Concrete Cutting Sales Volume Share in 2020, by Company, in Volume
    5.2 Regional Market by Company
                Figure North America Wall Saw Blades for Concrete Cutting Market Concentration, in 2020
                Figure Europe Wall Saw Blades for Concrete Cutting Market Market Concentration, in 2020
                Figure Asia-Pacific Wall Saw Blades for Concrete Cutting MMarket Concentration, in 2020
                Figure South America Wall Saw Blades for Concrete Cutting Market Concentration, in 2020
                Figure Middle East & Africa Wall Saw Blades for Concrete Cutting Market Concentration, in 2020
6 Demand by End Market
    6.1 Demand Situation
        6.1.1 Demand in Demolition
                Figure Wall Saw Blades for Concrete Cutting Demand in Demolition, 2016-2020, in USD Million
                Figure Wall Saw Blades for Concrete Cutting Demand in Demolition, 2016-2020, in Volume
        6.1.2 Demand in Refurbishment
                Figure Wall Saw Blades for Concrete Cutting Demand in Refurbishment, 2016-2020, in USD Million
                Figure Wall Saw Blades for Concrete Cutting Demand in Refurbishment, 2016-2020, in Volume
    6.2 Regional Demand Comparison
                Table Regional Demand Comparison List
                Table Major Application in Different Regions
    6.3 Demand Forecast
                Table Wall Saw Blades for Concrete Cutting Demand Forecast 2021-2026, by Application, in USD Million
                Figure Wall Saw Blades for Concrete Cutting Market Growth 2021-2026, by Application, in USD Million
                Figure Wall Saw Blades for Concrete Cutting Market Share in 2026, by Application, in USD Million
                Table Wall Saw Blades for Concrete Cutting Demand Forecast 2021-2026, by Application, in Volume
                Table Wall Saw Blades for Concrete Cutting Market Growth 2021-2026, by Application, in Volume
                Table Wall Saw Blades for Concrete Cutting Market Share in 2026, by Application, in Volume
    6.4 Impact of the COVID-19 on the Demand
7 Region Operation
    7.1 Regional Production
                Table Wall Saw Blades for Concrete Cutting Production 2016-2020, by Region, in USD Million
                Table Wall Saw Blades for Concrete Cutting Production 2016-2020, by Region, in Volume
    7.2 Regional Market
                Table Global Wall Saw Blades for Concrete Cutting Market 2016-2020, by Region, in USD Million
                Table Global Wall Saw Blades for Concrete Cutting Market Share 2016-2020, by Region, in USD Million
                Table Global Wall Saw Blades for Concrete Cutting Market 2016-2020, by Region, in Volume
                Table Global Wall Saw Blades for Concrete Cutting Market Share 2016-2020, by Region, in Volume
    7.3 by Region
        7.3.1 North America
            7.3.1.1 Overview
                Figure North America Wall Saw Blades for Concrete Cutting Market Size and Growth 2016-2020, in USD Million
                Figure North America Wall Saw Blades for Concrete Cutting Market Size and Growth 2016-2020, in Volume
            7.3.1.2 by Country (U.S., Canada, Mexico)
                Table North America Wall Saw Blades for Concrete Cutting Market Size 2016-2020, by Country, in USD Million
                Table North America Wall Saw Blades for Concrete Cutting Market Size 2016-2020, by Country, in Volume
        7.3.2 Europe
            7.3.2.1 Overview
                Figure Europe Wall Saw Blades for Concrete Cutting Market Size and Growth 2016-2020, in USD Million
                Figure Europe Wall Saw Blades for Concrete Cutting Market Size and Growth 2016-2020, in Volume
            7.3.2.2 by Country (Germany, U.K., France, Italy, Russia, Spain etc.)
                Table Europe Wall Saw Blades for Concrete Cutting Market Size 2016-2020, by Country, in USD Million
                Table Europe Wall Saw Blades for Concrete Cutting Market Size 2016-2020, by Country, in Volume
        7.3.3 Asia-Pacific
            7.3.3.1 Overview
                Figure Asia-Pacific Wall Saw Blades for Concrete Cutting Market Size and Growth 2016-2020, in USD Million
                Figure Asia-Pacific Wall Saw Blades for Concrete Cutting Market Size and Growth 2016-2020, in Volume
            7.3.3.2 by Country (China, India, Japan, Southeast Asia etc.)
                Table Asia-Pacific Wall Saw Blades for Concrete Cutting Market Size 2016-2020, by Country, in USD Million
                Table Asia-Pacific Wall Saw Blades for Concrete Cutting Market Size 2016-2020, by Country, in Volume
        7.3.4 South America
            7.3.4.1 Overview
                Figure South America Wall Saw Blades for Concrete Cutting Market Size and Growth 2016-2020, in USD Million
                Figure South America Wall Saw Blades for Concrete Cutting Market Size and Growth 2016-2020, in Volume
            7.3.4.2 by Country (Brazil, Argentina etc.)
                Table South America Wall Saw Blades for Concrete Cutting Market Size 2016-2020, by Country, in USD Million
                Table South America Wall Saw Blades for Concrete Cutting Market Size 2016-2020, by Country, in Volume
        7.3.5 Middle East & Africa
            7.3.5.1 Overview
                Figure Middle East & Africa Wall Saw Blades for Concrete Cutting Market Size and Growth 2016-2020, in USD Million
                Figure Middle East & Africa Wall Saw Blades for Concrete Cutting Market Size and Growth 2016-2020, in Volume
            7.3.5.2 by Country (Saudi Arabia, South Africa etc.)
                Table Middle East & Africa Wall Saw Blades for Concrete Cutting Market Size 2016-2020, by Country, in USD Million
                Table Middle East & Africa Wall Saw Blades for Concrete Cutting Market Size 2016-2020, by Country, in Volume
    7.4 Regional Import & Export
    7.5 Regional Forecast
                Table Wall Saw Blades for Concrete Cutting Market Forecast 2021-2026, by Region, in USD Million
                Table Wall Saw Blades for Concrete Cutting Market Forecast 2021-2026, by Region, in Volume
8 Marketing & Price
    8.1 Price and Margin
        8.1.1 Price Trends
        8.1.2 Factors of Price Change
                Table Price Factors List
        8.1.3 Manufacturers Gross Margin Analysis
    8.2 Marketing Channel
                Figure Marketing Channels Overview
9 Research Conclusion","List of Table
1.                Table Upstream Segment of Wall Saw Blades for Concrete Cutting
2.                Table Application Segment of Wall Saw Blades for Concrete Cutting
3.                Table Global Wall Saw Blades for Concrete Cutting Market 2016-2026, by Application, in USD Million
4.                Table Major Company List of Up to 700mm
5.                Table Major Company List of Up to 1000mm
6.                Table Global Wall Saw Blades for Concrete Cutting Market 2016-2020, by Type, in USD Million
7.                Table Global Wall Saw Blades for Concrete Cutting Market 2016-2020, by Type, in Volume
8.                Table Global Wall Saw Blades for Concrete Cutting Market Forecast 2021-2026, by Type, in USD Million
9.                Table Global Wall Saw Blades for Concrete Cutting Market Forecast 2021-2026, by Type, in Volume
10.                Table Hilti Overview List
11.                Table Business Operation of Hilti (Sales Revenue, Sales Volume, Price, Cost, Gross Margin)
12.                Table Husqvarna Overview List
13.                Table Business Operation of Husqvarna (Sales Revenue, Sales Volume, Price, Cost, Gross Margin)
14.                Table Cedima Overview List
15.                Table Business Operation of Cedima (Sales Revenue, Sales Volume, Price, Cost, Gross Margin)
16.                Table Tyrolit Overview List
17.                Table Business Operation of Tyrolit (Sales Revenue, Sales Volume, Price, Cost, Gross Margin)
18.                Table CEDIMA Overview List
19.                Table Business Operation of CEDIMA (Sales Revenue, Sales Volume, Price, Cost, Gross Margin)
20.                Table Braun Maschinenfabrik Overview List
21.                Table Business Operation of Braun Maschinenfabrik (Sales Revenue, Sales Volume, Price, Cost, Gross Margin)
22.                Table Demco Technic AG Overview List
23.                Table Business Operation of Demco Technic AG (Sales Revenue, Sales Volume, Price, Cost, Gross Margin)
24.                Table Team-D Overview List
25.                Table Business Operation of Team-D (Sales Revenue, Sales Volume, Price, Cost, Gross Margin)
26.                Table Global Wall Saw Blades for Concrete Cutting Sales Revenue 2016-2020, by Company, in USD Million
27.                Table Global Wall Saw Blades for Concrete Cutting Sales Revenue Share 2016-2020, by Company, in USD Million
28.                Table Global Wall Saw Blades for Concrete Cutting Sales Volume 2016-2020, by Company, in Volume
29.                Table Global Wall Saw Blades for Concrete Cutting Sales Volume Share 2016-2020, by Company, in Volume
30.                Table Regional Demand Comparison List
31.                Table Major Application in Different Regions
32.                Table Wall Saw Blades for Concrete Cutting Demand Forecast 2021-2026, by Application, in USD Million
33.                Table Wall Saw Blades for Concrete Cutting Demand Forecast 2021-2026, by Application, in Volume
34.                Table Wall Saw Blades for Concrete Cutting Market Growth 2021-2026, by Application, in Volume
35.                Table Wall Saw Blades for Concrete Cutting Market Share in 2026, by Application, in Volume
36.                Table Wall Saw Blades for Concrete Cutting Production 2016-2020, by Region, in USD Million
37.                Table Wall Saw Blades for Concrete Cutting Production 2016-2020, by Region, in Volume
38.                Table Global Wall Saw Blades for Concrete Cutting Market 2016-2020, by Region, in USD Million
39.                Table Global Wall Saw Blades for Concrete Cutting Market Share 2016-2020, by Region, in USD Million
40.                Table Global Wall Saw Blades for Concrete Cutting Market 2016-2020, by Region, in Volume
41.                Table Global Wall Saw Blades for Concrete Cutting Market Share 2016-2020, by Region, in Volume
42.                Table North America Wall Saw Blades for Concrete Cutting Market Size 2016-2020, by Country, in USD Million
43.                Table North America Wall Saw Blades for Concrete Cutting Market Size 2016-2020, by Country, in Volume
44.                Table Europe Wall Saw Blades for Concrete Cutting Market Size 2016-2020, by Country, in USD Million
45.                Table Europe Wall Saw Blades for Concrete Cutting Market Size 2016-2020, by Country, in Volume
46.                Table Asia-Pacific Wall Saw Blades for Concrete Cutting Market Size 2016-2020, by Country, in USD Million
47.                Table Asia-Pacific Wall Saw Blades for Concrete Cutting Market Size 2016-2020, by Country, in Volume
48.                Table South America Wall Saw Blades for Concrete Cutting Market Size 2016-2020, by Country, in USD Million
49.                Table South America Wall Saw Blades for Concrete Cutting Market Size 2016-2020, by Country, in Volume
50.                Table Middle East & Africa Wall Saw Blades for Concrete Cutting Market Size 2016-2020, by Country, in USD Million
51.                Table Middle East & Africa Wall Saw Blades for Concrete Cutting Market Size 2016-2020, by Country, in Volume
52.                Table Wall Saw Blades for Concrete Cutting Market Forecast 2021-2026, by Region, in USD Million
53.                Table Wall Saw Blades for Concrete Cutting Market Forecast 2021-2026, by Region, in Volume
54.                Table Price Factors List","List of Figure
1.                Figure Wall Saw Blades for Concrete Cutting Industry Chain Structure
2.                Figure Global Wall Saw Blades for Concrete Cutting Market Growth 2016-2020, by Type, in USD Million
3.                Figure Global Wall Saw Blades for Concrete Cutting Market Growth 2016-2020, by Type, in Volume
4.                Figure Global Wall Saw Blades for Concrete Cutting Sales Revenue Share in 2020, by Company, in USD Million
5.                Figure Global Wall Saw Blades for Concrete Cutting Sales Volume Share in 2020, by Company, in Volume
6.                Figure North America Wall Saw Blades for Concrete Cutting Market Concentration, in 2020
7.                Figure Europe Wall Saw Blades for Concrete Cutting Market Market Concentration, in 2020
8.                Figure Asia-Pacific Wall Saw Blades for Concrete Cutting MMarket Concentration, in 2020
9.                Figure South America Wall Saw Blades for Concrete Cutting Market Concentration, in 2020
10.                Figure Middle East & Africa Wall Saw Blades for Concrete Cutting Market Concentration, in 2020
11.                Figure Wall Saw Blades for Concrete Cutting Demand in Demolition, 2016-2020, in USD Million
12.                Figure Wall Saw Blades for Concrete Cutting Demand in Demolition, 2016-2020, in Volume
13.                Figure Wall Saw Blades for Concrete Cutting Demand in Refurbishment, 2016-2020, in USD Million
14.                Figure Wall Saw Blades for Concrete Cutting Demand in Refurbishment, 2016-2020, in Volume
15.                Figure Wall Saw Blades for Concrete Cutting Market Growth 2021-2026, by Application, in USD Million
16.                Figure Wall Saw Blades for Concrete Cutting Market Share in 2026, by Application, in USD Million
17.                Figure North America Wall Saw Blades for Concrete Cutting Market Size and Growth 2016-2020, in USD Million
18.                Figure North America Wall Saw Blades for Concrete Cutting Market Size and Growth 2016-2020, in Volume
19.                Figure Europe Wall Saw Blades for Concrete Cutting Market Size and Growth 2016-2020, in USD Million
20.                Figure Europe Wall Saw Blades for Concrete Cutting Market Size and Growth 2016-2020, in Volume
21.                Figure Asia-Pacific Wall Saw Blades for Concrete Cutting Market Size and Growth 2016-2020, in USD Million
22.                Figure Asia-Pacific Wall Saw Blades for Concrete Cutting Market Size and Growth 2016-2020, in Volume
23.                Figure South America Wall Saw Blades for Concrete Cutting Market Size and Growth 2016-2020, in USD Million
24.                Figure South America Wall Saw Blades for Concrete Cutting Market Size and Growth 2016-2020, in Volume
25.                Figure Middle East & Africa Wall Saw Blades for Concrete Cutting Market Size and Growth 2016-2020, in USD Million
26.                Figure Middle East & Africa Wall Saw Blades for Concrete Cutting Market Size and Growth 2016-2020, in Volume
27.                Figure Marketing Channels Overview","$2,980 ","$5,960 ","$5,960 ",99SGL298Mac20210200024790
7-Apr-21,"Chemical & Material","Global Wall Coverings Market Analysis 2016-2020 and Forecast 2021-2026","Snapshot
The global Wall Coverings market size is estimated at xxx million USD with a CAGR xx% from 2016-2020 and is expected to reach xxx Million USD in 2021 with a CAGR xx% from 2021 to 2026. The report begins from overview of Industry Chain structure, and describes industry environment, then analyses market size and forecast of Wall Coverings by product, region and application, in addition, this report introduces market competition situation among the vendors and company profile, besides, market price analysis and value chain features are covered in this report.
Product Type Coverage (Market Size & Forecast, Major Company of Product Type etc.):
        Natural
        Complex
Company Coverage (Company Profile, Sales Revenue, Price, Gross Margin, Main Products etc.):
        AMORIN
        Corksribas
        USFloors
        Granorte
        MJO Cork
        Home Legend
        We Cork
        Zandur
        Expanko
        Capri cork
        Globus Cork
        Jelinek Cork Group
Application Coverage (Market Size & Forecast, Different Demand Market by Region, Main Consumer Profile etc.):
        Household
        Commerce
Region Coverage (Regional Production, Demand & Forecast by Countries etc.):
        North America (U.S., Canada, Mexico)
        Europe (Germany, U.K., France, Italy, Russia, Spain etc.)
        Asia-Pacific (China, India, Japan, Southeast Asia etc.)
        South America (Brazil, Argentina etc.)
        Middle East & Africa (Saudi Arabia, South Africa etc.)",90,"Table of Contents
1 Industry Overview
    1.1 Wall Coverings Industry
                Figure Wall Coverings Industry Chain Structure
        1.1.1 Overview
        1.1.2 Development of Wall Coverings
    1.2 Market Segment
        1.2.1 Upstream
                Table Upstream Segment of Wall Coverings
        1.2.2 Downstream
                Table Application Segment of Wall Coverings
                Table Global Wall Coverings Market 2016-2026, by Application, in USD Million
        1.2.3 COVID-19 Impact
    1.3 Cost Analysis
2 Industry Environment (PEST Analysis)
    2.1 Policy
    2.2 Economics
    2.3 Sociology
    2.4 Technology
3 Wall Coverings Market by Type
    3.1 By Type
        3.1.1 Natural
                Table Major Company List of Natural
        3.1.2 Complex
                Table Major Company List of Complex
    3.2 Market Size
                Table Global Wall Coverings Market 2016-2020, by Type, in USD Million
                Figure Global Wall Coverings Market Growth 2016-2020, by Type, in USD Million
                Table Global Wall Coverings Market 2016-2020, by Type, in Volume
                Figure Global Wall Coverings Market Growth 2016-2020, by Type, in Volume
    3.3 Market Forecast
                Table Global Wall Coverings Market Forecast 2021-2026, by Type, in USD Million
                Table Global Wall Coverings Market Forecast 2021-2026, by Type, in Volume
4 Major Companies List
    4.1 AMORIN (Company Profile, Sales Data etc.)
        4.1.1 AMORIN Profile
                Table AMORIN Overview List
        4.1.2 AMORIN Products & Services
        4.1.3 AMORIN Business Operation Conditions
                Table Business Operation of AMORIN (Sales Revenue, Sales Volume, Price, Cost, Gross Margin)
    4.2 Corksribas (Company Profile, Sales Data etc.)
        4.2.1 Corksribas Profile
                Table Corksribas Overview List
        4.2.2 Corksribas Products & Services
        4.2.3 Corksribas Business Operation Conditions
                Table Business Operation of Corksribas (Sales Revenue, Sales Volume, Price, Cost, Gross Margin)
    4.3 USFloors (Company Profile, Sales Data etc.)
        4.3.1 USFloors Profile
                Table USFloors Overview List
        4.3.2 USFloors Products & Services
        4.3.3 USFloors Business Operation Conditions
                Table Business Operation of USFloors (Sales Revenue, Sales Volume, Price, Cost, Gross Margin)
    4.4 Granorte (Company Profile, Sales Data etc.)
        4.4.1 Granorte Profile
                Table Granorte Overview List
        4.4.2 Granorte Products & Services
        4.4.3 Granorte Business Operation Conditions
                Table Business Operation of Granorte (Sales Revenue, Sales Volume, Price, Cost, Gross Margin)
    4.5 MJO Cork (Company Profile, Sales Data etc.)
        4.5.1 MJO Cork Profile
                Table MJO Cork Overview List
        4.5.2 MJO Cork Products & Services
        4.5.3 MJO Cork Business Operation Conditions
                Table Business Operation of MJO Cork (Sales Revenue, Sales Volume, Price, Cost, Gross Margin)
    4.6 Home Legend (Company Profile, Sales Data etc.)
        4.6.1 Home Legend Profile
                Table Home Legend Overview List
        4.6.2 Home Legend Products & Services
        4.6.3 Home Legend Business Operation Conditions
                Table Business Operation of Home Legend (Sales Revenue, Sales Volume, Price, Cost, Gross Margin)
    4.7 We Cork (Company Profile, Sales Data etc.)
        4.7.1 We Cork Profile
                Table We Cork Overview List
        4.7.2 We Cork Products & Services
        4.7.3 We Cork Business Operation Conditions
                Table Business Operation of We Cork (Sales Revenue, Sales Volume, Price, Cost, Gross Margin)
    4.8 Zandur (Company Profile, Sales Data etc.)
        4.8.1 Zandur Profile
                Table Zandur Overview List
        4.8.2 Zandur Products & Services
        4.8.3 Zandur Business Operation Conditions
                Table Business Operation of Zandur (Sales Revenue, Sales Volume, Price, Cost, Gross Margin)
    4.9 Expanko (Company Profile, Sales Data etc.)
        4.9.1 Expanko Profile
                Table Expanko Overview List
        4.9.2 Expanko Products & Services
        4.9.3 Expanko Business Operation Conditions
                Table Business Operation of Expanko (Sales Revenue, Sales Volume, Price, Cost, Gross Margin)
    4.10 Capri cork (Company Profile, Sales Data etc.)
        4.10.1 Capri cork Profile
                Table Capri cork Overview List
        4.10.2 Capri cork Products & Services
        4.10.3 Capri cork Business Operation Conditions
                Table Business Operation of Capri cork (Sales Revenue, Sales Volume, Price, Cost, Gross Margin)
    4.11 Globus Cork (Company Profile, Sales Data etc.)
        4.11.1 Globus Cork Profile
                Table Globus Cork Overview List
        4.11.2 Globus Cork Products & Services
        4.11.3 Globus Cork Business Operation Conditions
                Table Business Operation of Globus Cork (Sales Revenue, Sales Volume, Price, Cost, Gross Margin)
    4.12 Jelinek Cork Group (Company Profile, Sales Data etc.)
        4.12.1 Jelinek Cork Group Profile
                Table Jelinek Cork Group Overview List
        4.12.2 Jelinek Cork Group Products & Services
        4.12.3 Jelinek Cork Group Business Operation Conditions
                Table Business Operation of Jelinek Cork Group (Sales Revenue, Cost, Gross Margin)
5 Market Competition
    5.1 Company Competition
                Table Global Wall Coverings Sales Revenue 2016-2020, by Company, in USD Million
                Table Global Wall Coverings Sales Revenue Share 2016-2020, by Company, in USD Million
                Figure Global Wall Coverings Sales Revenue Share in 2020, by Company, in USD Million
                Table Global Wall Coverings Sales Volume 2016-2020, by Company, in Volume
                Table Global Wall Coverings Sales Volume Share 2016-2020, by Company, in Volume
                Figure Global Wall Coverings Sales Volume Share in 2020, by Company, in Volume
    5.2 Regional Market by Company
                Figure North America Wall Coverings Market Concentration, in 2020
                Figure Europe Wall Coverings Market Market Concentration, in 2020
                Figure Asia-Pacific Wall Coverings MMarket Concentration, in 2020
                Figure South America Wall Coverings Market Concentration, in 2020
                Figure Middle East & Africa Wall Coverings Market Concentration, in 2020
6 Demand by End Market
    6.1 Demand Situation
        6.1.1 Demand in Household
                Figure Wall Coverings Demand in Household, 2016-2020, in USD Million
                Figure Wall Coverings Demand in Household, 2016-2020, in Volume
        6.1.2 Demand in Commerce
                Figure Wall Coverings Demand in Commerce, 2016-2020, in USD Million
                Figure Wall Coverings Demand in Commerce, 2016-2020, in Volume
    6.2 Regional Demand Comparison
                Table Regional Demand Comparison List
                Table Major Application in Different Regions
    6.3 Demand Forecast
                Table Wall Coverings Demand Forecast 2021-2026, by Application, in USD Million
                Figure Wall Coverings Market Growth 2021-2026, by Application, in USD Million
                Figure Wall Coverings Market Share in 2026, by Application, in USD Million
                Table Wall Coverings Demand Forecast 2021-2026, by Application, in Volume
                Table Wall Coverings Market Growth 2021-2026, by Application, in Volume
                Table Wall Coverings Market Share in 2026, by Application, in Volume
    6.4 Impact of the COVID-19 on the Demand
7 Region Operation
    7.1 Regional Production
                Table Wall Coverings Production 2016-2020, by Region, in USD Million
                Table Wall Coverings Production 2016-2020, by Region, in Volume
    7.2 Regional Market
                Table Global Wall Coverings Market 2016-2020, by Region, in USD Million
                Table Global Wall Coverings Market Share 2016-2020, by Region, in USD Million
                Table Global Wall Coverings Market 2016-2020, by Region, in Volume
                Table Global Wall Coverings Market Share 2016-2020, by Region, in Volume
    7.3 by Region
        7.3.1 North America
            7.3.1.1 Overview
                Figure North America Wall Coverings Market Size and Growth 2016-2020, in USD Million
                Figure North America Wall Coverings Market Size and Growth 2016-2020, in Volume
            7.3.1.2 by Country (U.S., Canada, Mexico)
                Table North America Wall Coverings Market Size 2016-2020, by Country, in USD Million
                Table North America Wall Coverings Market Size 2016-2020, by Country, in Volume
        7.3.2 Europe
            7.3.2.1 Overview
                Figure Europe Wall Coverings Market Size and Growth 2016-2020, in USD Million
                Figure Europe Wall Coverings Market Size and Growth 2016-2020, in Volume
            7.3.2.2 by Country (Germany, U.K., France, Italy, Russia, Spain etc.)
                Table Europe Wall Coverings Market Size 2016-2020, by Country, in USD Million
                Table Europe Wall Coverings Market Size 2016-2020, by Country, in Volume
        7.3.3 Asia-Pacific
            7.3.3.1 Overview
                Figure Asia-Pacific Wall Coverings Market Size and Growth 2016-2020, in USD Million
                Figure Asia-Pacific Wall Coverings Market Size and Growth 2016-2020, in Volume
            7.3.3.2 by Country (China, India, Japan, Southeast Asia etc.)
                Table Asia-Pacific Wall Coverings Market Size 2016-2020, by Country, in USD Million
                Table Asia-Pacific Wall Coverings Market Size 2016-2020, by Country, in Volume
        7.3.4 South America
            7.3.4.1 Overview
                Figure South America Wall Coverings Market Size and Growth 2016-2020, in USD Million
                Figure South America Wall Coverings Market Size and Growth 2016-2020, in Volume
            7.3.4.2 by Country (Brazil, Argentina etc.)
                Table South America Wall Coverings Market Size 2016-2020, by Country, in USD Million
                Table South America Wall Coverings Market Size 2016-2020, by Country, in Volume
        7.3.5 Middle East & Africa
            7.3.5.1 Overview
                Figure Middle East & Africa Wall Coverings Market Size and Growth 2016-2020, in USD Million
                Figure Middle East & Africa Wall Coverings Market Size and Growth 2016-2020, in Volume
            7.3.5.2 by Country (Saudi Arabia, South Africa etc.)
                Table Middle East & Africa Wall Coverings Market Size 2016-2020, by Country, in USD Million
                Table Middle East & Africa Wall Coverings Market Size 2016-2020, by Country, in Volume
    7.4 Regional Import & Export
    7.5 Regional Forecast
                Table Wall Coverings Market Forecast 2021-2026, by Region, in USD Million
                Table Wall Coverings Market Forecast 2021-2026, by Region, in Volume
8 Marketing & Price
    8.1 Price and Margin
        8.1.1 Price Trends
        8.1.2 Factors of Price Change
                Table Price Factors List
        8.1.3 Manufacturers Gross Margin Analysis
    8.2 Marketing Channel
                Figure Marketing Channels Overview
9 Research Conclusion","List of Table
1.                Table Upstream Segment of Wall Coverings
2.                Table Application Segment of Wall Coverings
3.                Table Global Wall Coverings Market 2016-2026, by Application, in USD Million
4.                Table Major Company List of Complex
5.                Table Global Wall Coverings Market 2016-2020, by Type, in USD Million
6.                Table Global Wall Coverings Market 2016-2020, by Type, in Volume
7.                Table Global Wall Coverings Market Forecast 2021-2026, by Type, in USD Million
8.                Table Global Wall Coverings Market Forecast 2021-2026, by Type, in Volume
9.                Table AMORIN Overview List
10.                Table Business Operation of AMORIN (Sales Revenue, Sales Volume, Price, Cost, Gross Margin)
11.                Table Corksribas Overview List
12.                Table Business Operation of Corksribas (Sales Revenue, Sales Volume, Price, Cost, Gross Margin)
13.                Table USFloors Overview List
14.                Table Business Operation of USFloors (Sales Revenue, Sales Volume, Price, Cost, Gross Margin)
15.                Table Granorte Overview List
16.                Table Business Operation of Granorte (Sales Revenue, Sales Volume, Price, Cost, Gross Margin)
17.                Table MJO Cork Overview List
18.                Table Business Operation of MJO Cork (Sales Revenue, Sales Volume, Price, Cost, Gross Margin)
19.                Table Home Legend Overview List
20.                Table Business Operation of Home Legend (Sales Revenue, Sales Volume, Price, Cost, Gross Margin)
21.                Table We Cork Overview List
22.                Table Business Operation of We Cork (Sales Revenue, Sales Volume, Price, Cost, Gross Margin)
23.                Table Zandur Overview List
24.                Table Business Operation of Zandur (Sales Revenue, Sales Volume, Price, Cost, Gross Margin)
25.                Table Expanko Overview List
26.                Table Business Operation of Expanko (Sales Revenue, Sales Volume, Price, Cost, Gross Margin)
27.                Table Capri cork Overview List
28.                Table Business Operation of Capri cork (Sales Revenue, Sales Volume, Price, Cost, Gross Margin)
29.                Table Globus Cork Overview List
30.                Table Business Operation of Globus Cork (Sales Revenue, Sales Volume, Price, Cost, Gross Margin)
31.                Table Jelinek Cork Group Overview List
32.                Table Business Operation of Jelinek Cork Group (Sales Revenue, Cost, Gross Margin)
33.                Table Global Wall Coverings Sales Revenue 2016-2020, by Company, in USD Million
34.                Table Global Wall Coverings Sales Revenue Share 2016-2020, by Company, in USD Million
35.                Table Global Wall Coverings Sales Volume 2016-2020, by Company, in Volume
36.                Table Global Wall Coverings Sales Volume Share 2016-2020, by Company, in Volume
37.                Table Regional Demand Comparison List
38.                Table Major Application in Different Regions
39.                Table Wall Coverings Demand Forecast 2021-2026, by Application, in USD Million
40.                Table Wall Coverings Demand Forecast 2021-2026, by Application, in Volume
41.                Table Wall Coverings Market Growth 2021-2026, by Application, in Volume
42.                Table Wall Coverings Market Share in 2026, by Application, in Volume
43.                Table Wall Coverings Production 2016-2020, by Region, in USD Million
44.                Table Wall Coverings Production 2016-2020, by Region, in Volume
45.                Table Global Wall Coverings Market 2016-2020, by Region, in USD Million
46.                Table Global Wall Coverings Market Share 2016-2020, by Region, in USD Million
47.                Table Global Wall Coverings Market 2016-2020, by Region, in Volume
48.                Table Global Wall Coverings Market Share 2016-2020, by Region, in Volume
49.                Table North America Wall Coverings Market Size 2016-2020, by Country, in USD Million
50.                Table North America Wall Coverings Market Size 2016-2020, by Country, in Volume
51.                Table Europe Wall Coverings Market Size 2016-2020, by Country, in USD Million
52.                Table Europe Wall Coverings Market Size 2016-2020, by Country, in Volume
53.                Table Asia-Pacific Wall Coverings Market Size 2016-2020, by Country, in USD Million
54.                Table Asia-Pacific Wall Coverings Market Size 2016-2020, by Country, in Volume
55.                Table South America Wall Coverings Market Size 2016-2020, by Country, in USD Million
56.                Table South America Wall Coverings Market Size 2016-2020, by Country, in Volume
57.                Table Middle East & Africa Wall Coverings Market Size 2016-2020, by Country, in USD Million
58.                Table Middle East & Africa Wall Coverings Market Size 2016-2020, by Country, in Volume
59.                Table Wall Coverings Market Forecast 2021-2026, by Region, in USD Million
60.                Table Wall Coverings Market Forecast 2021-2026, by Region, in Volume
61.                Table Price Factors List","List of Figure
1.                Figure Wall Coverings Industry Chain Structure
2.                Figure Global Wall Coverings Market Growth 2016-2020, by Type, in USD Million
3.                Figure Global Wall Coverings Market Growth 2016-2020, by Type, in Volume
4.                Figure Global Wall Coverings Sales Revenue Share in 2020, by Company, in USD Million
5.                Figure Global Wall Coverings Sales Volume Share in 2020, by Company, in Volume
6.                Figure North America Wall Coverings Market Concentration, in 2020
7.                Figure Europe Wall Coverings Market Market Concentration, in 2020
8.                Figure Asia-Pacific Wall Coverings MMarket Concentration, in 2020
9.                Figure South America Wall Coverings Market Concentration, in 2020
10.                Figure Middle East & Africa Wall Coverings Market Concentration, in 2020
11.                Figure Wall Coverings Demand in Household, 2016-2020, in USD Million
12.                Figure Wall Coverings Demand in Household, 2016-2020, in Volume
13.                Figure Wall Coverings Demand in Commerce, 2016-2020, in USD Million
14.                Figure Wall Coverings Demand in Commerce, 2016-2020, in Volume
15.                Figure Wall Coverings Market Growth 2021-2026, by Application, in USD Million
16.                Figure Wall Coverings Market Share in 2026, by Application, in USD Million
17.                Figure North America Wall Coverings Market Size and Growth 2016-2020, in USD Million
18.                Figure North America Wall Coverings Market Size and Growth 2016-2020, in Volume
19.                Figure Europe Wall Coverings Market Size and Growth 2016-2020, in USD Million
20.                Figure Europe Wall Coverings Market Size and Growth 2016-2020, in Volume
21.                Figure Asia-Pacific Wall Coverings Market Size and Growth 2016-2020, in USD Million
22.                Figure Asia-Pacific Wall Coverings Market Size and Growth 2016-2020, in Volume
23.                Figure South America Wall Coverings Market Size and Growth 2016-2020, in USD Million
24.                Figure South America Wall Coverings Market Size and Growth 2016-2020, in Volume
25.                Figure Middle East & Africa Wall Coverings Market Size and Growth 2016-2020, in USD Million
26.                Figure Middle East & Africa Wall Coverings Market Size and Growth 2016-2020, in Volume
27.                Figure Marketing Channels Overview","$2,980 ","$5,960 ","$5,960 ",99SGL298Che20210200024791
7-Apr-21,"Chemical & Material","Global Sodium Carbonate (CAS 497-19-8) Market Analysis 2016-2020 and Forecast 2021-2026","Snapshot
The global Sodium Carbonate (CAS 497-19-8) market size is estimated at xxx million USD with a CAGR xx% from 2016-2020 and is expected to reach xxx Million USD in 2021 with a CAGR xx% from 2021 to 2026. The report begins from overview of Industry Chain structure, and describes industry environment, then analyses market size and forecast of Sodium Carbonate (CAS 497-19-8) by product, region and application, in addition, this report introduces market competition situation among the vendors and company profile, besides, market price analysis and value chain features are covered in this report.
Product Type Coverage (Market Size & Forecast, Major Company of Product Type etc.):
        Natural
        Synthetic
Company Coverage (Company Profile, Sales Revenue, Price, Gross Margin, Main Products etc.):
        Solvay
        DOW
        Tokuyama
        Tronox Limited
        Omnia
        OCI Chemical Corporation
        Tianjin Bohua YongLi Chemical Industry
        China Petrochemical Corporation Nanjin Chemical Industrial
        Shandong Haihua Group
        Lite Technology
        Haohua Chemical
        Weifang Yuanhua Chemical
        Shijiazhuang Runhong Technology
Application Coverage (Market Size & Forecast, Different Demand Market by Region, Main Consumer Profile etc.):
        Food Industry
        Pharmaceuticals
        Paper
        Metallurgical
        Glass
        Textile & Dye
        Others
Region Coverage (Regional Production, Demand & Forecast by Countries etc.):
        North America (U.S., Canada, Mexico)
        Europe (Germany, U.K., France, Italy, Russia, Spain etc.)
        Asia-Pacific (China, India, Japan, Southeast Asia etc.)
        South America (Brazil, Argentina etc.)
        Middle East & Africa (Saudi Arabia, South Africa etc.)",99,"Table of Contents
1 Industry Overview
    1.1 Sodium Carbonate (CAS 497-19-8) Industry
                Figure Sodium Carbonate (CAS 497-19-8) Industry Chain Structure
        1.1.1 Overview
        1.1.2 Development of Sodium Carbonate (CAS 497-19-8)
    1.2 Market Segment
        1.2.1 Upstream
                Table Upstream Segment of Sodium Carbonate (CAS 497-19-8)
        1.2.2 Downstream
                Table Application Segment of Sodium Carbonate (CAS 497-19-8)
                Table Global Sodium Carbonate (CAS 497-19-8) Market 2016-2026, by Application, in USD Million
        1.2.3 COVID-19 Impact
    1.3 Cost Analysis
2 Industry Environment (PEST Analysis)
    2.1 Policy
    2.2 Economics
    2.3 Sociology
    2.4 Technology
3 Sodium Carbonate (CAS 497-19-8) Market by Type
    3.1 By Type
        3.1.1 Natural
                Table Major Company List of Natural
        3.1.2 Synthetic
                Table Major Company List of Synthetic
    3.2 Market Size
                Table Global Sodium Carbonate (CAS 497-19-8) Market 2016-2020, by Type, in USD Million
                Figure Global Sodium Carbonate (CAS 497-19-8) Market Growth 2016-2020, by Type, in USD Million
                Table Global Sodium Carbonate (CAS 497-19-8) Market 2016-2020, by Type, in Volume
                Figure Global Sodium Carbonate (CAS 497-19-8) Market Growth 2016-2020, by Type, in Volume
    3.3 Market Forecast
                Table Global Sodium Carbonate (CAS 497-19-8) Market Forecast 2021-2026, by Type, in USD Million
                Table Global Sodium Carbonate (CAS 497-19-8) Market Forecast 2021-2026, by Type, in Volume
4 Major Companies List
    4.1 Solvay (Company Profile, Sales Data etc.)
        4.1.1 Solvay Profile
                Table Solvay Overview List
        4.1.2 Solvay Products & Services
        4.1.3 Solvay Business Operation Conditions
                Table Business Operation of Solvay (Sales Revenue, Sales Volume, Price, Cost, Gross Margin)
    4.2 DOW (Company Profile, Sales Data etc.)
        4.2.1 DOW Profile
                Table DOW Overview List
        4.2.2 DOW Products & Services
        4.2.3 DOW Business Operation Conditions
                Table Business Operation of DOW (Sales Revenue, Sales Volume, Price, Cost, Gross Margin)
    4.3 Tokuyama (Company Profile, Sales Data etc.)
        4.3.1 Tokuyama Profile
                Table Tokuyama Overview List
        4.3.2 Tokuyama Products & Services
        4.3.3 Tokuyama Business Operation Conditions
                Table Business Operation of Tokuyama (Sales Revenue, Sales Volume, Price, Cost, Gross Margin)
    4.4 Tronox Limited (Company Profile, Sales Data etc.)
        4.4.1 Tronox Limited Profile
                Table Tronox Limited Overview List
        4.4.2 Tronox Limited Products & Services
        4.4.3 Tronox Limited Business Operation Conditions
                Table Business Operation of Tronox Limited (Sales Revenue, Sales Volume, Price, Cost, Gross Margin)
    4.5 Omnia (Company Profile, Sales Data etc.)
        4.5.1 Omnia Profile
                Table Omnia Overview List
        4.5.2 Omnia Products & Services
        4.5.3 Omnia Business Operation Conditions
                Table Business Operation of Omnia (Sales Revenue, Sales Volume, Price, Cost, Gross Margin)
    4.6 OCI Chemical Corporation (Company Profile, Sales Data etc.)
        4.6.1 OCI Chemical Corporation Profile
                Table OCI Chemical Corporation Overview List
        4.6.2 OCI Chemical Corporation Products & Services
        4.6.3 OCI Chemical Corporation Business Operation Conditions
                Table Business Operation of OCI Chemical Corporation (Sales Revenue, Sales Volume, Price, Cost, Gross Margin)
    4.7 Tianjin Bohua YongLi Chemical Industry (Company Profile, Sales Data etc.)
        4.7.1 Tianjin Bohua YongLi Chemical Industry Profile
                Table Tianjin Bohua YongLi Chemical Industry Overview List
        4.7.2 Tianjin Bohua YongLi Chemical Industry Products & Services
        4.7.3 Tianjin Bohua YongLi Chemical Industry Business Operation Conditions
                Table Business Operation of Tianjin Bohua YongLi Chemical Industry (Sales Revenue, Sales Volume, Price, Cost, Gross Margin)
    4.8 China Petrochemical Corporation Nanjin Chemical Industrial (Company Profile, Sales Data etc.)
        4.8.1 China Petrochemical Corporation Nanjin Chemical Industrial Profile
                Table China Petrochemical Corporation Nanjin Chemical Industrial Overview List
        4.8.2 China Petrochemical Corporation Nanjin Chemical Industrial Products & Services
        4.8.3 China Petrochemical Corporation Nanjin Chemical Industrial Business Operation Conditions
                Table Business Operation of China Petrochemical Corporation Nanjin Chemical Industrial (Sales Revenue, Sales Volume, Price, Cost, Gross Margin)
    4.9 Shandong Haihua Group (Company Profile, Sales Data etc.)
        4.9.1 Shandong Haihua Group Profile
                Table Shandong Haihua Group Overview List
        4.9.2 Shandong Haihua Group Products & Services
        4.9.3 Shandong Haihua Group Business Operation Conditions
                Table Business Operation of Shandong Haihua Group (Sales Revenue, Sales Volume, Price, Cost, Gross Margin)
    4.10 Lite Technology (Company Profile, Sales Data etc.)
        4.10.1 Lite Technology Profile
                Table Lite Technology Overview List
        4.10.2 Lite Technology Products & Services
        4.10.3 Lite Technology Business Operation Conditions
                Table Business Operation of Lite Technology (Sales Revenue, Sales Volume, Price, Cost, Gross Margin)
    4.11 Haohua Chemical (Company Profile, Sales Data etc.)
        4.11.1 Haohua Chemical Profile
                Table Haohua Chemical Overview List
        4.11.2 Haohua Chemical Products & Services
        4.11.3 Haohua Chemical Business Operation Conditions
                Table Business Operation of Haohua Chemical (Sales Revenue, Sales Volume, Price, Cost, Gross Margin)
    4.12 Weifang Yuanhua Chemical (Company Profile, Sales Data etc.)
        4.12.1 Weifang Yuanhua Chemical Profile
                Table Weifang Yuanhua Chemical Overview List
        4.12.2 Weifang Yuanhua Chemical Products & Services
        4.12.3 Weifang Yuanhua Chemical Business Operation Conditions
                Table Business Operation of Weifang Yuanhua Chemical (Sales Revenue, Cost, Gross Margin)
    4.13 Shijiazhuang Runhong Technology (Company Profile, Sales Data etc.)
        4.13.1 Shijiazhuang Runhong Technology Profile
                Table Shijiazhuang Runhong Technology Overview List
        4.13.2 Shijiazhuang Runhong Technology Products & Services
        4.13.3 Shijiazhuang Runhong Technology Business Operation Conditions
                Table Business Operation of Shijiazhuang Runhong Technology (Sales Revenue, Sales Volume, Price, Cost, Gross Margin)
5 Market Competition
    5.1 Company Competition
                Table Global Sodium Carbonate (CAS 497-19-8) Sales Revenue 2016-2020, by Company, in USD Million
                Table Global Sodium Carbonate (CAS 497-19-8) Sales Revenue Share 2016-2020, by Company, in USD Million
                Figure Global Sodium Carbonate (CAS 497-19-8) Sales Revenue Share in 2020, by Company, in USD Million
                Table Global Sodium Carbonate (CAS 497-19-8) Sales Volume 2016-2020, by Company, in Volume
                Table Global Sodium Carbonate (CAS 497-19-8) Sales Volume Share 2016-2020, by Company, in Volume
                Figure Global Sodium Carbonate (CAS 497-19-8) Sales Volume Share in 2020, by Company, in Volume
    5.2 Regional Market by Company
                Figure North America Sodium Carbonate (CAS 497-19-8) Market Concentration, in 2020
                Figure Europe Sodium Carbonate (CAS 497-19-8) Market Market Concentration, in 2020
                Figure Asia-Pacific Sodium Carbonate (CAS 497-19-8) MMarket Concentration, in 2020
                Figure South America Sodium Carbonate (CAS 497-19-8) Market Concentration, in 2020
                Figure Middle East & Africa Sodium Carbonate (CAS 497-19-8) Market Concentration, in 2020
6 Demand by End Market
    6.1 Demand Situation
        6.1.1 Demand in Food Industry
                Figure Sodium Carbonate (CAS 497-19-8) Demand in Food Industry, 2016-2020, in USD Million
                Figure Sodium Carbonate (CAS 497-19-8) Demand in Food Industry, 2016-2020, in Volume
        6.1.2 Demand in Pharmaceuticals
                Figure Sodium Carbonate (CAS 497-19-8) Demand in Pharmaceuticals, 2016-2020, in USD Million
                Figure Sodium Carbonate (CAS 497-19-8) Demand in Pharmaceuticals, 2016-2020, in Volume
        6.1.3 Demand in Paper
                Figure Sodium Carbonate (CAS 497-19-8) Demand in Paper, 2016-2020, in USD Million
                Figure Sodium Carbonate (CAS 497-19-8) Demand in Paper, 2016-2020, in Volume
        6.1.4 Demand in Metallurgical
                Figure Sodium Carbonate (CAS 497-19-8) Demand in Metallurgical, 2016-2020, in USD Million
                Figure Sodium Carbonate (CAS 497-19-8) Demand in Metallurgical, 2016-2020, in Volume
        6.1.5 Demand in Glass
                Figure Sodium Carbonate (CAS 497-19-8) Demand in Glass, 2016-2020, in USD Million
                Figure Sodium Carbonate (CAS 497-19-8) Demand in Glass, 2016-2020, in Volume
        6.1.6 Demand in Textile & Dye
                Figure Sodium Carbonate (CAS 497-19-8) Demand in Textile & Dye, 2016-2020, in USD Million
                Figure Sodium Carbonate (CAS 497-19-8) Demand in Textile & Dye, 2016-2020, in Volume
        6.1.7 Demand in Others
                Figure Sodium Carbonate (CAS 497-19-8) Demand in Others, 2016-2020, in USD Million
                Figure Sodium Carbonate (CAS 497-19-8) Demand in Others, 2016-2020, in Volume
    6.2 Regional Demand Comparison
                Table Regional Demand Comparison List
                Table Major Application in Different Regions
    6.3 Demand Forecast
                Table Sodium Carbonate (CAS 497-19-8) Demand Forecast 2021-2026, by Application, in USD Million
                Figure Sodium Carbonate (CAS 497-19-8) Market Growth 2021-2026, by Application, in USD Million
                Figure Sodium Carbonate (CAS 497-19-8) Market Share in 2026, by Application, in USD Million
                Table Sodium Carbonate (CAS 497-19-8) Demand Forecast 2021-2026, by Application, in Volume
                Table Sodium Carbonate (CAS 497-19-8) Market Growth 2021-2026, by Application, in Volume
                Table Sodium Carbonate (CAS 497-19-8) Market Share in 2026, by Application, in Volume
    6.4 Impact of the COVID-19 on the Demand
7 Region Operation
    7.1 Regional Production
                Table Sodium Carbonate (CAS 497-19-8) Production 2016-2020, by Region, in USD Million
                Table Sodium Carbonate (CAS 497-19-8) Production 2016-2020, by Region, in Volume
    7.2 Regional Market
                Table Global Sodium Carbonate (CAS 497-19-8) Market 2016-2020, by Region, in USD Million
                Table Global Sodium Carbonate (CAS 497-19-8) Market Share 2016-2020, by Region, in USD Million
                Table Global Sodium Carbonate (CAS 497-19-8) Market 2016-2020, by Region, in Volume
                Table Global Sodium Carbonate (CAS 497-19-8) Market Share 2016-2020, by Region, in Volume
    7.3 by Region
        7.3.1 North America
            7.3.1.1 Overview
                Figure North America Sodium Carbonate (CAS 497-19-8) Market Size and Growth 2016-2020, in USD Million
                Figure North America Sodium Carbonate (CAS 497-19-8) Market Size and Growth 2016-2020, in Volume
            7.3.1.2 by Country (U.S., Canada, Mexico)
                Table North America Sodium Carbonate (CAS 497-19-8) Market Size 2016-2020, by Country, in USD Million
                Table North America Sodium Carbonate (CAS 497-19-8) Market Size 2016-2020, by Country, in Volume
        7.3.2 Europe
            7.3.2.1 Overview
                Figure Europe Sodium Carbonate (CAS 497-19-8) Market Size and Growth 2016-2020, in USD Million
                Figure Europe Sodium Carbonate (CAS 497-19-8) Market Size and Growth 2016-2020, in Volume
            7.3.2.2 by Country (Germany, U.K., France, Italy, Russia, Spain etc.)
                Table Europe Sodium Carbonate (CAS 497-19-8) Market Size 2016-2020, by Country, in USD Million
                Table Europe Sodium Carbonate (CAS 497-19-8) Market Size 2016-2020, by Country, in Volume
        7.3.3 Asia-Pacific
            7.3.3.1 Overview
                Figure Asia-Pacific Sodium Carbonate (CAS 497-19-8) Market Size and Growth 2016-2020, in USD Million
                Figure Asia-Pacific Sodium Carbonate (CAS 497-19-8) Market Size and Growth 2016-2020, in Volume
            7.3.3.2 by Country (China, India, Japan, Southeast Asia etc.)
                Table Asia-Pacific Sodium Carbonate (CAS 497-19-8) Market Size 2016-2020, by Country, in USD Million
                Table Asia-Pacific Sodium Carbonate (CAS 497-19-8) Market Size 2016-2020, by Country, in Volume
        7.3.4 South America
            7.3.4.1 Overview
                Figure South America Sodium Carbonate (CAS 497-19-8) Market Size and Growth 2016-2020, in USD Million
                Figure South America Sodium Carbonate (CAS 497-19-8) Market Size and Growth 2016-2020, in Volume
            7.3.4.2 by Country (Brazil, Argentina etc.)
                Table South America Sodium Carbonate (CAS 497-19-8) Market Size 2016-2020, by Country, in USD Million
                Table South America Sodium Carbonate (CAS 497-19-8) Market Size 2016-2020, by Country, in Volume
        7.3.5 Middle East & Africa
            7.3.5.1 Overview
                Figure Middle East & Africa Sodium Carbonate (CAS 497-19-8) Market Size and Growth 2016-2020, in USD Million
                Figure Middle East & Africa Sodium Carbonate (CAS 497-19-8) Market Size and Growth 2016-2020, in Volume
            7.3.5.2 by Country (Saudi Arabia, South Africa etc.)
                Table Middle East & Africa Sodium Carbonate (CAS 497-19-8) Market Size 2016-2020, by Country, in USD Million
                Table Middle East & Africa Sodium Carbonate (CAS 497-19-8) Market Size 2016-2020, by Country, in Volume
    7.4 Regional Import & Export
    7.5 Regional Forecast
                Table Sodium Carbonate (CAS 497-19-8) Market Forecast 2021-2026, by Region, in USD Million
                Table Sodium Carbonate (CAS 497-19-8) Market Forecast 2021-2026, by Region, in Volume
8 Marketing & Price
    8.1 Price and Margin
        8.1.1 Price Trends
        8.1.2 Factors of Price Change
                Table Price Factors List
        8.1.3 Manufacturers Gross Margin Analysis
    8.2 Marketing Channel
                Figure Marketing Channels Overview
9 Research Conclusion","List of Table
1.                Table Upstream Segment of Sodium Carbonate (CAS 497-19-8)
2.                Table Application Segment of Sodium Carbonate (CAS 497-19-8)
3.                Table Global Sodium Carbonate (CAS 497-19-8) Market 2016-2026, by Application, in USD Million
4.                Table Major Company List of Synthetic
5.                Table Global Sodium Carbonate (CAS 497-19-8) Market 2016-2020, by Type, in USD Million
6.                Table Global Sodium Carbonate (CAS 497-19-8) Market 2016-2020, by Type, in Volume
7.                Table Global Sodium Carbonate (CAS 497-19-8) Market Forecast 2021-2026, by Type, in USD Million
8.                Table Global Sodium Carbonate (CAS 497-19-8) Market Forecast 2021-2026, by Type, in Volume
9.                Table Solvay Overview List
10.                Table Business Operation of Solvay (Sales Revenue, Sales Volume, Price, Cost, Gross Margin)
11.                Table DOW Overview List
12.                Table Business Operation of DOW (Sales Revenue, Sales Volume, Price, Cost, Gross Margin)
13.                Table Tokuyama Overview List
14.                Table Business Operation of Tokuyama (Sales Revenue, Sales Volume, Price, Cost, Gross Margin)
15.                Table Tronox Limited Overview List
16.                Table Business Operation of Tronox Limited (Sales Revenue, Sales Volume, Price, Cost, Gross Margin)
17.                Table Omnia Overview List
18.                Table Business Operation of Omnia (Sales Revenue, Sales Volume, Price, Cost, Gross Margin)
19.                Table OCI Chemical Corporation Overview List
20.                Table Business Operation of OCI Chemical Corporation (Sales Revenue, Sales Volume, Price, Cost, Gross Margin)
21.                Table Tianjin Bohua YongLi Chemical Industry Overview List
22.                Table Business Operation of Tianjin Bohua YongLi Chemical Industry (Sales Revenue, Sales Volume, Price, Cost, Gross Margin)
23.                Table China Petrochemical Corporation Nanjin Chemical Industrial Overview List
24.                Table Business Operation of China Petrochemical Corporation Nanjin Chemical Industrial (Sales Revenue, Sales Volume, Price, Cost, Gross Margin)
25.                Table Shandong Haihua Group Overview List
26.                Table Business Operation of Shandong Haihua Group (Sales Revenue, Sales Volume, Price, Cost, Gross Margin)
27.                Table Lite Technology Overview List
28.                Table Business Operation of Lite Technology (Sales Revenue, Sales Volume, Price, Cost, Gross Margin)
29.                Table Haohua Chemical Overview List
30.                Table Business Operation of Haohua Chemical (Sales Revenue, Sales Volume, Price, Cost, Gross Margin)
31.                Table Weifang Yuanhua Chemical Overview List
32.                Table Business Operation of Weifang Yuanhua Chemical (Sales Revenue, Cost, Gross Margin)
33.                Table Shijiazhuang Runhong Technology Overview List
34.                Table Business Operation of Shijiazhuang Runhong Technology (Sales Revenue, Sales Volume, Price, Cost, Gross Margin)
35.                Table Global Sodium Carbonate (CAS 497-19-8) Sales Revenue 2016-2020, by Company, in USD Million
36.                Table Global Sodium Carbonate (CAS 497-19-8) Sales Revenue Share 2016-2020, by Company, in USD Million
37.                Table Global Sodium Carbonate (CAS 497-19-8) Sales Volume 2016-2020, by Company, in Volume
38.                Table Global Sodium Carbonate (CAS 497-19-8) Sales Volume Share 2016-2020, by Company, in Volume
39.                Table Regional Demand Comparison List
40.                Table Major Application in Different Regions
41.                Table Sodium Carbonate (CAS 497-19-8) Demand Forecast 2021-2026, by Application, in USD Million
42.                Table Sodium Carbonate (CAS 497-19-8) Demand Forecast 2021-2026, by Application, in Volume
43.                Table Sodium Carbonate (CAS 497-19-8) Market Growth 2021-2026, by Application, in Volume
44.                Table Sodium Carbonate (CAS 497-19-8) Market Share in 2026, by Application, in Volume
45.                Table Sodium Carbonate (CAS 497-19-8) Production 2016-2020, by Region, in USD Million
46.                Table Sodium Carbonate (CAS 497-19-8) Production 2016-2020, by Region, in Volume
47.                Table Global Sodium Carbonate (CAS 497-19-8) Market 2016-2020, by Region, in USD Million
48.                Table Global Sodium Carbonate (CAS 497-19-8) Market Share 2016-2020, by Region, in USD Million
49.                Table Global Sodium Carbonate (CAS 497-19-8) Market 2016-2020, by Region, in Volume
50.                Table Global Sodium Carbonate (CAS 497-19-8) Market Share 2016-2020, by Region, in Volume
51.                Table North America Sodium Carbonate (CAS 497-19-8) Market Size 2016-2020, by Country, in USD Million
52.                Table North America Sodium Carbonate (CAS 497-19-8) Market Size 2016-2020, by Country, in Volume
53.                Table Europe Sodium Carbonate (CAS 497-19-8) Market Size 2016-2020, by Country, in USD Million
54.                Table Europe Sodium Carbonate (CAS 497-19-8) Market Size 2016-2020, by Country, in Volume
55.                Table Asia-Pacific Sodium Carbonate (CAS 497-19-8) Market Size 2016-2020, by Country, in USD Million
56.                Table Asia-Pacific Sodium Carbonate (CAS 497-19-8) Market Size 2016-2020, by Country, in Volume
57.                Table South America Sodium Carbonate (CAS 497-19-8) Market Size 2016-2020, by Country, in USD Million
58.                Table South America Sodium Carbonate (CAS 497-19-8) Market Size 2016-2020, by Country, in Volume
59.                Table Middle East & Africa Sodium Carbonate (CAS 497-19-8) Market Size 2016-2020, by Country, in USD Million
60.                Table Middle East & Africa Sodium Carbonate (CAS 497-19-8) Market Size 2016-2020, by Country, in Volume
61.                Table Sodium Carbonate (CAS 497-19-8) Market Forecast 2021-2026, by Region, in USD Million
62.                Table Sodium Carbonate (CAS 497-19-8) Market Forecast 2021-2026, by Region, in Volume
63.                Table Price Factors List","List of Figure
1.                Figure Sodium Carbonate (CAS 497-19-8) Industry Chain Structure
2.                Figure Global Sodium Carbonate (CAS 497-19-8) Market Growth 2016-2020, by Type, in USD Million
3.                Figure Global Sodium Carbonate (CAS 497-19-8) Market Growth 2016-2020, by Type, in Volume
4.                Figure Global Sodium Carbonate (CAS 497-19-8) Sales Revenue Share in 2020, by Company, in USD Million
5.                Figure Global Sodium Carbonate (CAS 497-19-8) Sales Volume Share in 2020, by Company, in Volume
6.                Figure North America Sodium Carbonate (CAS 497-19-8) Market Concentration, in 2020
7.                Figure Europe Sodium Carbonate (CAS 497-19-8) Market Market Concentration, in 2020
8.                Figure Asia-Pacific Sodium Carbonate (CAS 497-19-8) MMarket Concentration, in 2020
9.                Figure South America Sodium Carbonate (CAS 497-19-8) Market Concentration, in 2020
10.                Figure Middle East & Africa Sodium Carbonate (CAS 497-19-8) Market Concentration, in 2020
11.                Figure Sodium Carbonate (CAS 497-19-8) Demand in Food Industry, 2016-2020, in USD Million
12.                Figure Sodium Carbonate (CAS 497-19-8) Demand in Food Industry, 2016-2020, in Volume
13.                Figure Sodium Carbonate (CAS 497-19-8) Demand in Pharmaceuticals, 2016-2020, in USD Million
14.                Figure Sodium Carbonate (CAS 497-19-8) Demand in Pharmaceuticals, 2016-2020, in Volume
15.                Figure Sodium Carbonate (CAS 497-19-8) Demand in Paper, 2016-2020, in USD Million
16.                Figure Sodium Carbonate (CAS 497-19-8) Demand in Paper, 2016-2020, in Volume
17.                Figure Sodium Carbonate (CAS 497-19-8) Demand in Metallurgical, 2016-2020, in USD Million
18.                Figure Sodium Carbonate (CAS 497-19-8) Demand in Metallurgical, 2016-2020, in Volume
19.                Figure Sodium Carbonate (CAS 497-19-8) Demand in Glass, 2016-2020, in USD Million
20.                Figure Sodium Carbonate (CAS 497-19-8) Demand in Glass, 2016-2020, in Volume
21.                Figure Sodium Carbonate (CAS 497-19-8) Demand in Textile & Dye, 2016-2020, in USD Million
22.                Figure Sodium Carbonate (CAS 497-19-8) Demand in Textile & Dye, 2016-2020, in Volume
23.                Figure Sodium Carbonate (CAS 497-19-8) Demand in Others, 2016-2020, in USD Million
24.                Figure Sodium Carbonate (CAS 497-19-8) Demand in Others, 2016-2020, in Volume
25.                Figure Sodium Carbonate (CAS 497-19-8) Market Growth 2021-2026, by Application, in USD Million
26.                Figure Sodium Carbonate (CAS 497-19-8) Market Share in 2026, by Application, in USD Million
27.                Figure North America Sodium Carbonate (CAS 497-19-8) Market Size and Growth 2016-2020, in USD Million
28.                Figure North America Sodium Carbonate (CAS 497-19-8) Market Size and Growth 2016-2020, in Volume
29.                Figure Europe Sodium Carbonate (CAS 497-19-8) Market Size and Growth 2016-2020, in USD Million
30.                Figure Europe Sodium Carbonate (CAS 497-19-8) Market Size and Growth 2016-2020, in Volume
31.                Figure Asia-Pacific Sodium Carbonate (CAS 497-19-8) Market Size and Growth 2016-2020, in USD Million
32.                Figure Asia-Pacific Sodium Carbonate (CAS 497-19-8) Market Size and Growth 2016-2020, in Volume
33.                Figure South America Sodium Carbonate (CAS 497-19-8) Market Size and Growth 2016-2020, in USD Million
34.                Figure South America Sodium Carbonate (CAS 497-19-8) Market Size and Growth 2016-2020, in Volume
35.                Figure Middle East & Africa Sodium Carbonate (CAS 497-19-8) Market Size and Growth 2016-2020, in USD Million
36.                Figure Middle East & Africa Sodium Carbonate (CAS 497-19-8) Market Size and Growth 2016-2020, in Volume
37.                Figure Marketing Channels Overview","$2,980 ","$5,960 ","$5,960 ",99SGL298Che20210200024792
7-Apr-21,"Chemical & Material","Global 3-Piece Metal Aerosol Cans Market Analysis 2016-2020 and Forecast 2021-2026","Snapshot
The global 3-Piece Metal Aerosol Cans market size is estimated at xxx million USD with a CAGR xx% from 2016-2020 and is expected to reach xxx Million USD in 2021 with a CAGR xx% from 2021 to 2026. The report begins from overview of Industry Chain structure, and describes industry environment, then analyses market size and forecast of 3-Piece Metal Aerosol Cans by product, region and application, in addition, this report introduces market competition situation among the vendors and company profile, besides, market price analysis and value chain features are covered in this report.
Product Type Coverage (Market Size & Forecast, Major Company of Product Type etc.):
        3-Piece Steel Aerosol Cans
        3-Piece Aluminum Aerosol Cans
        3-Piece Tinplate Aerosol Cans
Company Coverage (Company Profile, Sales Revenue, Price, Gross Margin, Main Products etc.):
        Ball
        Crown
        EXAL
        Ardagh Group
        DS Container
        BWAY
        CCL Container
        Colep
        Nussbaum
        Massilly Group
        Tubex GmbH
        Grupo Zapata
        Takeuchi Press
        Arnest Russia
        Alltub Group
        Sarten
        Matrametal
        James Briggs
        Asian Aerosol Group
        Eurospray
        Bharat Container
        Linhardt
        TIN_CAN Packing
        Chumxin Metal
        Botny Chemical
        CPMC Holdings Ltd
        Aestar
        China Aluminum Cans
Application Coverage (Market Size & Forecast, Different Demand Market by Region, Main Consumer Profile etc.):
        Air Fresheners
        Personal Care Products
        Others
Region Coverage (Regional Production, Demand & Forecast by Countries etc.):
        North America (U.S., Canada, Mexico)
        Europe (Germany, U.K., France, Italy, Russia, Spain etc.)
        Asia-Pacific (China, India, Japan, Southeast Asia etc.)
        South America (Brazil, Argentina etc.)
        Middle East & Africa (Saudi Arabia, South Africa etc.)",150,"Table of Contents
1 Industry Overview
    1.1 3-Piece Metal Aerosol Cans Industry
                Figure 3-Piece Metal Aerosol Cans Industry Chain Structure
        1.1.1 Overview
        1.1.2 Development of 3-Piece Metal Aerosol Cans
    1.2 Market Segment
        1.2.1 Upstream
                Table Upstream Segment of 3-Piece Metal Aerosol Cans
        1.2.2 Downstream
                Table Application Segment of 3-Piece Metal Aerosol Cans
                Table Global 3-Piece Metal Aerosol Cans Market 2016-2026, by Application, in USD Million
        1.2.3 COVID-19 Impact
    1.3 Cost Analysis
2 Industry Environment (PEST Analysis)
    2.1 Policy
    2.2 Economics
    2.3 Sociology
    2.4 Technology
3 3-Piece Metal Aerosol Cans Market by Type
    3.1 By Type
        3.1.1 3-Piece Steel Aerosol Cans
                Table Major Company List of 3-Piece Steel Aerosol Cans
        3.1.2 3-Piece Aluminum Aerosol Cans
                Table Major Company List of 3-Piece Aluminum Aerosol Cans
        3.1.3 3-Piece Tinplate Aerosol Cans
                Table Major Company List of 3-Piece Tinplate Aerosol Cans
    3.2 Market Size
                Table Global 3-Piece Metal Aerosol Cans Market 2016-2020, by Type, in USD Million
                Figure Global 3-Piece Metal Aerosol Cans Market Growth 2016-2020, by Type, in USD Million
                Table Global 3-Piece Metal Aerosol Cans Market 2016-2020, by Type, in Volume
                Figure Global 3-Piece Metal Aerosol Cans Market Growth 2016-2020, by Type, in Volume
    3.3 Market Forecast
                Table Global 3-Piece Metal Aerosol Cans Market Forecast 2021-2026, by Type, in USD Million
                Table Global 3-Piece Metal Aerosol Cans Market Forecast 2021-2026, by Type, in Volume
4 Major Companies List
    4.1 Ball (Company Profile, Sales Data etc.)
        4.1.1 Ball Profile
                Table Ball Overview List
        4.1.2 Ball Products & Services
        4.1.3 Ball Business Operation Conditions
                Table Business Operation of Ball (Sales Revenue, Sales Volume, Price, Cost, Gross Margin)
    4.2 Crown (Company Profile, Sales Data etc.)
        4.2.1 Crown Profile
                Table Crown Overview List
        4.2.2 Crown Products & Services
        4.2.3 Crown Business Operation Conditions
                Table Business Operation of Crown (Sales Revenue, Sales Volume, Price, Cost, Gross Margin)
    4.3 EXAL (Company Profile, Sales Data etc.)
        4.3.1 EXAL Profile
                Table EXAL Overview List
        4.3.2 EXAL Products & Services
        4.3.3 EXAL Business Operation Conditions
                Table Business Operation of EXAL (Sales Revenue, Sales Volume, Price, Cost, Gross Margin)
    4.4 Ardagh Group (Company Profile, Sales Data etc.)
        4.4.1 Ardagh Group Profile
                Table Ardagh Group Overview List
        4.4.2 Ardagh Group Products & Services
        4.4.3 Ardagh Group Business Operation Conditions
                Table Business Operation of Ardagh Group (Sales Revenue, Sales Volume, Price, Cost, Gross Margin)
    4.5 DS Container (Company Profile, Sales Data etc.)
        4.5.1 DS Container Profile
                Table DS Container Overview List
        4.5.2 DS Container Products & Services
        4.5.3 DS Container Business Operation Conditions
                Table Business Operation of DS Container (Sales Revenue, Sales Volume, Price, Cost, Gross Margin)
    4.6 BWAY (Company Profile, Sales Data etc.)
        4.6.1 BWAY Profile
                Table BWAY Overview List
        4.6.2 BWAY Products & Services
        4.6.3 BWAY Business Operation Conditions
                Table Business Operation of BWAY (Sales Revenue, Sales Volume, Price, Cost, Gross Margin)
    4.7 CCL Container (Company Profile, Sales Data etc.)
        4.7.1 CCL Container Profile
                Table CCL Container Overview List
        4.7.2 CCL Container Products & Services
        4.7.3 CCL Container Business Operation Conditions
                Table Business Operation of CCL Container (Sales Revenue, Sales Volume, Price, Cost, Gross Margin)
    4.8 Colep (Company Profile, Sales Data etc.)
        4.8.1 Colep Profile
                Table Colep Overview List
        4.8.2 Colep Products & Services
        4.8.3 Colep Business Operation Conditions
                Table Business Operation of Colep (Sales Revenue, Sales Volume, Price, Cost, Gross Margin)
    4.9 Nussbaum (Company Profile, Sales Data etc.)
        4.9.1 Nussbaum Profile
                Table Nussbaum Overview List
        4.9.2 Nussbaum Products & Services
        4.9.3 Nussbaum Business Operation Conditions
                Table Business Operation of Nussbaum (Sales Revenue, Sales Volume, Price, Cost, Gross Margin)
    4.10 Massilly Group (Company Profile, Sales Data etc.)
        4.10.1 Massilly Group Profile
                Table Massilly Group Overview List
        4.10.2 Massilly Group Products & Services
        4.10.3 Massilly Group Business Operation Conditions
                Table Business Operation of Massilly Group (Sales Revenue, Sales Volume, Price, Cost, Gross Margin)
    4.11 Tubex GmbH (Company Profile, Sales Data etc.)
        4.11.1 Tubex GmbH Profile
                Table Tubex GmbH Overview List
        4.11.2 Tubex GmbH Products & Services
        4.11.3 Tubex GmbH Business Operation Conditions
                Table Business Operation of Tubex GmbH (Sales Revenue, Sales Volume, Price, Cost, Gross Margin)
    4.12 Grupo Zapata (Company Profile, Sales Data etc.)
        4.12.1 Grupo Zapata Profile
                Table Grupo Zapata Overview List
        4.12.2 Grupo Zapata Products & Services
        4.12.3 Grupo Zapata Business Operation Conditions
                Table Business Operation of Grupo Zapata (Sales Revenue, Cost, Gross Margin)
    4.13 Takeuchi Press (Company Profile, Sales Data etc.)
        4.13.1 Takeuchi Press Profile
                Table Takeuchi Press Overview List
        4.13.2 Takeuchi Press Products & Services
        4.13.3 Takeuchi Press Business Operation Conditions
                Table Business Operation of Takeuchi Press (Sales Revenue, Sales Volume, Price, Cost, Gross Margin)
    4.14 Arnest Russia (Company Profile, Sales Data etc.)
        4.14.1 Arnest Russia Profile
                Table Arnest Russia Overview List
        4.14.2 Arnest Russia Products & Services
        4.14.3 Arnest Russia Business Operation Conditions
                Table Business Operation of Arnest Russia (Sales Revenue, Cost, Gross Margin)
    4.15 Alltub Group (Company Profile, Sales Data etc.)
        4.15.1 Alltub Group Profile
                Table Alltub Group Overview List
        4.15.2 Alltub Group Products & Services
        4.15.3 Alltub Group Business Operation Conditions
                Table Business Operation of Alltub Group (Sales Revenue, Cost, Gross Margin)
    4.16 Sarten (Company Profile, Sales Data etc.)
        4.16.1 Sarten Profile
                Table Sarten Overview List
        4.16.2 Sarten Products & Services
        4.16.3 Sarten Business Operation Conditions
                Table Business Operation of Sarten (Sales Revenue, Cost, Gross Margin)
    4.17 Matrametal (Company Profile, Sales Data etc.)
        4.17.1 Matrametal Profile
                Table Matrametal Overview List
        4.17.2 Matrametal Products & Services
        4.17.3 Matrametal Business Operation Conditions
                Table Business Operation of Matrametal (Sales Revenue, Cost, Gross Margin)
    4.18 James Briggs (Company Profile, Sales Data etc.)
        4.18.1 James Briggs Profile
                Table James Briggs Overview List
        4.18.2 James Briggs Products & Services
        4.18.3 James Briggs Business Operation Conditions
                Table Business Operation of James Briggs (Sales Revenue, Cost, Gross Margin)
    4.19 Asian Aerosol Group (Company Profile, Sales Data etc.)
        4.19.1 Asian Aerosol Group Profile
                Table Asian Aerosol Group Overview List
        4.19.2 Asian Aerosol Group Products & Services
        4.19.3 Asian Aerosol Group Business Operation Conditions
                Table Business Operation of Asian Aerosol Group (Sales Revenue, Cost, Gross Margin)
    4.20 Eurospray (Company Profile, Sales Data etc.)
        4.20.1 Eurospray Profile
                Table Eurospray Overview List
        4.20.2 Eurospray Products & Services
        4.20.3 Eurospray Business Operation Conditions
                Table Business Operation of Eurospray (Sales Revenue, Cost, Gross Margin)
    4.21 Bharat Container (Company Profile, Sales Data etc.)
        4.21.1 Bharat Container Profile
                Table Bharat Container Overview List
        4.21.2 Bharat Container Products & Services
        4.21.3 Bharat Container Business Operation Conditions
                Table Business Operation of Bharat Container (Sales Revenue, Cost, Gross Margin)
    4.22 Linhardt (Company Profile, Sales Data etc.)
        4.22.1 Linhardt Profile
                Table Linhardt Overview List
        4.22.2 Linhardt Products & Services
        4.22.3 Linhardt Business Operation Conditions
                Table Business Operation of Linhardt (Sales Revenue, Cost, Gross Margin)
    4.23 TIN_CAN Packing (Company Profile, Sales Data etc.)
        4.23.1 TIN_CAN Packing Profile
                Table TIN_CAN Packing Overview List
        4.23.2 TIN_CAN Packing Products & Services
        4.23.3 TIN_CAN Packing Business Operation Conditions
                Table Business Operation of TIN_CAN Packing (Sales Revenue, Cost, Gross Margin)
    4.24 Chumxin Metal (Company Profile, Sales Data etc.)
        4.24.1 Chumxin Metal Profile
                Table Chumxin Metal Overview List
        4.24.2 Chumxin Metal Products & Services
        4.24.3 Chumxin Metal Business Operation Conditions
                Table Business Operation of Chumxin Metal (Sales Revenue, Cost, Gross Margin)
    4.25 Botny Chemical (Company Profile, Sales Data etc.)
        4.25.1 Botny Chemical Profile
                Table Botny Chemical Overview List
        4.25.2 Botny Chemical Products & Services
        4.25.3 Botny Chemical Business Operation Conditions
                Table Business Operation of Botny Chemical (Sales Revenue, Cost, Gross Margin)
    4.26 CPMC Holdings Ltd (Company Profile, Sales Data etc.)
        4.26.1 CPMC Holdings Ltd Profile
                Table CPMC Holdings Ltd Overview List
        4.26.2 CPMC Holdings Ltd Products & Services
        4.26.3 CPMC Holdings Ltd Business Operation Conditions
                Table Business Operation of CPMC Holdings Ltd (Sales Revenue, Cost, Gross Margin)
    4.27 Aestar (Company Profile, Sales Data etc.)
        4.27.1 Aestar Profile
                Table Aestar Overview List
        4.27.2 Aestar Products & Services
        4.27.3 Aestar Business Operation Conditions
                Table Business Operation of Aestar (Sales Revenue, Cost, Gross Margin)
    4.28 China Aluminum Cans (Company Profile, Sales Data etc.)
        4.28.1 China Aluminum Cans Profile
                Table China Aluminum Cans Overview List
        4.28.2 China Aluminum Cans Products & Services
        4.28.3 China Aluminum Cans Business Operation Conditions
                Table Business Operation of China Aluminum Cans (Sales Revenue, Cost, Gross Margin)
5 Market Competition
    5.1 Company Competition
                Table Global 3-Piece Metal Aerosol Cans Sales Revenue 2016-2020, by Company, in USD Million
                Table Global 3-Piece Metal Aerosol Cans Sales Revenue Share 2016-2020, by Company, in USD Million
                Figure Global 3-Piece Metal Aerosol Cans Sales Revenue Share in 2020, by Company, in USD Million
                Table Global 3-Piece Metal Aerosol Cans Sales Volume 2016-2020, by Company, in Volume
                Table Global 3-Piece Metal Aerosol Cans Sales Volume Share 2016-2020, by Company, in Volume
                Figure Global 3-Piece Metal Aerosol Cans Sales Volume Share in 2020, by Company, in Volume
    5.2 Regional Market by Company
                Figure North America 3-Piece Metal Aerosol Cans Market Concentration, in 2020
                Figure Europe 3-Piece Metal Aerosol Cans Market Market Concentration, in 2020
                Figure Asia-Pacific 3-Piece Metal Aerosol Cans MMarket Concentration, in 2020
                Figure South America 3-Piece Metal Aerosol Cans Market Concentration, in 2020
                Figure Middle East & Africa 3-Piece Metal Aerosol Cans Market Concentration, in 2020
6 Demand by End Market
    6.1 Demand Situation
        6.1.1 Demand in Air Fresheners
                Figure 3-Piece Metal Aerosol Cans Demand in Air Fresheners, 2016-2020, in USD Million
                Figure 3-Piece Metal Aerosol Cans Demand in Air Fresheners, 2016-2020, in Volume
        6.1.2 Demand in Personal Care Products
                Figure 3-Piece Metal Aerosol Cans Demand in Personal Care Products, 2016-2020, in USD Million
                Figure 3-Piece Metal Aerosol Cans Demand in Personal Care Products, 2016-2020, in Volume
        6.1.3 Demand in Others
                Figure 3-Piece Metal Aerosol Cans Demand in Others, 2016-2020, in USD Million
                Figure 3-Piece Metal Aerosol Cans Demand in Others, 2016-2020, in Volume
    6.2 Regional Demand Comparison
                Table Regional Demand Comparison List
                Table Major Application in Different Regions
    6.3 Demand Forecast
                Table 3-Piece Metal Aerosol Cans Demand Forecast 2021-2026, by Application, in USD Million
                Figure 3-Piece Metal Aerosol Cans Market Growth 2021-2026, by Application, in USD Million
                Figure 3-Piece Metal Aerosol Cans Market Share in 2026, by Application, in USD Million
                Table 3-Piece Metal Aerosol Cans Demand Forecast 2021-2026, by Application, in Volume
                Table 3-Piece Metal Aerosol Cans Market Growth 2021-2026, by Application, in Volume
                Table 3-Piece Metal Aerosol Cans Market Share in 2026, by Application, in Volume
    6.4 Impact of the COVID-19 on the Demand
7 Region Operation
    7.1 Regional Production
                Table 3-Piece Metal Aerosol Cans Production 2016-2020, by Region, in USD Million
                Table 3-Piece Metal Aerosol Cans Production 2016-2020, by Region, in Volume
    7.2 Regional Market
                Table Global 3-Piece Metal Aerosol Cans Market 2016-2020, by Region, in USD Million
                Table Global 3-Piece Metal Aerosol Cans Market Share 2016-2020, by Region, in USD Million
                Table Global 3-Piece Metal Aerosol Cans Market 2016-2020, by Region, in Volume
                Table Global 3-Piece Metal Aerosol Cans Market Share 2016-2020, by Region, in Volume
    7.3 by Region
        7.3.1 North America
            7.3.1.1 Overview
                Figure North America 3-Piece Metal Aerosol Cans Market Size and Growth 2016-2020, in USD Million
                Figure North America 3-Piece Metal Aerosol Cans Market Size and Growth 2016-2020, in Volume
            7.3.1.2 by Country (U.S., Canada, Mexico)
                Table North America 3-Piece Metal Aerosol Cans Market Size 2016-2020, by Country, in USD Million
                Table North America 3-Piece Metal Aerosol Cans Market Size 2016-2020, by Country, in Volume
        7.3.2 Europe
            7.3.2.1 Overview
                Figure Europe 3-Piece Metal Aerosol Cans Market Size and Growth 2016-2020, in USD Million
                Figure Europe 3-Piece Metal Aerosol Cans Market Size and Growth 2016-2020, in Volume
            7.3.2.2 by Country (Germany, U.K., France, Italy, Russia, Spain etc.)
                Table Europe 3-Piece Metal Aerosol Cans Market Size 2016-2020, by Country, in USD Million
                Table Europe 3-Piece Metal Aerosol Cans Market Size 2016-2020, by Country, in Volume
        7.3.3 Asia-Pacific
            7.3.3.1 Overview
                Figure Asia-Pacific 3-Piece Metal Aerosol Cans Market Size and Growth 2016-2020, in USD Million
                Figure Asia-Pacific 3-Piece Metal Aerosol Cans Market Size and Growth 2016-2020, in Volume
            7.3.3.2 by Country (China, India, Japan, Southeast Asia etc.)
                Table Asia-Pacific 3-Piece Metal Aerosol Cans Market Size 2016-2020, by Country, in USD Million
                Table Asia-Pacific 3-Piece Metal Aerosol Cans Market Size 2016-2020, by Country, in Volume
        7.3.4 South America
            7.3.4.1 Overview
                Figure South America 3-Piece Metal Aerosol Cans Market Size and Growth 2016-2020, in USD Million
                Figure South America 3-Piece Metal Aerosol Cans Market Size and Growth 2016-2020, in Volume
            7.3.4.2 by Country (Brazil, Argentina etc.)
                Table South America 3-Piece Metal Aerosol Cans Market Size 2016-2020, by Country, in USD Million
                Table South America 3-Piece Metal Aerosol Cans Market Size 2016-2020, by Country, in Volume
        7.3.5 Middle East & Africa
            7.3.5.1 Overview
                Figure Middle East & Africa 3-Piece Metal Aerosol Cans Market Size and Growth 2016-2020, in USD Million
                Figure Middle East & Africa 3-Piece Metal Aerosol Cans Market Size and Growth 2016-2020, in Volume
            7.3.5.2 by Country (Saudi Arabia, South Africa etc.)
                Table Middle East & Africa 3-Piece Metal Aerosol Cans Market Size 2016-2020, by Country, in USD Million
                Table Middle East & Africa 3-Piece Metal Aerosol Cans Market Size 2016-2020, by Country, in Volume
    7.4 Regional Import & Export
    7.5 Regional Forecast
                Table 3-Piece Metal Aerosol Cans Market Forecast 2021-2026, by Region, in USD Million
                Table 3-Piece Metal Aerosol Cans Market Forecast 2021-2026, by Region, in Volume
8 Marketing & Price
    8.1 Price and Margin
        8.1.1 Price Trends
        8.1.2 Factors of Price Change
                Table Price Factors List
        8.1.3 Manufacturers Gross Margin Analysis
    8.2 Marketing Channel
                Figure Marketing Channels Overview
9 Research Conclusion","List of Table
1.                Table Upstream Segment of 3-Piece Metal Aerosol Cans
2.                Table Application Segment of 3-Piece Metal Aerosol Cans
3.                Table Global 3-Piece Metal Aerosol Cans Market 2016-2026, by Application, in USD Million
4.                Table Major Company List of 3-Piece Aluminum Aerosol Cans
5.                Table Major Company List of 3-Piece Tinplate Aerosol Cans
6.                Table Global 3-Piece Metal Aerosol Cans Market 2016-2020, by Type, in USD Million
7.                Table Global 3-Piece Metal Aerosol Cans Market 2016-2020, by Type, in Volume
8.                Table Global 3-Piece Metal Aerosol Cans Market Forecast 2021-2026, by Type, in USD Million
9.                Table Global 3-Piece Metal Aerosol Cans Market Forecast 2021-2026, by Type, in Volume
10.                Table Ball Overview List
11.                Table Business Operation of Ball (Sales Revenue, Sales Volume, Price, Cost, Gross Margin)
12.                Table Crown Overview List
13.                Table Business Operation of Crown (Sales Revenue, Sales Volume, Price, Cost, Gross Margin)
14.                Table EXAL Overview List
15.                Table Business Operation of EXAL (Sales Revenue, Sales Volume, Price, Cost, Gross Margin)
16.                Table Ardagh Group Overview List
17.                Table Business Operation of Ardagh Group (Sales Revenue, Sales Volume, Price, Cost, Gross Margin)
18.                Table DS Container Overview List
19.                Table Business Operation of DS Container (Sales Revenue, Sales Volume, Price, Cost, Gross Margin)
20.                Table BWAY Overview List
21.                Table Business Operation of BWAY (Sales Revenue, Sales Volume, Price, Cost, Gross Margin)
22.                Table CCL Container Overview List
23.                Table Business Operation of CCL Container (Sales Revenue, Sales Volume, Price, Cost, Gross Margin)
24.                Table Colep Overview List
25.                Table Business Operation of Colep (Sales Revenue, Sales Volume, Price, Cost, Gross Margin)
26.                Table Nussbaum Overview List
27.                Table Business Operation of Nussbaum (Sales Revenue, Sales Volume, Price, Cost, Gross Margin)
28.                Table Massilly Group Overview List
29.                Table Business Operation of Massilly Group (Sales Revenue, Sales Volume, Price, Cost, Gross Margin)
30.                Table Tubex GmbH Overview List
31.                Table Business Operation of Tubex GmbH (Sales Revenue, Sales Volume, Price, Cost, Gross Margin)
32.                Table Grupo Zapata Overview List
33.                Table Business Operation of Grupo Zapata (Sales Revenue, Cost, Gross Margin)
34.                Table Takeuchi Press Overview List
35.                Table Business Operation of Takeuchi Press (Sales Revenue, Sales Volume, Price, Cost, Gross Margin)
36.                Table Arnest Russia Overview List
37.                Table Business Operation of Arnest Russia (Sales Revenue, Cost, Gross Margin)
38.                Table Alltub Group Overview List
39.                Table Business Operation of Alltub Group (Sales Revenue, Cost, Gross Margin)
40.                Table Sarten Overview List
41.                Table Business Operation of Sarten (Sales Revenue, Cost, Gross Margin)
42.                Table Matrametal Overview List
43.                Table Business Operation of Matrametal (Sales Revenue, Cost, Gross Margin)
44.                Table James Briggs Overview List
45.                Table Business Operation of James Briggs (Sales Revenue, Cost, Gross Margin)
46.                Table Asian Aerosol Group Overview List
47.                Table Business Operation of Asian Aerosol Group (Sales Revenue, Cost, Gross Margin)
48.                Table Eurospray Overview List
49.                Table Business Operation of Eurospray (Sales Revenue, Cost, Gross Margin)
50.                Table Bharat Container Overview List
51.                Table Business Operation of Bharat Container (Sales Revenue, Cost, Gross Margin)
52.                Table Linhardt Overview List
53.                Table Business Operation of Linhardt (Sales Revenue, Cost, Gross Margin)
54.                Table TIN_CAN Packing Overview List
55.                Table Business Operation of TIN_CAN Packing (Sales Revenue, Cost, Gross Margin)
56.                Table Chumxin Metal Overview List
57.                Table Business Operation of Chumxin Metal (Sales Revenue, Cost, Gross Margin)
58.                Table Botny Chemical Overview List
59.                Table Business Operation of Botny Chemical (Sales Revenue, Cost, Gross Margin)
60.                Table CPMC Holdings Ltd Overview List
61.                Table Business Operation of CPMC Holdings Ltd (Sales Revenue, Cost, Gross Margin)
62.                Table Aestar Overview List
63.                Table Business Operation of Aestar (Sales Revenue, Cost, Gross Margin)
64.                Table China Aluminum Cans Overview List
65.                Table Business Operation of China Aluminum Cans (Sales Revenue, Cost, Gross Margin)
66.                Table Global 3-Piece Metal Aerosol Cans Sales Revenue 2016-2020, by Company, in USD Million
67.                Table Global 3-Piece Metal Aerosol Cans Sales Revenue Share 2016-2020, by Company, in USD Million
68.                Table Global 3-Piece Metal Aerosol Cans Sales Volume 2016-2020, by Company, in Volume
69.                Table Global 3-Piece Metal Aerosol Cans Sales Volume Share 2016-2020, by Company, in Volume
70.                Table Regional Demand Comparison List
71.                Table Major Application in Different Regions
72.                Table 3-Piece Metal Aerosol Cans Demand Forecast 2021-2026, by Application, in USD Million
73.                Table 3-Piece Metal Aerosol Cans Demand Forecast 2021-2026, by Application, in Volume
74.                Table 3-Piece Metal Aerosol Cans Market Growth 2021-2026, by Application, in Volume
75.                Table 3-Piece Metal Aerosol Cans Market Share in 2026, by Application, in Volume
76.                Table 3-Piece Metal Aerosol Cans Production 2016-2020, by Region, in USD Million
77.                Table 3-Piece Metal Aerosol Cans Production 2016-2020, by Region, in Volume
78.                Table Global 3-Piece Metal Aerosol Cans Market 2016-2020, by Region, in USD Million
79.                Table Global 3-Piece Metal Aerosol Cans Market Share 2016-2020, by Region, in USD Million
80.                Table Global 3-Piece Metal Aerosol Cans Market 2016-2020, by Region, in Volume
81.                Table Global 3-Piece Metal Aerosol Cans Market Share 2016-2020, by Region, in Volume
82.                Table North America 3-Piece Metal Aerosol Cans Market Size 2016-2020, by Country, in USD Million
83.                Table North America 3-Piece Metal Aerosol Cans Market Size 2016-2020, by Country, in Volume
84.                Table Europe 3-Piece Metal Aerosol Cans Market Size 2016-2020, by Country, in USD Million
85.                Table Europe 3-Piece Metal Aerosol Cans Market Size 2016-2020, by Country, in Volume
86.                Table Asia-Pacific 3-Piece Metal Aerosol Cans Market Size 2016-2020, by Country, in USD Million
87.                Table Asia-Pacific 3-Piece Metal Aerosol Cans Market Size 2016-2020, by Country, in Volume
88.                Table South America 3-Piece Metal Aerosol Cans Market Size 2016-2020, by Country, in USD Million
89.                Table South America 3-Piece Metal Aerosol Cans Market Size 2016-2020, by Country, in Volume
90.                Table Middle East & Africa 3-Piece Metal Aerosol Cans Market Size 2016-2020, by Country, in USD Million
91.                Table Middle East & Africa 3-Piece Metal Aerosol Cans Market Size 2016-2020, by Country, in Volume
92.                Table 3-Piece Metal Aerosol Cans Market Forecast 2021-2026, by Region, in USD Million
93.                Table 3-Piece Metal Aerosol Cans Market Forecast 2021-2026, by Region, in Volume
94.                Table Price Factors List","List of Figure
1.                Figure 3-Piece Metal Aerosol Cans Industry Chain Structure
2.                Figure Global 3-Piece Metal Aerosol Cans Market Growth 2016-2020, by Type, in USD Million
3.                Figure Global 3-Piece Metal Aerosol Cans Market Growth 2016-2020, by Type, in Volume
4.                Figure Global 3-Piece Metal Aerosol Cans Sales Revenue Share in 2020, by Company, in USD Million
5.                Figure Global 3-Piece Metal Aerosol Cans Sales Volume Share in 2020, by Company, in Volume
6.                Figure North America 3-Piece Metal Aerosol Cans Market Concentration, in 2020
7.                Figure Europe 3-Piece Metal Aerosol Cans Market Market Concentration, in 2020
8.                Figure Asia-Pacific 3-Piece Metal Aerosol Cans MMarket Concentration, in 2020
9.                Figure South America 3-Piece Metal Aerosol Cans Market Concentration, in 2020
10.                Figure Middle East & Africa 3-Piece Metal Aerosol Cans Market Concentration, in 2020
11.                Figure 3-Piece Metal Aerosol Cans Demand in Air Fresheners, 2016-2020, in USD Million
12.                Figure 3-Piece Metal Aerosol Cans Demand in Air Fresheners, 2016-2020, in Volume
13.                Figure 3-Piece Metal Aerosol Cans Demand in Personal Care Products, 2016-2020, in USD Million
14.                Figure 3-Piece Metal Aerosol Cans Demand in Personal Care Products, 2016-2020, in Volume
15.                Figure 3-Piece Metal Aerosol Cans Demand in Others, 2016-2020, in USD Million
16.                Figure 3-Piece Metal Aerosol Cans Demand in Others, 2016-2020, in Volume
17.                Figure 3-Piece Metal Aerosol Cans Market Growth 2021-2026, by Application, in USD Million
18.                Figure 3-Piece Metal Aerosol Cans Market Share in 2026, by Application, in USD Million
19.                Figure North America 3-Piece Metal Aerosol Cans Market Size and Growth 2016-2020, in USD Million
20.                Figure North America 3-Piece Metal Aerosol Cans Market Size and Growth 2016-2020, in Volume
21.                Figure Europe 3-Piece Metal Aerosol Cans Market Size and Growth 2016-2020, in USD Million
22.                Figure Europe 3-Piece Metal Aerosol Cans Market Size and Growth 2016-2020, in Volume
23.                Figure Asia-Pacific 3-Piece Metal Aerosol Cans Market Size and Growth 2016-2020, in USD Million
24.                Figure Asia-Pacific 3-Piece Metal Aerosol Cans Market Size and Growth 2016-2020, in Volume
25.                Figure South America 3-Piece Metal Aerosol Cans Market Size and Growth 2016-2020, in USD Million
26.                Figure South America 3-Piece Metal Aerosol Cans Market Size and Growth 2016-2020, in Volume
27.                Figure Middle East & Africa 3-Piece Metal Aerosol Cans Market Size and Growth 2016-2020, in USD Million
28.                Figure Middle East & Africa 3-Piece Metal Aerosol Cans Market Size and Growth 2016-2020, in Volume
29.                Figure Marketing Channels Overview","$2,980 ","$5,960 ","$5,960 ",99SGL298Che20210200024793
7-Apr-21,"Chemical & Material","Global Silver Nitrate (CAS 7761-88-8) Market Analysis 2016-2020 and Forecast 2021-2026","Snapshot
The global Silver Nitrate (CAS 7761-88-8) market size is estimated at xxx million USD with a CAGR xx% from 2016-2020 and is expected to reach xxx Million USD in 2021 with a CAGR xx% from 2021 to 2026. The report begins from overview of Industry Chain structure, and describes industry environment, then analyses market size and forecast of Silver Nitrate (CAS 7761-88-8) by product, region and application, in addition, this report introduces market competition situation among the vendors and company profile, besides, market price analysis and value chain features are covered in this report.
Product Type Coverage (Market Size & Forecast, Major Company of Product Type etc.):
        Photographic Grade Silver Nitrate
        ACS Grade Silver Nitrate
        Pharmaceutical Grade Silver Nitrate
Company Coverage (Company Profile, Sales Revenue, Price, Gross Margin, Main Products etc.):
        Ames Goldsmith
        Ricca Chemical Company
        Rochester Silver Works
        Tongling Noferrous Metals Group
        Jiangsu Shangyong New Material
        Yinxing Shiye
        Chenzhou Jingui Silver Industry
Application Coverage (Market Size & Forecast, Different Demand Market by Region, Main Consumer Profile etc.):
        Photographic Emulsion
        Pharmaceutical
        Electronics Industry
        Textiles
        Others
Region Coverage (Regional Production, Demand & Forecast by Countries etc.):
        North America (U.S., Canada, Mexico)
        Europe (Germany, U.K., France, Italy, Russia, Spain etc.)
        Asia-Pacific (China, India, Japan, Southeast Asia etc.)
        South America (Brazil, Argentina etc.)
        Middle East & Africa (Saudi Arabia, South Africa etc.)",90,"Table of Contents
1 Industry Overview
    1.1 Silver Nitrate (CAS 7761-88-8) Industry
                Figure Silver Nitrate (CAS 7761-88-8) Industry Chain Structure
        1.1.1 Overview
        1.1.2 Development of Silver Nitrate (CAS 7761-88-8)
    1.2 Market Segment
        1.2.1 Upstream
                Table Upstream Segment of Silver Nitrate (CAS 7761-88-8)
        1.2.2 Downstream
                Table Application Segment of Silver Nitrate (CAS 7761-88-8)
                Table Global Silver Nitrate (CAS 7761-88-8) Market 2016-2026, by Application, in USD Million
        1.2.3 COVID-19 Impact
    1.3 Cost Analysis
2 Industry Environment (PEST Analysis)
    2.1 Policy
    2.2 Economics
    2.3 Sociology
    2.4 Technology
3 Silver Nitrate (CAS 7761-88-8) Market by Type
    3.1 By Type
        3.1.1 Photographic Grade Silver Nitrate
                Table Major Company List of Photographic Grade Silver Nitrate
        3.1.2 ACS Grade Silver Nitrate
                Table Major Company List of ACS Grade Silver Nitrate
        3.1.3 Pharmaceutical Grade Silver Nitrate
                Table Major Company List of Pharmaceutical Grade Silver Nitrate
    3.2 Market Size
                Table Global Silver Nitrate (CAS 7761-88-8) Market 2016-2020, by Type, in USD Million
                Figure Global Silver Nitrate (CAS 7761-88-8) Market Growth 2016-2020, by Type, in USD Million
                Table Global Silver Nitrate (CAS 7761-88-8) Market 2016-2020, by Type, in Volume
                Figure Global Silver Nitrate (CAS 7761-88-8) Market Growth 2016-2020, by Type, in Volume
    3.3 Market Forecast
                Table Global Silver Nitrate (CAS 7761-88-8) Market Forecast 2021-2026, by Type, in USD Million
                Table Global Silver Nitrate (CAS 7761-88-8) Market Forecast 2021-2026, by Type, in Volume
4 Major Companies List
    4.1 Ames Goldsmith (Company Profile, Sales Data etc.)
        4.1.1 Ames Goldsmith Profile
                Table Ames Goldsmith Overview List
        4.1.2 Ames Goldsmith Products & Services
        4.1.3 Ames Goldsmith Business Operation Conditions
                Table Business Operation of Ames Goldsmith (Sales Revenue, Sales Volume, Price, Cost, Gross Margin)
    4.2 Ricca Chemical Company (Company Profile, Sales Data etc.)
        4.2.1 Ricca Chemical Company Profile
                Table Ricca Chemical Company Overview List
        4.2.2 Ricca Chemical Company Products & Services
        4.2.3 Ricca Chemical Company Business Operation Conditions
                Table Business Operation of Ricca Chemical Company (Sales Revenue, Sales Volume, Price, Cost, Gross Margin)
    4.3 Rochester Silver Works (Company Profile, Sales Data etc.)
        4.3.1 Rochester Silver Works Profile
                Table Rochester Silver Works Overview List
        4.3.2 Rochester Silver Works Products & Services
        4.3.3 Rochester Silver Works Business Operation Conditions
                Table Business Operation of Rochester Silver Works (Sales Revenue, Sales Volume, Price, Cost, Gross Margin)
    4.4 Tongling Noferrous Metals Group (Company Profile, Sales Data etc.)
        4.4.1 Tongling Noferrous Metals Group Profile
                Table Tongling Noferrous Metals Group Overview List
        4.4.2 Tongling Noferrous Metals Group Products & Services
        4.4.3 Tongling Noferrous Metals Group Business Operation Conditions
                Table Business Operation of Tongling Noferrous Metals Group (Sales Revenue, Sales Volume, Price, Cost, Gross Margin)
    4.5 Jiangsu Shangyong New Material (Company Profile, Sales Data etc.)
        4.5.1 Jiangsu Shangyong New Material Profile
                Table Jiangsu Shangyong New Material Overview List
        4.5.2 Jiangsu Shangyong New Material Products & Services
        4.5.3 Jiangsu Shangyong New Material Business Operation Conditions
                Table Business Operation of Jiangsu Shangyong New Material (Sales Revenue, Sales Volume, Price, Cost, Gross Margin)
    4.6 Yinxing Shiye (Company Profile, Sales Data etc.)
        4.6.1 Yinxing Shiye Profile
                Table Yinxing Shiye Overview List
        4.6.2 Yinxing Shiye Products & Services
        4.6.3 Yinxing Shiye Business Operation Conditions
                Table Business Operation of Yinxing Shiye (Sales Revenue, Sales Volume, Price, Cost, Gross Margin)
    4.7 Chenzhou Jingui Silver Industry (Company Profile, Sales Data etc.)
        4.7.1 Chenzhou Jingui Silver Industry Profile
                Table Chenzhou Jingui Silver Industry Overview List
        4.7.2 Chenzhou Jingui Silver Industry Products & Services
        4.7.3 Chenzhou Jingui Silver Industry Business Operation Conditions
                Table Business Operation of Chenzhou Jingui Silver Industry (Sales Revenue, Sales Volume, Price, Cost, Gross Margin)
5 Market Competition
    5.1 Company Competition
                Table Global Silver Nitrate (CAS 7761-88-8) Sales Revenue 2016-2020, by Company, in USD Million
                Table Global Silver Nitrate (CAS 7761-88-8) Sales Revenue Share 2016-2020, by Company, in USD Million
                Figure Global Silver Nitrate (CAS 7761-88-8) Sales Revenue Share in 2020, by Company, in USD Million
                Table Global Silver Nitrate (CAS 7761-88-8) Sales Volume 2016-2020, by Company, in Volume
                Table Global Silver Nitrate (CAS 7761-88-8) Sales Volume Share 2016-2020, by Company, in Volume
                Figure Global Silver Nitrate (CAS 7761-88-8) Sales Volume Share in 2020, by Company, in Volume
    5.2 Regional Market by Company
                Figure North America Silver Nitrate (CAS 7761-88-8) Market Concentration, in 2020
                Figure Europe Silver Nitrate (CAS 7761-88-8) Market Market Concentration, in 2020
                Figure Asia-Pacific Silver Nitrate (CAS 7761-88-8) MMarket Concentration, in 2020
                Figure South America Silver Nitrate (CAS 7761-88-8) Market Concentration, in 2020
                Figure Middle East & Africa Silver Nitrate (CAS 7761-88-8) Market Concentration, in 2020
6 Demand by End Market
    6.1 Demand Situation
        6.1.1 Demand in Photographic Emulsion
                Figure Silver Nitrate (CAS 7761-88-8) Demand in Photographic Emulsion, 2016-2020, in USD Million
                Figure Silver Nitrate (CAS 7761-88-8) Demand in Photographic Emulsion, 2016-2020, in Volume
        6.1.2 Demand in Pharmaceutical
                Figure Silver Nitrate (CAS 7761-88-8) Demand in Pharmaceutical, 2016-2020, in USD Million
                Figure Silver Nitrate (CAS 7761-88-8) Demand in Pharmaceutical, 2016-2020, in Volume
        6.1.3 Demand in Electronics Industry
                Figure Silver Nitrate (CAS 7761-88-8) Demand in Electronics Industry, 2016-2020, in USD Million
                Figure Silver Nitrate (CAS 7761-88-8) Demand in Electronics Industry, 2016-2020, in Volume
        6.1.4 Demand in Textiles
                Figure Silver Nitrate (CAS 7761-88-8) Demand in Textiles, 2016-2020, in USD Million
                Figure Silver Nitrate (CAS 7761-88-8) Demand in Textiles, 2016-2020, in Volume
        6.1.5 Demand in Others
                Figure Silver Nitrate (CAS 7761-88-8) Demand in Others, 2016-2020, in USD Million
                Figure Silver Nitrate (CAS 7761-88-8) Demand in Others, 2016-2020, in Volume
    6.2 Regional Demand Comparison
                Table Regional Demand Comparison List
                Table Major Application in Different Regions
    6.3 Demand Forecast
                Table Silver Nitrate (CAS 7761-88-8) Demand Forecast 2021-2026, by Application, in USD Million
                Figure Silver Nitrate (CAS 7761-88-8) Market Growth 2021-2026, by Application, in USD Million
                Figure Silver Nitrate (CAS 7761-88-8) Market Share in 2026, by Application, in USD Million
                Table Silver Nitrate (CAS 7761-88-8) Demand Forecast 2021-2026, by Application, in Volume
                Table Silver Nitrate (CAS 7761-88-8) Market Growth 2021-2026, by Application, in Volume
                Table Silver Nitrate (CAS 7761-88-8) Market Share in 2026, by Application, in Volume
    6.4 Impact of the COVID-19 on the Demand
7 Region Operation
    7.1 Regional Production
                Table Silver Nitrate (CAS 7761-88-8) Production 2016-2020, by Region, in USD Million
                Table Silver Nitrate (CAS 7761-88-8) Production 2016-2020, by Region, in Volume
    7.2 Regional Market
                Table Global Silver Nitrate (CAS 7761-88-8) Market 2016-2020, by Region, in USD Million
                Table Global Silver Nitrate (CAS 7761-88-8) Market Share 2016-2020, by Region, in USD Million
                Table Global Silver Nitrate (CAS 7761-88-8) Market 2016-2020, by Region, in Volume
                Table Global Silver Nitrate (CAS 7761-88-8) Market Share 2016-2020, by Region, in Volume
    7.3 by Region
        7.3.1 North America
            7.3.1.1 Overview
                Figure North America Silver Nitrate (CAS 7761-88-8) Market Size and Growth 2016-2020, in USD Million
                Figure North America Silver Nitrate (CAS 7761-88-8) Market Size and Growth 2016-2020, in Volume
            7.3.1.2 by Country (U.S., Canada, Mexico)
                Table North America Silver Nitrate (CAS 7761-88-8) Market Size 2016-2020, by Country, in USD Million
                Table North America Silver Nitrate (CAS 7761-88-8) Market Size 2016-2020, by Country, in Volume
        7.3.2 Europe
            7.3.2.1 Overview
                Figure Europe Silver Nitrate (CAS 7761-88-8) Market Size and Growth 2016-2020, in USD Million
                Figure Europe Silver Nitrate (CAS 7761-88-8) Market Size and Growth 2016-2020, in Volume
            7.3.2.2 by Country (Germany, U.K., France, Italy, Russia, Spain etc.)
                Table Europe Silver Nitrate (CAS 7761-88-8) Market Size 2016-2020, by Country, in USD Million
                Table Europe Silver Nitrate (CAS 7761-88-8) Market Size 2016-2020, by Country, in Volume
        7.3.3 Asia-Pacific
            7.3.3.1 Overview
                Figure Asia-Pacific Silver Nitrate (CAS 7761-88-8) Market Size and Growth 2016-2020, in USD Million
                Figure Asia-Pacific Silver Nitrate (CAS 7761-88-8) Market Size and Growth 2016-2020, in Volume
            7.3.3.2 by Country (China, India, Japan, Southeast Asia etc.)
                Table Asia-Pacific Silver Nitrate (CAS 7761-88-8) Market Size 2016-2020, by Country, in USD Million
                Table Asia-Pacific Silver Nitrate (CAS 7761-88-8) Market Size 2016-2020, by Country, in Volume
        7.3.4 South America
            7.3.4.1 Overview
                Figure South America Silver Nitrate (CAS 7761-88-8) Market Size and Growth 2016-2020, in USD Million
                Figure South America Silver Nitrate (CAS 7761-88-8) Market Size and Growth 2016-2020, in Volume
            7.3.4.2 by Country (Brazil, Argentina etc.)
                Table South America Silver Nitrate (CAS 7761-88-8) Market Size 2016-2020, by Country, in USD Million
                Table South America Silver Nitrate (CAS 7761-88-8) Market Size 2016-2020, by Country, in Volume
        7.3.5 Middle East & Africa
            7.3.5.1 Overview
                Figure Middle East & Africa Silver Nitrate (CAS 7761-88-8) Market Size and Growth 2016-2020, in USD Million
                Figure Middle East & Africa Silver Nitrate (CAS 7761-88-8) Market Size and Growth 2016-2020, in Volume
            7.3.5.2 by Country (Saudi Arabia, South Africa etc.)
                Table Middle East & Africa Silver Nitrate (CAS 7761-88-8) Market Size 2016-2020, by Country, in USD Million
                Table Middle East & Africa Silver Nitrate (CAS 7761-88-8) Market Size 2016-2020, by Country, in Volume
    7.4 Regional Import & Export
    7.5 Regional Forecast
                Table Silver Nitrate (CAS 7761-88-8) Market Forecast 2021-2026, by Region, in USD Million
                Table Silver Nitrate (CAS 7761-88-8) Market Forecast 2021-2026, by Region, in Volume
8 Marketing & Price
    8.1 Price and Margin
        8.1.1 Price Trends
        8.1.2 Factors of Price Change
                Table Price Factors List
        8.1.3 Manufacturers Gross Margin Analysis
    8.2 Marketing Channel
                Figure Marketing Channels Overview
9 Research Conclusion","List of Table
1.                Table Upstream Segment of Silver Nitrate (CAS 7761-88-8)
2.                Table Application Segment of Silver Nitrate (CAS 7761-88-8)
3.                Table Global Silver Nitrate (CAS 7761-88-8) Market 2016-2026, by Application, in USD Million
4.                Table Major Company List of ACS Grade Silver Nitrate
5.                Table Major Company List of Pharmaceutical Grade Silver Nitrate
6.                Table Global Silver Nitrate (CAS 7761-88-8) Market 2016-2020, by Type, in USD Million
7.                Table Global Silver Nitrate (CAS 7761-88-8) Market 2016-2020, by Type, in Volume
8.                Table Global Silver Nitrate (CAS 7761-88-8) Market Forecast 2021-2026, by Type, in USD Million
9.                Table Global Silver Nitrate (CAS 7761-88-8) Market Forecast 2021-2026, by Type, in Volume
10.                Table Ames Goldsmith Overview List
11.                Table Business Operation of Ames Goldsmith (Sales Revenue, Sales Volume, Price, Cost, Gross Margin)
12.                Table Ricca Chemical Company Overview List
13.                Table Business Operation of Ricca Chemical Company (Sales Revenue, Sales Volume, Price, Cost, Gross Margin)
14.                Table Rochester Silver Works Overview List
15.                Table Business Operation of Rochester Silver Works (Sales Revenue, Sales Volume, Price, Cost, Gross Margin)
16.                Table Tongling Noferrous Metals Group Overview List
17.                Table Business Operation of Tongling Noferrous Metals Group (Sales Revenue, Sales Volume, Price, Cost, Gross Margin)
18.                Table Jiangsu Shangyong New Material Overview List
19.                Table Business Operation of Jiangsu Shangyong New Material (Sales Revenue, Sales Volume, Price, Cost, Gross Margin)
20.                Table Yinxing Shiye Overview List
21.                Table Business Operation of Yinxing Shiye (Sales Revenue, Sales Volume, Price, Cost, Gross Margin)
22.                Table Chenzhou Jingui Silver Industry Overview List
23.                Table Business Operation of Chenzhou Jingui Silver Industry (Sales Revenue, Sales Volume, Price, Cost, Gross Margin)
24.                Table Global Silver Nitrate (CAS 7761-88-8) Sales Revenue 2016-2020, by Company, in USD Million
25.                Table Global Silver Nitrate (CAS 7761-88-8) Sales Revenue Share 2016-2020, by Company, in USD Million
26.                Table Global Silver Nitrate (CAS 7761-88-8) Sales Volume 2016-2020, by Company, in Volume
27.                Table Global Silver Nitrate (CAS 7761-88-8) Sales Volume Share 2016-2020, by Company, in Volume
28.                Table Regional Demand Comparison List
29.                Table Major Application in Different Regions
30.                Table Silver Nitrate (CAS 7761-88-8) Demand Forecast 2021-2026, by Application, in USD Million
31.                Table Silver Nitrate (CAS 7761-88-8) Demand Forecast 2021-2026, by Application, in Volume
32.                Table Silver Nitrate (CAS 7761-88-8) Market Growth 2021-2026, by Application, in Volume
33.                Table Silver Nitrate (CAS 7761-88-8) Market Share in 2026, by Application, in Volume
34.                Table Silver Nitrate (CAS 7761-88-8) Production 2016-2020, by Region, in USD Million
35.                Table Silver Nitrate (CAS 7761-88-8) Production 2016-2020, by Region, in Volume
36.                Table Global Silver Nitrate (CAS 7761-88-8) Market 2016-2020, by Region, in USD Million
37.                Table Global Silver Nitrate (CAS 7761-88-8) Market Share 2016-2020, by Region, in USD Million
38.                Table Global Silver Nitrate (CAS 7761-88-8) Market 2016-2020, by Region, in Volume
39.                Table Global Silver Nitrate (CAS 7761-88-8) Market Share 2016-2020, by Region, in Volume
40.                Table North America Silver Nitrate (CAS 7761-88-8) Market Size 2016-2020, by Country, in USD Million
41.                Table North America Silver Nitrate (CAS 7761-88-8) Market Size 2016-2020, by Country, in Volume
42.                Table Europe Silver Nitrate (CAS 7761-88-8) Market Size 2016-2020, by Country, in USD Million
43.                Table Europe Silver Nitrate (CAS 7761-88-8) Market Size 2016-2020, by Country, in Volume
44.                Table Asia-Pacific Silver Nitrate (CAS 7761-88-8) Market Size 2016-2020, by Country, in USD Million
45.                Table Asia-Pacific Silver Nitrate (CAS 7761-88-8) Market Size 2016-2020, by Country, in Volume
46.                Table South America Silver Nitrate (CAS 7761-88-8) Market Size 2016-2020, by Country, in USD Million
47.                Table South America Silver Nitrate (CAS 7761-88-8) Market Size 2016-2020, by Country, in Volume
48.                Table Middle East & Africa Silver Nitrate (CAS 7761-88-8) Market Size 2016-2020, by Country, in USD Million
49.                Table Middle East & Africa Silver Nitrate (CAS 7761-88-8) Market Size 2016-2020, by Country, in Volume
50.                Table Silver Nitrate (CAS 7761-88-8) Market Forecast 2021-2026, by Region, in USD Million
51.                Table Silver Nitrate (CAS 7761-88-8) Market Forecast 2021-2026, by Region, in Volume
52.                Table Price Factors List","List of Figure
1.                Figure Silver Nitrate (CAS 7761-88-8) Industry Chain Structure
2.                Figure Global Silver Nitrate (CAS 7761-88-8) Market Growth 2016-2020, by Type, in USD Million
3.                Figure Global Silver Nitrate (CAS 7761-88-8) Market Growth 2016-2020, by Type, in Volume
4.                Figure Global Silver Nitrate (CAS 7761-88-8) Sales Revenue Share in 2020, by Company, in USD Million
5.                Figure Global Silver Nitrate (CAS 7761-88-8) Sales Volume Share in 2020, by Company, in Volume
6.                Figure North America Silver Nitrate (CAS 7761-88-8) Market Concentration, in 2020
7.                Figure Europe Silver Nitrate (CAS 7761-88-8) Market Market Concentration, in 2020
8.                Figure Asia-Pacific Silver Nitrate (CAS 7761-88-8) MMarket Concentration, in 2020
9.                Figure South America Silver Nitrate (CAS 7761-88-8) Market Concentration, in 2020
10.                Figure Middle East & Africa Silver Nitrate (CAS 7761-88-8) Market Concentration, in 2020
11.                Figure Silver Nitrate (CAS 7761-88-8) Demand in Photographic Emulsion, 2016-2020, in USD Million
12.                Figure Silver Nitrate (CAS 7761-88-8) Demand in Photographic Emulsion, 2016-2020, in Volume
13.                Figure Silver Nitrate (CAS 7761-88-8) Demand in Pharmaceutical, 2016-2020, in USD Million
14.                Figure Silver Nitrate (CAS 7761-88-8) Demand in Pharmaceutical, 2016-2020, in Volume
15.                Figure Silver Nitrate (CAS 7761-88-8) Demand in Electronics Industry, 2016-2020, in USD Million
16.                Figure Silver Nitrate (CAS 7761-88-8) Demand in Electronics Industry, 2016-2020, in Volume
17.                Figure Silver Nitrate (CAS 7761-88-8) Demand in Textiles, 2016-2020, in USD Million
18.                Figure Silver Nitrate (CAS 7761-88-8) Demand in Textiles, 2016-2020, in Volume
19.                Figure Silver Nitrate (CAS 7761-88-8) Demand in Others, 2016-2020, in USD Million
20.                Figure Silver Nitrate (CAS 7761-88-8) Demand in Others, 2016-2020, in Volume
21.                Figure Silver Nitrate (CAS 7761-88-8) Market Growth 2021-2026, by Application, in USD Million
22.                Figure Silver Nitrate (CAS 7761-88-8) Market Share in 2026, by Application, in USD Million
23.                Figure North America Silver Nitrate (CAS 7761-88-8) Market Size and Growth 2016-2020, in USD Million
24.                Figure North America Silver Nitrate (CAS 7761-88-8) Market Size and Growth 2016-2020, in Volume
25.                Figure Europe Silver Nitrate (CAS 7761-88-8) Market Size and Growth 2016-2020, in USD Million
26.                Figure Europe Silver Nitrate (CAS 7761-88-8) Market Size and Growth 2016-2020, in Volume
27.                Figure Asia-Pacific Silver Nitrate (CAS 7761-88-8) Market Size and Growth 2016-2020, in USD Million
28.                Figure Asia-Pacific Silver Nitrate (CAS 7761-88-8) Market Size and Growth 2016-2020, in Volume
29.                Figure South America Silver Nitrate (CAS 7761-88-8) Market Size and Growth 2016-2020, in USD Million
30.                Figure South America Silver Nitrate (CAS 7761-88-8) Market Size and Growth 2016-2020, in Volume
31.                Figure Middle East & Africa Silver Nitrate (CAS 7761-88-8) Market Size and Growth 2016-2020, in USD Million
32.                Figure Middle East & Africa Silver Nitrate (CAS 7761-88-8) Market Size and Growth 2016-2020, in Volume
33.                Figure Marketing Channels Overview","$2,980 ","$5,960 ","$5,960 ",99SGL298Che20210200024794
7-Apr-21,"Machinery & Equipment","Global 2-shot Injection Molding Market Analysis 2016-2020 and Forecast 2021-2026","Snapshot
The global 2-shot Injection Molding market size is estimated at xxx million USD with a CAGR xx% from 2016-2020 and is expected to reach xxx Million USD in 2021 with a CAGR xx% from 2021 to 2026. The report begins from overview of Industry Chain structure, and describes industry environment, then analyses market size and forecast of 2-shot Injection Molding by product, region and application, in addition, this report introduces market competition situation among the vendors and company profile, besides, market price analysis and value chain features are covered in this report.
Product Type Coverage (Market Size & Forecast, Major Company of Product Type etc.):
        Silicones
        Polypropylene
        Polycarbonate
        Acrylonitrile Butadiene Styrene (ABS)
        Polystyrene
        Plastics (Nylon and PBT)
        Styrene Butadiene Rubber (SBR)
        Thermoplastic Elastomers (TPE)
        Elastomers (Nitrile Rubber and Natural Rubber)
Company Coverage (Company Profile, Sales Revenue, Price, Gross Margin, Main Products etc.):
        Gemini Group Inc
        Paragon Rapid Technologies Limited
        Evco Plastics
        Rogan Corporation
        Bemis Manufacturing Company
        Biomedical Polymers Inc
        Carclo Technical Plastics
        Yomura Technologies
        Nyloncraft Inc
Application Coverage (Market Size & Forecast, Different Demand Market by Region, Main Consumer Profile etc.):
        Medical
        Automotive
        Consumer Goods
        Electrical and Electronics
        Industrial
        Packaging
Region Coverage (Regional Production, Demand & Forecast by Countries etc.):
        North America (U.S., Canada, Mexico)
        Europe (Germany, U.K., France, Italy, Russia, Spain etc.)
        Asia-Pacific (China, India, Japan, Southeast Asia etc.)
        South America (Brazil, Argentina etc.)
        Middle East & Africa (Saudi Arabia, South Africa etc.)",105,"Table of Contents
1 Industry Overview
    1.1 2-shot Injection Molding Industry
                Figure 2-shot Injection Molding Industry Chain Structure
        1.1.1 Overview
        1.1.2 Development of 2-shot Injection Molding
    1.2 Market Segment
        1.2.1 Upstream
                Table Upstream Segment of 2-shot Injection Molding
        1.2.2 Downstream
                Table Application Segment of 2-shot Injection Molding
                Table Global 2-shot Injection Molding Market 2016-2026, by Application, in USD Million
        1.2.3 COVID-19 Impact
    1.3 Cost Analysis
2 Industry Environment (PEST Analysis)
    2.1 Policy
    2.2 Economics
    2.3 Sociology
    2.4 Technology
3 2-shot Injection Molding Market by Type
    3.1 By Type
        3.1.1 Silicones
                Table Major Company List of Silicones
        3.1.2 Polypropylene
                Table Major Company List of Polypropylene
        3.1.3 Polycarbonate
                Table Major Company List of Polycarbonate
        3.1.4 Acrylonitrile Butadiene Styrene (ABS)
                Table Major Company List of Acrylonitrile Butadiene Styrene (ABS)
        3.1.5 Polystyrene
                Table Major Company List of Polystyrene
        3.1.6 Plastics (Nylon and PBT)
                Table Major Company List of Plastics (Nylon and PBT)
        3.1.7 Styrene Butadiene Rubber (SBR)
                Table Major Company List of Styrene Butadiene Rubber (SBR)
        3.1.8 Thermoplastic Elastomers (TPE)
                Table Major Company List of Thermoplastic Elastomers (TPE)
        3.1.9 Elastomers (Nitrile Rubber and Natural Rubber)
                Table Major Company List of Elastomers (Nitrile Rubber and Natural Rubber)
    3.2 Market Size
                Table Global 2-shot Injection Molding Market 2016-2020, by Type, in USD Million
                Figure Global 2-shot Injection Molding Market Growth 2016-2020, by Type, in USD Million
                Table Global 2-shot Injection Molding Market 2016-2020, by Type, in Volume
                Figure Global 2-shot Injection Molding Market Growth 2016-2020, by Type, in Volume
    3.3 Market Forecast
                Table Global 2-shot Injection Molding Market Forecast 2021-2026, by Type, in USD Million
                Table Global 2-shot Injection Molding Market Forecast 2021-2026, by Type, in Volume
4 Major Companies List
    4.1 Gemini Group Inc (Company Profile, Sales Data etc.)
        4.1.1 Gemini Group Inc Profile
                Table Gemini Group Inc Overview List
        4.1.2 Gemini Group Inc Products & Services
        4.1.3 Gemini Group Inc Business Operation Conditions
                Table Business Operation of Gemini Group Inc (Sales Revenue, Sales Volume, Price, Cost, Gross Margin)
    4.2 Paragon Rapid Technologies Limited (Company Profile, Sales Data etc.)
        4.2.1 Paragon Rapid Technologies Limited Profile
                Table Paragon Rapid Technologies Limited Overview List
        4.2.2 Paragon Rapid Technologies Limited Products & Services
        4.2.3 Paragon Rapid Technologies Limited Business Operation Conditions
                Table Business Operation of Paragon Rapid Technologies Limited (Sales Revenue, Sales Volume, Price, Cost, Gross Margin)
    4.3 Evco Plastics (Company Profile, Sales Data etc.)
        4.3.1 Evco Plastics Profile
                Table Evco Plastics Overview List
        4.3.2 Evco Plastics Products & Services
        4.3.3 Evco Plastics Business Operation Conditions
                Table Business Operation of Evco Plastics (Sales Revenue, Sales Volume, Price, Cost, Gross Margin)
    4.4 Rogan Corporation (Company Profile, Sales Data etc.)
        4.4.1 Rogan Corporation Profile
                Table Rogan Corporation Overview List
        4.4.2 Rogan Corporation Products & Services
        4.4.3 Rogan Corporation Business Operation Conditions
                Table Business Operation of Rogan Corporation (Sales Revenue, Sales Volume, Price, Cost, Gross Margin)
    4.5 Bemis Manufacturing Company (Company Profile, Sales Data etc.)
        4.5.1 Bemis Manufacturing Company Profile
                Table Bemis Manufacturing Company Overview List
        4.5.2 Bemis Manufacturing Company Products & Services
        4.5.3 Bemis Manufacturing Company Business Operation Conditions
                Table Business Operation of Bemis Manufacturing Company (Sales Revenue, Sales Volume, Price, Cost, Gross Margin)
    4.6 Biomedical Polymers Inc (Company Profile, Sales Data etc.)
        4.6.1 Biomedical Polymers Inc Profile
                Table Biomedical Polymers Inc Overview List
        4.6.2 Biomedical Polymers Inc Products & Services
        4.6.3 Biomedical Polymers Inc Business Operation Conditions
                Table Business Operation of Biomedical Polymers Inc (Sales Revenue, Sales Volume, Price, Cost, Gross Margin)
    4.7 Carclo Technical Plastics (Company Profile, Sales Data etc.)
        4.7.1 Carclo Technical Plastics Profile
                Table Carclo Technical Plastics Overview List
        4.7.2 Carclo Technical Plastics Products & Services
        4.7.3 Carclo Technical Plastics Business Operation Conditions
                Table Business Operation of Carclo Technical Plastics (Sales Revenue, Sales Volume, Price, Cost, Gross Margin)
    4.8 Yomura Technologies (Company Profile, Sales Data etc.)
        4.8.1 Yomura Technologies Profile
                Table Yomura Technologies Overview List
        4.8.2 Yomura Technologies Products & Services
        4.8.3 Yomura Technologies Business Operation Conditions
                Table Business Operation of Yomura Technologies (Sales Revenue, Sales Volume, Price, Cost, Gross Margin)
    4.9 Nyloncraft Inc (Company Profile, Sales Data etc.)
        4.9.1 Nyloncraft Inc Profile
                Table Nyloncraft Inc Overview List
        4.9.2 Nyloncraft Inc Products & Services
        4.9.3 Nyloncraft Inc Business Operation Conditions
                Table Business Operation of Nyloncraft Inc (Sales Revenue, Sales Volume, Price, Cost, Gross Margin)
5 Market Competition
    5.1 Company Competition
                Table Global 2-shot Injection Molding Sales Revenue 2016-2020, by Company, in USD Million
                Table Global 2-shot Injection Molding Sales Revenue Share 2016-2020, by Company, in USD Million
                Figure Global 2-shot Injection Molding Sales Revenue Share in 2020, by Company, in USD Million
                Table Global 2-shot Injection Molding Sales Volume 2016-2020, by Company, in Volume
                Table Global 2-shot Injection Molding Sales Volume Share 2016-2020, by Company, in Volume
                Figure Global 2-shot Injection Molding Sales Volume Share in 2020, by Company, in Volume
    5.2 Regional Market by Company
                Figure North America 2-shot Injection Molding Market Concentration, in 2020
                Figure Europe 2-shot Injection Molding Market Market Concentration, in 2020
                Figure Asia-Pacific 2-shot Injection Molding MMarket Concentration, in 2020
                Figure South America 2-shot Injection Molding Market Concentration, in 2020
                Figure Middle East & Africa 2-shot Injection Molding Market Concentration, in 2020
6 Demand by End Market
    6.1 Demand Situation
        6.1.1 Demand in Medical
                Figure 2-shot Injection Molding Demand in Medical, 2016-2020, in USD Million
                Figure 2-shot Injection Molding Demand in Medical, 2016-2020, in Volume
        6.1.2 Demand in Automotive
                Figure 2-shot Injection Molding Demand in Automotive, 2016-2020, in USD Million
                Figure 2-shot Injection Molding Demand in Automotive, 2016-2020, in Volume
        6.1.3 Demand in Consumer Goods
                Figure 2-shot Injection Molding Demand in Consumer Goods, 2016-2020, in USD Million
                Figure 2-shot Injection Molding Demand in Consumer Goods, 2016-2020, in Volume
        6.1.4 Demand in Electrical and Electronics
                Figure 2-shot Injection Molding Demand in Electrical and Electronics, 2016-2020, in USD Million
                Figure 2-shot Injection Molding Demand in Electrical and Electronics, 2016-2020, in Volume
        6.1.5 Demand in Industrial
                Figure 2-shot Injection Molding Demand in Industrial, 2016-2020, in USD Million
                Figure 2-shot Injection Molding Demand in Industrial, 2016-2020, in Volume
        6.1.6 Demand in Packaging
                Figure 2-shot Injection Molding Demand in Packaging, 2016-2020, in USD Million
                Figure 2-shot Injection Molding Demand in Packaging, 2016-2020, in Volume
    6.2 Regional Demand Comparison
                Table Regional Demand Comparison List
                Table Major Application in Different Regions
    6.3 Demand Forecast
                Table 2-shot Injection Molding Demand Forecast 2021-2026, by Application, in USD Million
                Figure 2-shot Injection Molding Market Growth 2021-2026, by Application, in USD Million
                Figure 2-shot Injection Molding Market Share in 2026, by Application, in USD Million
                Table 2-shot Injection Molding Demand Forecast 2021-2026, by Application, in Volume
                Table 2-shot Injection Molding Market Growth 2021-2026, by Application, in Volume
                Table 2-shot Injection Molding Market Share in 2026, by Application, in Volume
    6.4 Impact of the COVID-19 on the Demand
7 Region Operation
    7.1 Regional Production
                Table 2-shot Injection Molding Production 2016-2020, by Region, in USD Million
                Table 2-shot Injection Molding Production 2016-2020, by Region, in Volume
    7.2 Regional Market
                Table Global 2-shot Injection Molding Market 2016-2020, by Region, in USD Million
                Table Global 2-shot Injection Molding Market Share 2016-2020, by Region, in USD Million
                Table Global 2-shot Injection Molding Market 2016-2020, by Region, in Volume
                Table Global 2-shot Injection Molding Market Share 2016-2020, by Region, in Volume
    7.3 by Region
        7.3.1 North America
            7.3.1.1 Overview
                Figure North America 2-shot Injection Molding Market Size and Growth 2016-2020, in USD Million
                Figure North America 2-shot Injection Molding Market Size and Growth 2016-2020, in Volume
            7.3.1.2 by Country (U.S., Canada, Mexico)
                Table North America 2-shot Injection Molding Market Size 2016-2020, by Country, in USD Million
                Table North America 2-shot Injection Molding Market Size 2016-2020, by Country, in Volume
        7.3.2 Europe
            7.3.2.1 Overview
                Figure Europe 2-shot Injection Molding Market Size and Growth 2016-2020, in USD Million
                Figure Europe 2-shot Injection Molding Market Size and Growth 2016-2020, in Volume
            7.3.2.2 by Country (Germany, U.K., France, Italy, Russia, Spain etc.)
                Table Europe 2-shot Injection Molding Market Size 2016-2020, by Country, in USD Million
                Table Europe 2-shot Injection Molding Market Size 2016-2020, by Country, in Volume
        7.3.3 Asia-Pacific
            7.3.3.1 Overview
                Figure Asia-Pacific 2-shot Injection Molding Market Size and Growth 2016-2020, in USD Million
                Figure Asia-Pacific 2-shot Injection Molding Market Size and Growth 2016-2020, in Volume
            7.3.3.2 by Country (China, India, Japan, Southeast Asia etc.)
                Table Asia-Pacific 2-shot Injection Molding Market Size 2016-2020, by Country, in USD Million
                Table Asia-Pacific 2-shot Injection Molding Market Size 2016-2020, by Country, in Volume
        7.3.4 South America
            7.3.4.1 Overview
                Figure South America 2-shot Injection Molding Market Size and Growth 2016-2020, in USD Million
                Figure South America 2-shot Injection Molding Market Size and Growth 2016-2020, in Volume
            7.3.4.2 by Country (Brazil, Argentina etc.)
                Table South America 2-shot Injection Molding Market Size 2016-2020, by Country, in USD Million
                Table South America 2-shot Injection Molding Market Size 2016-2020, by Country, in Volume
        7.3.5 Middle East & Africa
            7.3.5.1 Overview
                Figure Middle East & Africa 2-shot Injection Molding Market Size and Growth 2016-2020, in USD Million
                Figure Middle East & Africa 2-shot Injection Molding Market Size and Growth 2016-2020, in Volume
            7.3.5.2 by Country (Saudi Arabia, South Africa etc.)
                Table Middle East & Africa 2-shot Injection Molding Market Size 2016-2020, by Country, in USD Million
                Table Middle East & Africa 2-shot Injection Molding Market Size 2016-2020, by Country, in Volume
    7.4 Regional Import & Export
    7.5 Regional Forecast
                Table 2-shot Injection Molding Market Forecast 2021-2026, by Region, in USD Million
                Table 2-shot Injection Molding Market Forecast 2021-2026, by Region, in Volume
8 Marketing & Price
    8.1 Price and Margin
        8.1.1 Price Trends
        8.1.2 Factors of Price Change
                Table Price Factors List
        8.1.3 Manufacturers Gross Margin Analysis
    8.2 Marketing Channel
                Figure Marketing Channels Overview
9 Research Conclusion","List of Table
1.                Table Upstream Segment of 2-shot Injection Molding
2.                Table Application Segment of 2-shot Injection Molding
3.                Table Global 2-shot Injection Molding Market 2016-2026, by Application, in USD Million
4.                Table Major Company List of Polypropylene
5.                Table Major Company List of Polycarbonate
6.                Table Major Company List of Acrylonitrile Butadiene Styrene (ABS)
7.                Table Major Company List of Polystyrene
8.                Table Major Company List of Plastics (Nylon and PBT)
9.                Table Major Company List of Styrene Butadiene Rubber (SBR)
10.                Table Major Company List of Thermoplastic Elastomers (TPE)
11.                Table Major Company List of Elastomers (Nitrile Rubber and Natural Rubber)
12.                Table Global 2-shot Injection Molding Market 2016-2020, by Type, in USD Million
13.                Table Global 2-shot Injection Molding Market 2016-2020, by Type, in Volume
14.                Table Global 2-shot Injection Molding Market Forecast 2021-2026, by Type, in USD Million
15.                Table Global 2-shot Injection Molding Market Forecast 2021-2026, by Type, in Volume
16.                Table Gemini Group Inc Overview List
17.                Table Business Operation of Gemini Group Inc (Sales Revenue, Sales Volume, Price, Cost, Gross Margin)
18.                Table Paragon Rapid Technologies Limited Overview List
19.                Table Business Operation of Paragon Rapid Technologies Limited (Sales Revenue, Sales Volume, Price, Cost, Gross Margin)
20.                Table Evco Plastics Overview List
21.                Table Business Operation of Evco Plastics (Sales Revenue, Sales Volume, Price, Cost, Gross Margin)
22.                Table Rogan Corporation Overview List
23.                Table Business Operation of Rogan Corporation (Sales Revenue, Sales Volume, Price, Cost, Gross Margin)
24.                Table Bemis Manufacturing Company Overview List
25.                Table Business Operation of Bemis Manufacturing Company (Sales Revenue, Sales Volume, Price, Cost, Gross Margin)
26.                Table Biomedical Polymers Inc Overview List
27.                Table Business Operation of Biomedical Polymers Inc (Sales Revenue, Sales Volume, Price, Cost, Gross Margin)
28.                Table Carclo Technical Plastics Overview List
29.                Table Business Operation of Carclo Technical Plastics (Sales Revenue, Sales Volume, Price, Cost, Gross Margin)
30.                Table Yomura Technologies Overview List
31.                Table Business Operation of Yomura Technologies (Sales Revenue, Sales Volume, Price, Cost, Gross Margin)
32.                Table Nyloncraft Inc Overview List
33.                Table Business Operation of Nyloncraft Inc (Sales Revenue, Sales Volume, Price, Cost, Gross Margin)
34.                Table Global 2-shot Injection Molding Sales Revenue 2016-2020, by Company, in USD Million
35.                Table Global 2-shot Injection Molding Sales Revenue Share 2016-2020, by Company, in USD Million
36.                Table Global 2-shot Injection Molding Sales Volume 2016-2020, by Company, in Volume
37.                Table Global 2-shot Injection Molding Sales Volume Share 2016-2020, by Company, in Volume
38.                Table Regional Demand Comparison List
39.                Table Major Application in Different Regions
40.                Table 2-shot Injection Molding Demand Forecast 2021-2026, by Application, in USD Million
41.                Table 2-shot Injection Molding Demand Forecast 2021-2026, by Application, in Volume
42.                Table 2-shot Injection Molding Market Growth 2021-2026, by Application, in Volume
43.                Table 2-shot Injection Molding Market Share in 2026, by Application, in Volume
44.                Table 2-shot Injection Molding Production 2016-2020, by Region, in USD Million
45.                Table 2-shot Injection Molding Production 2016-2020, by Region, in Volume
46.                Table Global 2-shot Injection Molding Market 2016-2020, by Region, in USD Million
47.                Table Global 2-shot Injection Molding Market Share 2016-2020, by Region, in USD Million
48.                Table Global 2-shot Injection Molding Market 2016-2020, by Region, in Volume
49.                Table Global 2-shot Injection Molding Market Share 2016-2020, by Region, in Volume
50.                Table North America 2-shot Injection Molding Market Size 2016-2020, by Country, in USD Million
51.                Table North America 2-shot Injection Molding Market Size 2016-2020, by Country, in Volume
52.                Table Europe 2-shot Injection Molding Market Size 2016-2020, by Country, in USD Million
53.                Table Europe 2-shot Injection Molding Market Size 2016-2020, by Country, in Volume
54.                Table Asia-Pacific 2-shot Injection Molding Market Size 2016-2020, by Country, in USD Million
55.                Table Asia-Pacific 2-shot Injection Molding Market Size 2016-2020, by Country, in Volume
56.                Table South America 2-shot Injection Molding Market Size 2016-2020, by Country, in USD Million
57.                Table South America 2-shot Injection Molding Market Size 2016-2020, by Country, in Volume
58.                Table Middle East & Africa 2-shot Injection Molding Market Size 2016-2020, by Country, in USD Million
59.                Table Middle East & Africa 2-shot Injection Molding Market Size 2016-2020, by Country, in Volume
60.                Table 2-shot Injection Molding Market Forecast 2021-2026, by Region, in USD Million
61.                Table 2-shot Injection Molding Market Forecast 2021-2026, by Region, in Volume
62.                Table Price Factors List","List of Figure
1.                Figure 2-shot Injection Molding Industry Chain Structure
2.                Figure Global 2-shot Injection Molding Market Growth 2016-2020, by Type, in USD Million
3.                Figure Global 2-shot Injection Molding Market Growth 2016-2020, by Type, in Volume
4.                Figure Global 2-shot Injection Molding Sales Revenue Share in 2020, by Company, in USD Million
5.                Figure Global 2-shot Injection Molding Sales Volume Share in 2020, by Company, in Volume
6.                Figure North America 2-shot Injection Molding Market Concentration, in 2020
7.                Figure Europe 2-shot Injection Molding Market Market Concentration, in 2020
8.                Figure Asia-Pacific 2-shot Injection Molding MMarket Concentration, in 2020
9.                Figure South America 2-shot Injection Molding Market Concentration, in 2020
10.                Figure Middle East & Africa 2-shot Injection Molding Market Concentration, in 2020
11.                Figure 2-shot Injection Molding Demand in Medical, 2016-2020, in USD Million
12.                Figure 2-shot Injection Molding Demand in Medical, 2016-2020, in Volume
13.                Figure 2-shot Injection Molding Demand in Automotive, 2016-2020, in USD Million
14.                Figure 2-shot Injection Molding Demand in Automotive, 2016-2020, in Volume
15.                Figure 2-shot Injection Molding Demand in Consumer Goods, 2016-2020, in USD Million
16.                Figure 2-shot Injection Molding Demand in Consumer Goods, 2016-2020, in Volume
17.                Figure 2-shot Injection Molding Demand in Electrical and Electronics, 2016-2020, in USD Million
18.                Figure 2-shot Injection Molding Demand in Electrical and Electronics, 2016-2020, in Volume
19.                Figure 2-shot Injection Molding Demand in Industrial, 2016-2020, in USD Million
20.                Figure 2-shot Injection Molding Demand in Industrial, 2016-2020, in Volume
21.                Figure 2-shot Injection Molding Demand in Packaging, 2016-2020, in USD Million
22.                Figure 2-shot Injection Molding Demand in Packaging, 2016-2020, in Volume
23.                Figure 2-shot Injection Molding Market Growth 2021-2026, by Application, in USD Million
24.                Figure 2-shot Injection Molding Market Share in 2026, by Application, in USD Million
25.                Figure North America 2-shot Injection Molding Market Size and Growth 2016-2020, in USD Million
26.                Figure North America 2-shot Injection Molding Market Size and Growth 2016-2020, in Volume
27.                Figure Europe 2-shot Injection Molding Market Size and Growth 2016-2020, in USD Million
28.                Figure Europe 2-shot Injection Molding Market Size and Growth 2016-2020, in Volume
29.                Figure Asia-Pacific 2-shot Injection Molding Market Size and Growth 2016-2020, in USD Million
30.                Figure Asia-Pacific 2-shot Injection Molding Market Size and Growth 2016-2020, in Volume
31.                Figure South America 2-shot Injection Molding Market Size and Growth 2016-2020, in USD Million
32.                Figure South America 2-shot Injection Molding Market Size and Growth 2016-2020, in Volume
33.                Figure Middle East & Africa 2-shot Injection Molding Market Size and Growth 2016-2020, in USD Million
34.                Figure Middle East & Africa 2-shot Injection Molding Market Size and Growth 2016-2020, in Volume
35.                Figure Marketing Channels Overview","$2,980 ","$5,960 ","$5,960 ",99SGL298Mac20210200024795
7-Apr-21,"Chemical & Material","Global Silicon Carbide Foam Market Analysis 2016-2020 and Forecast 2021-2026","Snapshot
The global Silicon Carbide Foam market size is estimated at xxx million USD with a CAGR xx% from 2016-2020 and is expected to reach xxx Million USD in 2021 with a CAGR xx% from 2021 to 2026. The report begins from overview of Industry Chain structure, and describes industry environment, then analyses market size and forecast of Silicon Carbide Foam by product, region and application, in addition, this report introduces market competition situation among the vendors and company profile, besides, market price analysis and value chain features are covered in this report.
Product Type Coverage (Market Size & Forecast, Major Company of Product Type etc.):
        75%(Open-cell Rate)
        85%(Open-cell Rate)
Company Coverage (Company Profile, Sales Revenue, Price, Gross Margin, Main Products etc.):
        Boyd Corporation
        ERG Materials and Aerospace
        Evonik Industries AG
        General Plastics Manufacturing
        Rogers Corporation
Application Coverage (Market Size & Forecast, Different Demand Market by Region, Main Consumer Profile etc.):
        Aerospace
        Architecture
Region Coverage (Regional Production, Demand & Forecast by Countries etc.):
        North America (U.S., Canada, Mexico)
        Europe (Germany, U.K., France, Italy, Russia, Spain etc.)
        Asia-Pacific (China, India, Japan, Southeast Asia etc.)
        South America (Brazil, Argentina etc.)
        Middle East & Africa (Saudi Arabia, South Africa etc.)",102,"Table of Contents
1 Industry Overview
    1.1 Silicon Carbide Foam Industry
                Figure Silicon Carbide Foam Industry Chain Structure
        1.1.1 Overview
        1.1.2 Development of Silicon Carbide Foam
    1.2 Market Segment
        1.2.1 Upstream
                Table Upstream Segment of Silicon Carbide Foam
        1.2.2 Downstream
                Table Application Segment of Silicon Carbide Foam
                Table Global Silicon Carbide Foam Market 2016-2026, by Application, in USD Million
        1.2.3 COVID-19 Impact
    1.3 Cost Analysis
2 Industry Environment (PEST Analysis)
    2.1 Policy
    2.2 Economics
    2.3 Sociology
    2.4 Technology
3 Silicon Carbide Foam Market by Type
    3.1 By Type
        3.1.1 75%(Open-cell Rate)
                Table Major Company List of 75%(Open-cell Rate)
        3.1.2 85%(Open-cell Rate)
                Table Major Company List of 85%(Open-cell Rate)
    3.2 Market Size
                Table Global Silicon Carbide Foam Market 2016-2020, by Type, in USD Million
                Figure Global Silicon Carbide Foam Market Growth 2016-2020, by Type, in USD Million
                Table Global Silicon Carbide Foam Market 2016-2020, by Type, in Volume
                Figure Global Silicon Carbide Foam Market Growth 2016-2020, by Type, in Volume
    3.3 Market Forecast
                Table Global Silicon Carbide Foam Market Forecast 2021-2026, by Type, in USD Million
                Table Global Silicon Carbide Foam Market Forecast 2021-2026, by Type, in Volume
4 Major Companies List
    4.1 Boyd Corporation (Company Profile, Sales Data etc.)
        4.1.1 Boyd Corporation Profile
                Table Boyd Corporation Overview List
        4.1.2 Boyd Corporation Products & Services
        4.1.3 Boyd Corporation Business Operation Conditions
                Table Business Operation of Boyd Corporation (Sales Revenue, Sales Volume, Price, Cost, Gross Margin)
    4.2 ERG Materials and Aerospace (Company Profile, Sales Data etc.)
        4.2.1 ERG Materials and Aerospace Profile
                Table ERG Materials and Aerospace Overview List
        4.2.2 ERG Materials and Aerospace Products & Services
        4.2.3 ERG Materials and Aerospace Business Operation Conditions
                Table Business Operation of ERG Materials and Aerospace (Sales Revenue, Sales Volume, Price, Cost, Gross Margin)
    4.3 Evonik Industries AG (Company Profile, Sales Data etc.)
        4.3.1 Evonik Industries AG Profile
                Table Evonik Industries AG Overview List
        4.3.2 Evonik Industries AG Products & Services
        4.3.3 Evonik Industries AG Business Operation Conditions
                Table Business Operation of Evonik Industries AG (Sales Revenue, Sales Volume, Price, Cost, Gross Margin)
    4.4 General Plastics Manufacturing (Company Profile, Sales Data etc.)
        4.4.1 General Plastics Manufacturing Profile
                Table General Plastics Manufacturing Overview List
        4.4.2 General Plastics Manufacturing Products & Services
        4.4.3 General Plastics Manufacturing Business Operation Conditions
                Table Business Operation of General Plastics Manufacturing (Sales Revenue, Sales Volume, Price, Cost, Gross Margin)
    4.5 Rogers Corporation (Company Profile, Sales Data etc.)
        4.5.1 Rogers Corporation Profile
                Table Rogers Corporation Overview List
        4.5.2 Rogers Corporation Products & Services
        4.5.3 Rogers Corporation Business Operation Conditions
                Table Business Operation of Rogers Corporation (Sales Revenue, Sales Volume, Price, Cost, Gross Margin)
5 Market Competition
    5.1 Company Competition
                Table Global Silicon Carbide Foam Sales Revenue 2016-2020, by Company, in USD Million
                Table Global Silicon Carbide Foam Sales Revenue Share 2016-2020, by Company, in USD Million
                Figure Global Silicon Carbide Foam Sales Revenue Share in 2020, by Company, in USD Million
                Table Global Silicon Carbide Foam Sales Volume 2016-2020, by Company, in Volume
                Table Global Silicon Carbide Foam Sales Volume Share 2016-2020, by Company, in Volume
                Figure Global Silicon Carbide Foam Sales Volume Share in 2020, by Company, in Volume
    5.2 Regional Market by Company
                Figure North America Silicon Carbide Foam Market Concentration, in 2020
                Figure Europe Silicon Carbide Foam Market Market Concentration, in 2020
                Figure Asia-Pacific Silicon Carbide Foam MMarket Concentration, in 2020
                Figure South America Silicon Carbide Foam Market Concentration, in 2020
                Figure Middle East & Africa Silicon Carbide Foam Market Concentration, in 2020
6 Demand by End Market
    6.1 Demand Situation
        6.1.1 Demand in Aerospace
                Figure Silicon Carbide Foam Demand in Aerospace, 2016-2020, in USD Million
                Figure Silicon Carbide Foam Demand in Aerospace, 2016-2020, in Volume
        6.1.2 Demand in Architecture
                Figure Silicon Carbide Foam Demand in Architecture, 2016-2020, in USD Million
                Figure Silicon Carbide Foam Demand in Architecture, 2016-2020, in Volume
    6.2 Regional Demand Comparison
                Table Regional Demand Comparison List
                Table Major Application in Different Regions
    6.3 Demand Forecast
                Table Silicon Carbide Foam Demand Forecast 2021-2026, by Application, in USD Million
                Figure Silicon Carbide Foam Market Growth 2021-2026, by Application, in USD Million
                Figure Silicon Carbide Foam Market Share in 2026, by Application, in USD Million
                Table Silicon Carbide Foam Demand Forecast 2021-2026, by Application, in Volume
                Table Silicon Carbide Foam Market Growth 2021-2026, by Application, in Volume
                Table Silicon Carbide Foam Market Share in 2026, by Application, in Volume
    6.4 Impact of the COVID-19 on the Demand
7 Region Operation
    7.1 Regional Production
                Table Silicon Carbide Foam Production 2016-2020, by Region, in USD Million
                Table Silicon Carbide Foam Production 2016-2020, by Region, in Volume
    7.2 Regional Market
                Table Global Silicon Carbide Foam Market 2016-2020, by Region, in USD Million
                Table Global Silicon Carbide Foam Market Share 2016-2020, by Region, in USD Million
                Table Global Silicon Carbide Foam Market 2016-2020, by Region, in Volume
                Table Global Silicon Carbide Foam Market Share 2016-2020, by Region, in Volume
    7.3 by Region
        7.3.1 North America
            7.3.1.1 Overview
                Figure North America Silicon Carbide Foam Market Size and Growth 2016-2020, in USD Million
                Figure North America Silicon Carbide Foam Market Size and Growth 2016-2020, in Volume
            7.3.1.2 by Country (U.S., Canada, Mexico)
                Table North America Silicon Carbide Foam Market Size 2016-2020, by Country, in USD Million
                Table North America Silicon Carbide Foam Market Size 2016-2020, by Country, in Volume
        7.3.2 Europe
            7.3.2.1 Overview
                Figure Europe Silicon Carbide Foam Market Size and Growth 2016-2020, in USD Million
                Figure Europe Silicon Carbide Foam Market Size and Growth 2016-2020, in Volume
            7.3.2.2 by Country (Germany, U.K., France, Italy, Russia, Spain etc.)
                Table Europe Silicon Carbide Foam Market Size 2016-2020, by Country, in USD Million
                Table Europe Silicon Carbide Foam Market Size 2016-2020, by Country, in Volume
        7.3.3 Asia-Pacific
            7.3.3.1 Overview
                Figure Asia-Pacific Silicon Carbide Foam Market Size and Growth 2016-2020, in USD Million
                Figure Asia-Pacific Silicon Carbide Foam Market Size and Growth 2016-2020, in Volume
            7.3.3.2 by Country (China, India, Japan, Southeast Asia etc.)
                Table Asia-Pacific Silicon Carbide Foam Market Size 2016-2020, by Country, in USD Million
                Table Asia-Pacific Silicon Carbide Foam Market Size 2016-2020, by Country, in Volume
        7.3.4 South America
            7.3.4.1 Overview
                Figure South America Silicon Carbide Foam Market Size and Growth 2016-2020, in USD Million
                Figure South America Silicon Carbide Foam Market Size and Growth 2016-2020, in Volume
            7.3.4.2 by Country (Brazil, Argentina etc.)
                Table South America Silicon Carbide Foam Market Size 2016-2020, by Country, in USD Million
                Table South America Silicon Carbide Foam Market Size 2016-2020, by Country, in Volume
        7.3.5 Middle East & Africa
            7.3.5.1 Overview
                Figure Middle East & Africa Silicon Carbide Foam Market Size and Growth 2016-2020, in USD Million
                Figure Middle East & Africa Silicon Carbide Foam Market Size and Growth 2016-2020, in Volume
            7.3.5.2 by Country (Saudi Arabia, South Africa etc.)
                Table Middle East & Africa Silicon Carbide Foam Market Size 2016-2020, by Country, in USD Million
                Table Middle East & Africa Silicon Carbide Foam Market Size 2016-2020, by Country, in Volume
    7.4 Regional Import & Export
    7.5 Regional Forecast
                Table Silicon Carbide Foam Market Forecast 2021-2026, by Region, in USD Million
                Table Silicon Carbide Foam Market Forecast 2021-2026, by Region, in Volume
8 Marketing & Price
    8.1 Price and Margin
        8.1.1 Price Trends
        8.1.2 Factors of Price Change
                Table Price Factors List
        8.1.3 Manufacturers Gross Margin Analysis
    8.2 Marketing Channel
                Figure Marketing Channels Overview
9 Research Conclusion","List of Table
1.                Table Upstream Segment of Silicon Carbide Foam
2.                Table Application Segment of Silicon Carbide Foam
3.                Table Global Silicon Carbide Foam Market 2016-2026, by Application, in USD Million
4.                Table Major Company List of 85%(Open-cell Rate)
5.                Table Global Silicon Carbide Foam Market 2016-2020, by Type, in USD Million
6.                Table Global Silicon Carbide Foam Market 2016-2020, by Type, in Volume
7.                Table Global Silicon Carbide Foam Market Forecast 2021-2026, by Type, in USD Million
8.                Table Global Silicon Carbide Foam Market Forecast 2021-2026, by Type, in Volume
9.                Table Boyd Corporation Overview List
10.                Table Business Operation of Boyd Corporation (Sales Revenue, Sales Volume, Price, Cost, Gross Margin)
11.                Table ERG Materials and Aerospace Overview List
12.                Table Business Operation of ERG Materials and Aerospace (Sales Revenue, Sales Volume, Price, Cost, Gross Margin)
13.                Table Evonik Industries AG Overview List
14.                Table Business Operation of Evonik Industries AG (Sales Revenue, Sales Volume, Price, Cost, Gross Margin)
15.                Table General Plastics Manufacturing Overview List
16.                Table Business Operation of General Plastics Manufacturing (Sales Revenue, Sales Volume, Price, Cost, Gross Margin)
17.                Table Rogers Corporation Overview List
18.                Table Business Operation of Rogers Corporation (Sales Revenue, Sales Volume, Price, Cost, Gross Margin)
19.                Table Global Silicon Carbide Foam Sales Revenue 2016-2020, by Company, in USD Million
20.                Table Global Silicon Carbide Foam Sales Revenue Share 2016-2020, by Company, in USD Million
21.                Table Global Silicon Carbide Foam Sales Volume 2016-2020, by Company, in Volume
22.                Table Global Silicon Carbide Foam Sales Volume Share 2016-2020, by Company, in Volume
23.                Table Regional Demand Comparison List
24.                Table Major Application in Different Regions
25.                Table Silicon Carbide Foam Demand Forecast 2021-2026, by Application, in USD Million
26.                Table Silicon Carbide Foam Demand Forecast 2021-2026, by Application, in Volume
27.                Table Silicon Carbide Foam Market Growth 2021-2026, by Application, in Volume
28.                Table Silicon Carbide Foam Market Share in 2026, by Application, in Volume
29.                Table Silicon Carbide Foam Production 2016-2020, by Region, in USD Million
30.                Table Silicon Carbide Foam Production 2016-2020, by Region, in Volume
31.                Table Global Silicon Carbide Foam Market 2016-2020, by Region, in USD Million
32.                Table Global Silicon Carbide Foam Market Share 2016-2020, by Region, in USD Million
33.                Table Global Silicon Carbide Foam Market 2016-2020, by Region, in Volume
34.                Table Global Silicon Carbide Foam Market Share 2016-2020, by Region, in Volume
35.                Table North America Silicon Carbide Foam Market Size 2016-2020, by Country, in USD Million
36.                Table North America Silicon Carbide Foam Market Size 2016-2020, by Country, in Volume
37.                Table Europe Silicon Carbide Foam Market Size 2016-2020, by Country, in USD Million
38.                Table Europe Silicon Carbide Foam Market Size 2016-2020, by Country, in Volume
39.                Table Asia-Pacific Silicon Carbide Foam Market Size 2016-2020, by Country, in USD Million
40.                Table Asia-Pacific Silicon Carbide Foam Market Size 2016-2020, by Country, in Volume
41.                Table South America Silicon Carbide Foam Market Size 2016-2020, by Country, in USD Million
42.                Table South America Silicon Carbide Foam Market Size 2016-2020, by Country, in Volume
43.                Table Middle East & Africa Silicon Carbide Foam Market Size 2016-2020, by Country, in USD Million
44.                Table Middle East & Africa Silicon Carbide Foam Market Size 2016-2020, by Country, in Volume
45.                Table Silicon Carbide Foam Market Forecast 2021-2026, by Region, in USD Million
46.                Table Silicon Carbide Foam Market Forecast 2021-2026, by Region, in Volume
47.                Table Price Factors List","List of Figure
1.                Figure Silicon Carbide Foam Industry Chain Structure
2.                Figure Global Silicon Carbide Foam Market Growth 2016-2020, by Type, in USD Million
3.                Figure Global Silicon Carbide Foam Market Growth 2016-2020, by Type, in Volume
4.                Figure Global Silicon Carbide Foam Sales Revenue Share in 2020, by Company, in USD Million
5.                Figure Global Silicon Carbide Foam Sales Volume Share in 2020, by Company, in Volume
6.                Figure North America Silicon Carbide Foam Market Concentration, in 2020
7.                Figure Europe Silicon Carbide Foam Market Market Concentration, in 2020
8.                Figure Asia-Pacific Silicon Carbide Foam MMarket Concentration, in 2020
9.                Figure South America Silicon Carbide Foam Market Concentration, in 2020
10.                Figure Middle East & Africa Silicon Carbide Foam Market Concentration, in 2020
11.                Figure Silicon Carbide Foam Demand in Aerospace, 2016-2020, in USD Million
12.                Figure Silicon Carbide Foam Demand in Aerospace, 2016-2020, in Volume
13.                Figure Silicon Carbide Foam Demand in Architecture, 2016-2020, in USD Million
14.                Figure Silicon Carbide Foam Demand in Architecture, 2016-2020, in Volume
15.                Figure Silicon Carbide Foam Market Growth 2021-2026, by Application, in USD Million
16.                Figure Silicon Carbide Foam Market Share in 2026, by Application, in USD Million
17.                Figure North America Silicon Carbide Foam Market Size and Growth 2016-2020, in USD Million
18.                Figure North America Silicon Carbide Foam Market Size and Growth 2016-2020, in Volume
19.                Figure Europe Silicon Carbide Foam Market Size and Growth 2016-2020, in USD Million
20.                Figure Europe Silicon Carbide Foam Market Size and Growth 2016-2020, in Volume
21.                Figure Asia-Pacific Silicon Carbide Foam Market Size and Growth 2016-2020, in USD Million
22.                Figure Asia-Pacific Silicon Carbide Foam Market Size and Growth 2016-2020, in Volume
23.                Figure South America Silicon Carbide Foam Market Size and Growth 2016-2020, in USD Million
24.                Figure South America Silicon Carbide Foam Market Size and Growth 2016-2020, in Volume
25.                Figure Middle East & Africa Silicon Carbide Foam Market Size and Growth 2016-2020, in USD Million
26.                Figure Middle East & Africa Silicon Carbide Foam Market Size and Growth 2016-2020, in Volume
27.                Figure Marketing Channels Overview","$2,980 ","$5,960 ","$5,960 ",99SGL298Che20210200024796
7-Apr-21,"Chemical & Material","Global 2-Amino-2-Methylpropane Nitrile Market Analysis 2016-2020 and Forecast 2021-2026","Snapshot
The global 2-Amino-2-Methylpropane Nitrile market size is estimated at xxx million USD with a CAGR xx% from 2016-2020 and is expected to reach xxx Million USD in 2021 with a CAGR xx% from 2021 to 2026. The report begins from overview of Industry Chain structure, and describes industry environment, then analyses market size and forecast of 2-Amino-2-Methylpropane Nitrile by product, region and application, in addition, this report introduces market competition situation among the vendors and company profile, besides, market price analysis and value chain features are covered in this report.
Product Type Coverage (Market Size & Forecast, Major Company of Product Type etc.):
        Purity 90%
        Purity 98%
        Purity 99%
        Others
Company Coverage (Company Profile, Sales Revenue, Price, Gross Margin, Main Products etc.):
        Toronto Research Chemicals
        3B Scientific Corporation
        Waterstone Technology
        Taizhou Yongfeng Chemical Industry
        Creasyn Finechem
        J & K Scientific
        Nanjing Chemlin Chemical
        XiaoGan ShenYuan ChemPharm
Application Coverage (Market Size & Forecast, Different Demand Market by Region, Main Consumer Profile etc.):
        Chemical Reagents
        Pharmaceutical Intermediates
        Others
Region Coverage (Regional Production, Demand & Forecast by Countries etc.):
        North America (U.S., Canada, Mexico)
        Europe (Germany, U.K., France, Italy, Russia, Spain etc.)
        Asia-Pacific (China, India, Japan, Southeast Asia etc.)
        South America (Brazil, Argentina etc.)
        Middle East & Africa (Saudi Arabia, South Africa etc.)",97,"Table of Contents
1 Industry Overview
    1.1 2-Amino-2-Methylpropane Nitrile Industry
                Figure 2-Amino-2-Methylpropane Nitrile Industry Chain Structure
        1.1.1 Overview
        1.1.2 Development of 2-Amino-2-Methylpropane Nitrile
    1.2 Market Segment
        1.2.1 Upstream
                Table Upstream Segment of 2-Amino-2-Methylpropane Nitrile
        1.2.2 Downstream
                Table Application Segment of 2-Amino-2-Methylpropane Nitrile
                Table Global 2-Amino-2-Methylpropane Nitrile Market 2016-2026, by Application, in USD Million
        1.2.3 COVID-19 Impact
    1.3 Cost Analysis
2 Industry Environment (PEST Analysis)
    2.1 Policy
    2.2 Economics
    2.3 Sociology
    2.4 Technology
3 2-Amino-2-Methylpropane Nitrile Market by Type
    3.1 By Type
        3.1.1 Purity 90%
                Table Major Company List of Purity 90%
        3.1.2 Purity 98%
                Table Major Company List of Purity 98%
        3.1.3 Purity 99%
                Table Major Company List of Purity 99%
        3.1.4 Others
                Table Major Company List of Others
    3.2 Market Size
                Table Global 2-Amino-2-Methylpropane Nitrile Market 2016-2020, by Type, in USD Million
                Figure Global 2-Amino-2-Methylpropane Nitrile Market Growth 2016-2020, by Type, in USD Million
                Table Global 2-Amino-2-Methylpropane Nitrile Market 2016-2020, by Type, in Volume
                Figure Global 2-Amino-2-Methylpropane Nitrile Market Growth 2016-2020, by Type, in Volume
    3.3 Market Forecast
                Table Global 2-Amino-2-Methylpropane Nitrile Market Forecast 2021-2026, by Type, in USD Million
                Table Global 2-Amino-2-Methylpropane Nitrile Market Forecast 2021-2026, by Type, in Volume
4 Major Companies List
    4.1 Toronto Research Chemicals (Company Profile, Sales Data etc.)
        4.1.1 Toronto Research Chemicals Profile
                Table Toronto Research Chemicals Overview List
        4.1.2 Toronto Research Chemicals Products & Services
        4.1.3 Toronto Research Chemicals Business Operation Conditions
                Table Business Operation of Toronto Research Chemicals (Sales Revenue, Sales Volume, Price, Cost, Gross Margin)
    4.2 3B Scientific Corporation (Company Profile, Sales Data etc.)
        4.2.1 3B Scientific Corporation Profile
                Table 3B Scientific Corporation Overview List
        4.2.2 3B Scientific Corporation Products & Services
        4.2.3 3B Scientific Corporation Business Operation Conditions
                Table Business Operation of 3B Scientific Corporation (Sales Revenue, Sales Volume, Price, Cost, Gross Margin)
    4.3 Waterstone Technology (Company Profile, Sales Data etc.)
        4.3.1 Waterstone Technology Profile
                Table Waterstone Technology Overview List
        4.3.2 Waterstone Technology Products & Services
        4.3.3 Waterstone Technology Business Operation Conditions
                Table Business Operation of Waterstone Technology (Sales Revenue, Sales Volume, Price, Cost, Gross Margin)
    4.4 Taizhou Yongfeng Chemical Industry (Company Profile, Sales Data etc.)
        4.4.1 Taizhou Yongfeng Chemical Industry Profile
                Table Taizhou Yongfeng Chemical Industry Overview List
        4.4.2 Taizhou Yongfeng Chemical Industry Products & Services
        4.4.3 Taizhou Yongfeng Chemical Industry Business Operation Conditions
                Table Business Operation of Taizhou Yongfeng Chemical Industry (Sales Revenue, Sales Volume, Price, Cost, Gross Margin)
    4.5 Creasyn Finechem (Company Profile, Sales Data etc.)
        4.5.1 Creasyn Finechem Profile
                Table Creasyn Finechem Overview List
        4.5.2 Creasyn Finechem Products & Services
        4.5.3 Creasyn Finechem Business Operation Conditions
                Table Business Operation of Creasyn Finechem (Sales Revenue, Sales Volume, Price, Cost, Gross Margin)
    4.6 J & K Scientific (Company Profile, Sales Data etc.)
        4.6.1 J & K Scientific Profile
                Table J & K Scientific Overview List
        4.6.2 J & K Scientific Products & Services
        4.6.3 J & K Scientific Business Operation Conditions
                Table Business Operation of J & K Scientific (Sales Revenue, Sales Volume, Price, Cost, Gross Margin)
    4.7 Nanjing Chemlin Chemical (Company Profile, Sales Data etc.)
        4.7.1 Nanjing Chemlin Chemical Profile
                Table Nanjing Chemlin Chemical Overview List
        4.7.2 Nanjing Chemlin Chemical Products & Services
        4.7.3 Nanjing Chemlin Chemical Business Operation Conditions
                Table Business Operation of Nanjing Chemlin Chemical (Sales Revenue, Sales Volume, Price, Cost, Gross Margin)
    4.8 XiaoGan ShenYuan ChemPharm (Company Profile, Sales Data etc.)
        4.8.1 XiaoGan ShenYuan ChemPharm Profile
                Table XiaoGan ShenYuan ChemPharm Overview List
        4.8.2 XiaoGan ShenYuan ChemPharm Products & Services
        4.8.3 XiaoGan ShenYuan ChemPharm Business Operation Conditions
                Table Business Operation of XiaoGan ShenYuan ChemPharm (Sales Revenue, Sales Volume, Price, Cost, Gross Margin)
5 Market Competition
    5.1 Company Competition
                Table Global 2-Amino-2-Methylpropane Nitrile Sales Revenue 2016-2020, by Company, in USD Million
                Table Global 2-Amino-2-Methylpropane Nitrile Sales Revenue Share 2016-2020, by Company, in USD Million
                Figure Global 2-Amino-2-Methylpropane Nitrile Sales Revenue Share in 2020, by Company, in USD Million
                Table Global 2-Amino-2-Methylpropane Nitrile Sales Volume 2016-2020, by Company, in Volume
                Table Global 2-Amino-2-Methylpropane Nitrile Sales Volume Share 2016-2020, by Company, in Volume
                Figure Global 2-Amino-2-Methylpropane Nitrile Sales Volume Share in 2020, by Company, in Volume
    5.2 Regional Market by Company
                Figure North America 2-Amino-2-Methylpropane Nitrile Market Concentration, in 2020
                Figure Europe 2-Amino-2-Methylpropane Nitrile Market Market Concentration, in 2020
                Figure Asia-Pacific 2-Amino-2-Methylpropane Nitrile MMarket Concentration, in 2020
                Figure South America 2-Amino-2-Methylpropane Nitrile Market Concentration, in 2020
                Figure Middle East & Africa 2-Amino-2-Methylpropane Nitrile Market Concentration, in 2020
6 Demand by End Market
    6.1 Demand Situation
        6.1.1 Demand in Chemical Reagents
                Figure 2-Amino-2-Methylpropane Nitrile Demand in Chemical Reagents, 2016-2020, in USD Million
                Figure 2-Amino-2-Methylpropane Nitrile Demand in Chemical Reagents, 2016-2020, in Volume
        6.1.2 Demand in Pharmaceutical Intermediates
                Figure 2-Amino-2-Methylpropane Nitrile Demand in Pharmaceutical Intermediates, 2016-2020, in USD Million
                Figure 2-Amino-2-Methylpropane Nitrile Demand in Pharmaceutical Intermediates, 2016-2020, in Volume
        6.1.3 Demand in Others
                Figure 2-Amino-2-Methylpropane Nitrile Demand in Others, 2016-2020, in USD Million
                Figure 2-Amino-2-Methylpropane Nitrile Demand in Others, 2016-2020, in Volume
    6.2 Regional Demand Comparison
                Table Regional Demand Comparison List
                Table Major Application in Different Regions
    6.3 Demand Forecast
                Table 2-Amino-2-Methylpropane Nitrile Demand Forecast 2021-2026, by Application, in USD Million
                Figure 2-Amino-2-Methylpropane Nitrile Market Growth 2021-2026, by Application, in USD Million
                Figure 2-Amino-2-Methylpropane Nitrile Market Share in 2026, by Application, in USD Million
                Table 2-Amino-2-Methylpropane Nitrile Demand Forecast 2021-2026, by Application, in Volume
                Table 2-Amino-2-Methylpropane Nitrile Market Growth 2021-2026, by Application, in Volume
                Table 2-Amino-2-Methylpropane Nitrile Market Share in 2026, by Application, in Volume
    6.4 Impact of the COVID-19 on the Demand
7 Region Operation
    7.1 Regional Production
                Table 2-Amino-2-Methylpropane Nitrile Production 2016-2020, by Region, in USD Million
                Table 2-Amino-2-Methylpropane Nitrile Production 2016-2020, by Region, in Volume
    7.2 Regional Market
                Table Global 2-Amino-2-Methylpropane Nitrile Market 2016-2020, by Region, in USD Million
                Table Global 2-Amino-2-Methylpropane Nitrile Market Share 2016-2020, by Region, in USD Million
                Table Global 2-Amino-2-Methylpropane Nitrile Market 2016-2020, by Region, in Volume
                Table Global 2-Amino-2-Methylpropane Nitrile Market Share 2016-2020, by Region, in Volume
    7.3 by Region
        7.3.1 North America
            7.3.1.1 Overview
                Figure North America 2-Amino-2-Methylpropane Nitrile Market Size and Growth 2016-2020, in USD Million
                Figure North America 2-Amino-2-Methylpropane Nitrile Market Size and Growth 2016-2020, in Volume
            7.3.1.2 by Country (U.S., Canada, Mexico)
                Table North America 2-Amino-2-Methylpropane Nitrile Market Size 2016-2020, by Country, in USD Million
                Table North America 2-Amino-2-Methylpropane Nitrile Market Size 2016-2020, by Country, in Volume
        7.3.2 Europe
            7.3.2.1 Overview
                Figure Europe 2-Amino-2-Methylpropane Nitrile Market Size and Growth 2016-2020, in USD Million
                Figure Europe 2-Amino-2-Methylpropane Nitrile Market Size and Growth 2016-2020, in Volume
            7.3.2.2 by Country (Germany, U.K., France, Italy, Russia, Spain etc.)
                Table Europe 2-Amino-2-Methylpropane Nitrile Market Size 2016-2020, by Country, in USD Million
                Table Europe 2-Amino-2-Methylpropane Nitrile Market Size 2016-2020, by Country, in Volume
        7.3.3 Asia-Pacific
            7.3.3.1 Overview
                Figure Asia-Pacific 2-Amino-2-Methylpropane Nitrile Market Size and Growth 2016-2020, in USD Million
                Figure Asia-Pacific 2-Amino-2-Methylpropane Nitrile Market Size and Growth 2016-2020, in Volume
            7.3.3.2 by Country (China, India, Japan, Southeast Asia etc.)
                Table Asia-Pacific 2-Amino-2-Methylpropane Nitrile Market Size 2016-2020, by Country, in USD Million
                Table Asia-Pacific 2-Amino-2-Methylpropane Nitrile Market Size 2016-2020, by Country, in Volume
        7.3.4 South America
            7.3.4.1 Overview
                Figure South America 2-Amino-2-Methylpropane Nitrile Market Size and Growth 2016-2020, in USD Million
                Figure South America 2-Amino-2-Methylpropane Nitrile Market Size and Growth 2016-2020, in Volume
            7.3.4.2 by Country (Brazil, Argentina etc.)
                Table South America 2-Amino-2-Methylpropane Nitrile Market Size 2016-2020, by Country, in USD Million
                Table South America 2-Amino-2-Methylpropane Nitrile Market Size 2016-2020, by Country, in Volume
        7.3.5 Middle East & Africa
            7.3.5.1 Overview
                Figure Middle East & Africa 2-Amino-2-Methylpropane Nitrile Market Size and Growth 2016-2020, in USD Million
                Figure Middle East & Africa 2-Amino-2-Methylpropane Nitrile Market Size and Growth 2016-2020, in Volume
            7.3.5.2 by Country (Saudi Arabia, South Africa etc.)
                Table Middle East & Africa 2-Amino-2-Methylpropane Nitrile Market Size 2016-2020, by Country, in USD Million
                Table Middle East & Africa 2-Amino-2-Methylpropane Nitrile Market Size 2016-2020, by Country, in Volume
    7.4 Regional Import & Export
    7.5 Regional Forecast
                Table 2-Amino-2-Methylpropane Nitrile Market Forecast 2021-2026, by Region, in USD Million
                Table 2-Amino-2-Methylpropane Nitrile Market Forecast 2021-2026, by Region, in Volume
8 Marketing & Price
    8.1 Price and Margin
        8.1.1 Price Trends
        8.1.2 Factors of Price Change
                Table Price Factors List
        8.1.3 Manufacturers Gross Margin Analysis
    8.2 Marketing Channel
                Figure Marketing Channels Overview
9 Research Conclusion","List of Table
1.                Table Upstream Segment of 2-Amino-2-Methylpropane Nitrile
2.                Table Application Segment of 2-Amino-2-Methylpropane Nitrile
3.                Table Global 2-Amino-2-Methylpropane Nitrile Market 2016-2026, by Application, in USD Million
4.                Table Major Company List of Purity 98%
5.                Table Major Company List of Purity 99%
6.                Table Major Company List of Others
7.                Table Global 2-Amino-2-Methylpropane Nitrile Market 2016-2020, by Type, in USD Million
8.                Table Global 2-Amino-2-Methylpropane Nitrile Market 2016-2020, by Type, in Volume
9.                Table Global 2-Amino-2-Methylpropane Nitrile Market Forecast 2021-2026, by Type, in USD Million
10.                Table Global 2-Amino-2-Methylpropane Nitrile Market Forecast 2021-2026, by Type, in Volume
11.                Table Toronto Research Chemicals Overview List
12.                Table Business Operation of Toronto Research Chemicals (Sales Revenue, Sales Volume, Price, Cost, Gross Margin)
13.                Table 3B Scientific Corporation Overview List
14.                Table Business Operation of 3B Scientific Corporation (Sales Revenue, Sales Volume, Price, Cost, Gross Margin)
15.                Table Waterstone Technology Overview List
16.                Table Business Operation of Waterstone Technology (Sales Revenue, Sales Volume, Price, Cost, Gross Margin)
17.                Table Taizhou Yongfeng Chemical Industry Overview List
18.                Table Business Operation of Taizhou Yongfeng Chemical Industry (Sales Revenue, Sales Volume, Price, Cost, Gross Margin)
19.                Table Creasyn Finechem Overview List
20.                Table Business Operation of Creasyn Finechem (Sales Revenue, Sales Volume, Price, Cost, Gross Margin)
21.                Table J & K Scientific Overview List
22.                Table Business Operation of J & K Scientific (Sales Revenue, Sales Volume, Price, Cost, Gross Margin)
23.                Table Nanjing Chemlin Chemical Overview List
24.                Table Business Operation of Nanjing Chemlin Chemical (Sales Revenue, Sales Volume, Price, Cost, Gross Margin)
25.                Table XiaoGan ShenYuan ChemPharm Overview List
26.                Table Business Operation of XiaoGan ShenYuan ChemPharm (Sales Revenue, Sales Volume, Price, Cost, Gross Margin)
27.                Table Global 2-Amino-2-Methylpropane Nitrile Sales Revenue 2016-2020, by Company, in USD Million
28.                Table Global 2-Amino-2-Methylpropane Nitrile Sales Revenue Share 2016-2020, by Company, in USD Million
29.                Table Global 2-Amino-2-Methylpropane Nitrile Sales Volume 2016-2020, by Company, in Volume
30.                Table Global 2-Amino-2-Methylpropane Nitrile Sales Volume Share 2016-2020, by Company, in Volume
31.                Table Regional Demand Comparison List
32.                Table Major Application in Different Regions
33.                Table 2-Amino-2-Methylpropane Nitrile Demand Forecast 2021-2026, by Application, in USD Million
34.                Table 2-Amino-2-Methylpropane Nitrile Demand Forecast 2021-2026, by Application, in Volume
35.                Table 2-Amino-2-Methylpropane Nitrile Market Growth 2021-2026, by Application, in Volume
36.                Table 2-Amino-2-Methylpropane Nitrile Market Share in 2026, by Application, in Volume
37.                Table 2-Amino-2-Methylpropane Nitrile Production 2016-2020, by Region, in USD Million
38.                Table 2-Amino-2-Methylpropane Nitrile Production 2016-2020, by Region, in Volume
39.                Table Global 2-Amino-2-Methylpropane Nitrile Market 2016-2020, by Region, in USD Million
40.                Table Global 2-Amino-2-Methylpropane Nitrile Market Share 2016-2020, by Region, in USD Million
41.                Table Global 2-Amino-2-Methylpropane Nitrile Market 2016-2020, by Region, in Volume
42.                Table Global 2-Amino-2-Methylpropane Nitrile Market Share 2016-2020, by Region, in Volume
43.                Table North America 2-Amino-2-Methylpropane Nitrile Market Size 2016-2020, by Country, in USD Million
44.                Table North America 2-Amino-2-Methylpropane Nitrile Market Size 2016-2020, by Country, in Volume
45.                Table Europe 2-Amino-2-Methylpropane Nitrile Market Size 2016-2020, by Country, in USD Million
46.                Table Europe 2-Amino-2-Methylpropane Nitrile Market Size 2016-2020, by Country, in Volume
47.                Table Asia-Pacific 2-Amino-2-Methylpropane Nitrile Market Size 2016-2020, by Country, in USD Million
48.                Table Asia-Pacific 2-Amino-2-Methylpropane Nitrile Market Size 2016-2020, by Country, in Volume
49.                Table South America 2-Amino-2-Methylpropane Nitrile Market Size 2016-2020, by Country, in USD Million
50.                Table South America 2-Amino-2-Methylpropane Nitrile Market Size 2016-2020, by Country, in Volume
51.                Table Middle East & Africa 2-Amino-2-Methylpropane Nitrile Market Size 2016-2020, by Country, in USD Million
52.                Table Middle East & Africa 2-Amino-2-Methylpropane Nitrile Market Size 2016-2020, by Country, in Volume
53.                Table 2-Amino-2-Methylpropane Nitrile Market Forecast 2021-2026, by Region, in USD Million
54.                Table 2-Amino-2-Methylpropane Nitrile Market Forecast 2021-2026, by Region, in Volume
55.                Table Price Factors List","List of Figure
1.                Figure 2-Amino-2-Methylpropane Nitrile Industry Chain Structure
2.                Figure Global 2-Amino-2-Methylpropane Nitrile Market Growth 2016-2020, by Type, in USD Million
3.                Figure Global 2-Amino-2-Methylpropane Nitrile Market Growth 2016-2020, by Type, in Volume
4.                Figure Global 2-Amino-2-Methylpropane Nitrile Sales Revenue Share in 2020, by Company, in USD Million
5.                Figure Global 2-Amino-2-Methylpropane Nitrile Sales Volume Share in 2020, by Company, in Volume
6.                Figure North America 2-Amino-2-Methylpropane Nitrile Market Concentration, in 2020
7.                Figure Europe 2-Amino-2-Methylpropane Nitrile Market Market Concentration, in 2020
8.                Figure Asia-Pacific 2-Amino-2-Methylpropane Nitrile MMarket Concentration, in 2020
9.                Figure South America 2-Amino-2-Methylpropane Nitrile Market Concentration, in 2020
10.                Figure Middle East & Africa 2-Amino-2-Methylpropane Nitrile Market Concentration, in 2020
11.                Figure 2-Amino-2-Methylpropane Nitrile Demand in Chemical Reagents, 2016-2020, in USD Million
12.                Figure 2-Amino-2-Methylpropane Nitrile Demand in Chemical Reagents, 2016-2020, in Volume
13.                Figure 2-Amino-2-Methylpropane Nitrile Demand in Pharmaceutical Intermediates, 2016-2020, in USD Million
14.                Figure 2-Amino-2-Methylpropane Nitrile Demand in Pharmaceutical Intermediates, 2016-2020, in Volume
15.                Figure 2-Amino-2-Methylpropane Nitrile Demand in Others, 2016-2020, in USD Million
16.                Figure 2-Amino-2-Methylpropane Nitrile Demand in Others, 2016-2020, in Volume
17.                Figure 2-Amino-2-Methylpropane Nitrile Market Growth 2021-2026, by Application, in USD Million
18.                Figure 2-Amino-2-Methylpropane Nitrile Market Share in 2026, by Application, in USD Million
19.                Figure North America 2-Amino-2-Methylpropane Nitrile Market Size and Growth 2016-2020, in USD Million
20.                Figure North America 2-Amino-2-Methylpropane Nitrile Market Size and Growth 2016-2020, in Volume
21.                Figure Europe 2-Amino-2-Methylpropane Nitrile Market Size and Growth 2016-2020, in USD Million
22.                Figure Europe 2-Amino-2-Methylpropane Nitrile Market Size and Growth 2016-2020, in Volume
23.                Figure Asia-Pacific 2-Amino-2-Methylpropane Nitrile Market Size and Growth 2016-2020, in USD Million
24.                Figure Asia-Pacific 2-Amino-2-Methylpropane Nitrile Market Size and Growth 2016-2020, in Volume
25.                Figure South America 2-Amino-2-Methylpropane Nitrile Market Size and Growth 2016-2020, in USD Million
26.                Figure South America 2-Amino-2-Methylpropane Nitrile Market Size and Growth 2016-2020, in Volume
27.                Figure Middle East & Africa 2-Amino-2-Methylpropane Nitrile Market Size and Growth 2016-2020, in USD Million
28.                Figure Middle East & Africa 2-Amino-2-Methylpropane Nitrile Market Size and Growth 2016-2020, in Volume
29.                Figure Marketing Channels Overview","$2,980 ","$5,960 ","$5,960 ",99SGL298Che20210200024797
7-Apr-21,"Chemical & Material","Global Shape Memory Polymer Market Analysis 2016-2020 and Forecast 2021-2026","Snapshot
The global Shape Memory Polymer market size is estimated at xxx million USD with a CAGR xx% from 2016-2020 and is expected to reach xxx Million USD in 2021 with a CAGR xx% from 2021 to 2026. The report begins from overview of Industry Chain structure, and describes industry environment, then analyses market size and forecast of Shape Memory Polymer by product, region and application, in addition, this report introduces market competition situation among the vendors and company profile, besides, market price analysis and value chain features are covered in this report.
Product Type Coverage (Market Size & Forecast, Major Company of Product Type etc.):
        Heat Induced Type
        Electro Induced Type
Company Coverage (Company Profile, Sales Revenue, Price, Gross Margin, Main Products etc.):
        BASF
        Covestro
        EndoShape
        Evonik
        MedShape
        Mitsubishi and SMP Technologies
        Spintech
        Syzygy Memory Plastics
Application Coverage (Market Size & Forecast, Different Demand Market by Region, Main Consumer Profile etc.):
        Automotive
        Aerospace
        Construction
Region Coverage (Regional Production, Demand & Forecast by Countries etc.):
        North America (U.S., Canada, Mexico)
        Europe (Germany, U.K., France, Italy, Russia, Spain etc.)
        Asia-Pacific (China, India, Japan, Southeast Asia etc.)
        South America (Brazil, Argentina etc.)
        Middle East & Africa (Saudi Arabia, South Africa etc.)",80,"Table of Contents
1 Industry Overview
    1.1 Shape Memory Polymer Industry
                Figure Shape Memory Polymer Industry Chain Structure
        1.1.1 Overview
        1.1.2 Development of Shape Memory Polymer
    1.2 Market Segment
        1.2.1 Upstream
                Table Upstream Segment of Shape Memory Polymer
        1.2.2 Downstream
                Table Application Segment of Shape Memory Polymer
                Table Global Shape Memory Polymer Market 2016-2026, by Application, in USD Million
        1.2.3 COVID-19 Impact
    1.3 Cost Analysis
2 Industry Environment (PEST Analysis)
    2.1 Policy
    2.2 Economics
    2.3 Sociology
    2.4 Technology
3 Shape Memory Polymer Market by Type
    3.1 By Type
        3.1.1 Heat Induced Type
                Table Major Company List of Heat Induced Type
        3.1.2 Electro Induced Type
                Table Major Company List of Electro Induced Type
    3.2 Market Size
                Table Global Shape Memory Polymer Market 2016-2020, by Type, in USD Million
                Figure Global Shape Memory Polymer Market Growth 2016-2020, by Type, in USD Million
                Table Global Shape Memory Polymer Market 2016-2020, by Type, in Volume
                Figure Global Shape Memory Polymer Market Growth 2016-2020, by Type, in Volume
    3.3 Market Forecast
                Table Global Shape Memory Polymer Market Forecast 2021-2026, by Type, in USD Million
                Table Global Shape Memory Polymer Market Forecast 2021-2026, by Type, in Volume
4 Major Companies List
    4.1 BASF (Company Profile, Sales Data etc.)
        4.1.1 BASF Profile
                Table BASF Overview List
        4.1.2 BASF Products & Services
        4.1.3 BASF Business Operation Conditions
                Table Business Operation of BASF (Sales Revenue, Sales Volume, Price, Cost, Gross Margin)
    4.2 Covestro (Company Profile, Sales Data etc.)
        4.2.1 Covestro Profile
                Table Covestro Overview List
        4.2.2 Covestro Products & Services
        4.2.3 Covestro Business Operation Conditions
                Table Business Operation of Covestro (Sales Revenue, Sales Volume, Price, Cost, Gross Margin)
    4.3 EndoShape (Company Profile, Sales Data etc.)
        4.3.1 EndoShape Profile
                Table EndoShape Overview List
        4.3.2 EndoShape Products & Services
        4.3.3 EndoShape Business Operation Conditions
                Table Business Operation of EndoShape (Sales Revenue, Sales Volume, Price, Cost, Gross Margin)
    4.4 Evonik (Company Profile, Sales Data etc.)
        4.4.1 Evonik Profile
                Table Evonik Overview List
        4.4.2 Evonik Products & Services
        4.4.3 Evonik Business Operation Conditions
                Table Business Operation of Evonik (Sales Revenue, Sales Volume, Price, Cost, Gross Margin)
    4.5 MedShape (Company Profile, Sales Data etc.)
        4.5.1 MedShape Profile
                Table MedShape Overview List
        4.5.2 MedShape Products & Services
        4.5.3 MedShape Business Operation Conditions
                Table Business Operation of MedShape (Sales Revenue, Sales Volume, Price, Cost, Gross Margin)
    4.6 Mitsubishi and SMP Technologies (Company Profile, Sales Data etc.)
        4.6.1 Mitsubishi and SMP Technologies Profile
                Table Mitsubishi and SMP Technologies Overview List
        4.6.2 Mitsubishi and SMP Technologies Products & Services
        4.6.3 Mitsubishi and SMP Technologies Business Operation Conditions
                Table Business Operation of Mitsubishi and SMP Technologies (Sales Revenue, Sales Volume, Price, Cost, Gross Margin)
    4.7 Spintech (Company Profile, Sales Data etc.)
        4.7.1 Spintech Profile
                Table Spintech Overview List
        4.7.2 Spintech Products & Services
        4.7.3 Spintech Business Operation Conditions
                Table Business Operation of Spintech (Sales Revenue, Sales Volume, Price, Cost, Gross Margin)
    4.8 Syzygy Memory Plastics (Company Profile, Sales Data etc.)
        4.8.1 Syzygy Memory Plastics Profile
                Table Syzygy Memory Plastics Overview List
        4.8.2 Syzygy Memory Plastics Products & Services
        4.8.3 Syzygy Memory Plastics Business Operation Conditions
                Table Business Operation of Syzygy Memory Plastics (Sales Revenue, Sales Volume, Price, Cost, Gross Margin)
5 Market Competition
    5.1 Company Competition
                Table Global Shape Memory Polymer Sales Revenue 2016-2020, by Company, in USD Million
                Table Global Shape Memory Polymer Sales Revenue Share 2016-2020, by Company, in USD Million
                Figure Global Shape Memory Polymer Sales Revenue Share in 2020, by Company, in USD Million
                Table Global Shape Memory Polymer Sales Volume 2016-2020, by Company, in Volume
                Table Global Shape Memory Polymer Sales Volume Share 2016-2020, by Company, in Volume
                Figure Global Shape Memory Polymer Sales Volume Share in 2020, by Company, in Volume
    5.2 Regional Market by Company
                Figure North America Shape Memory Polymer Market Concentration, in 2020
                Figure Europe Shape Memory Polymer Market Market Concentration, in 2020
                Figure Asia-Pacific Shape Memory Polymer MMarket Concentration, in 2020
                Figure South America Shape Memory Polymer Market Concentration, in 2020
                Figure Middle East & Africa Shape Memory Polymer Market Concentration, in 2020
6 Demand by End Market
    6.1 Demand Situation
        6.1.1 Demand in Automotive
                Figure Shape Memory Polymer Demand in Automotive, 2016-2020, in USD Million
                Figure Shape Memory Polymer Demand in Automotive, 2016-2020, in Volume
        6.1.2 Demand in Aerospace
                Figure Shape Memory Polymer Demand in Aerospace, 2016-2020, in USD Million
                Figure Shape Memory Polymer Demand in Aerospace, 2016-2020, in Volume
        6.1.3 Demand in Construction
                Figure Shape Memory Polymer Demand in Construction, 2016-2020, in USD Million
                Figure Shape Memory Polymer Demand in Construction, 2016-2020, in Volume
    6.2 Regional Demand Comparison
                Table Regional Demand Comparison List
                Table Major Application in Different Regions
    6.3 Demand Forecast
                Table Shape Memory Polymer Demand Forecast 2021-2026, by Application, in USD Million
                Figure Shape Memory Polymer Market Growth 2021-2026, by Application, in USD Million
                Figure Shape Memory Polymer Market Share in 2026, by Application, in USD Million
                Table Shape Memory Polymer Demand Forecast 2021-2026, by Application, in Volume
                Table Shape Memory Polymer Market Growth 2021-2026, by Application, in Volume
                Table Shape Memory Polymer Market Share in 2026, by Application, in Volume
    6.4 Impact of the COVID-19 on the Demand
7 Region Operation
    7.1 Regional Production
                Table Shape Memory Polymer Production 2016-2020, by Region, in USD Million
                Table Shape Memory Polymer Production 2016-2020, by Region, in Volume
    7.2 Regional Market
                Table Global Shape Memory Polymer Market 2016-2020, by Region, in USD Million
                Table Global Shape Memory Polymer Market Share 2016-2020, by Region, in USD Million
                Table Global Shape Memory Polymer Market 2016-2020, by Region, in Volume
                Table Global Shape Memory Polymer Market Share 2016-2020, by Region, in Volume
    7.3 by Region
        7.3.1 North America
            7.3.1.1 Overview
                Figure North America Shape Memory Polymer Market Size and Growth 2016-2020, in USD Million
                Figure North America Shape Memory Polymer Market Size and Growth 2016-2020, in Volume
            7.3.1.2 by Country (U.S., Canada, Mexico)
                Table North America Shape Memory Polymer Market Size 2016-2020, by Country, in USD Million
                Table North America Shape Memory Polymer Market Size 2016-2020, by Country, in Volume
        7.3.2 Europe
            7.3.2.1 Overview
                Figure Europe Shape Memory Polymer Market Size and Growth 2016-2020, in USD Million
                Figure Europe Shape Memory Polymer Market Size and Growth 2016-2020, in Volume
            7.3.2.2 by Country (Germany, U.K., France, Italy, Russia, Spain etc.)
                Table Europe Shape Memory Polymer Market Size 2016-2020, by Country, in USD Million
                Table Europe Shape Memory Polymer Market Size 2016-2020, by Country, in Volume
        7.3.3 Asia-Pacific
            7.3.3.1 Overview
                Figure Asia-Pacific Shape Memory Polymer Market Size and Growth 2016-2020, in USD Million
                Figure Asia-Pacific Shape Memory Polymer Market Size and Growth 2016-2020, in Volume
            7.3.3.2 by Country (China, India, Japan, Southeast Asia etc.)
                Table Asia-Pacific Shape Memory Polymer Market Size 2016-2020, by Country, in USD Million
                Table Asia-Pacific Shape Memory Polymer Market Size 2016-2020, by Country, in Volume
        7.3.4 South America
            7.3.4.1 Overview
                Figure South America Shape Memory Polymer Market Size and Growth 2016-2020, in USD Million
                Figure South America Shape Memory Polymer Market Size and Growth 2016-2020, in Volume
            7.3.4.2 by Country (Brazil, Argentina etc.)
                Table South America Shape Memory Polymer Market Size 2016-2020, by Country, in USD Million
                Table South America Shape Memory Polymer Market Size 2016-2020, by Country, in Volume
        7.3.5 Middle East & Africa
            7.3.5.1 Overview
                Figure Middle East & Africa Shape Memory Polymer Market Size and Growth 2016-2020, in USD Million
                Figure Middle East & Africa Shape Memory Polymer Market Size and Growth 2016-2020, in Volume
            7.3.5.2 by Country (Saudi Arabia, South Africa etc.)
                Table Middle East & Africa Shape Memory Polymer Market Size 2016-2020, by Country, in USD Million
                Table Middle East & Africa Shape Memory Polymer Market Size 2016-2020, by Country, in Volume
    7.4 Regional Import & Export
    7.5 Regional Forecast
                Table Shape Memory Polymer Market Forecast 2021-2026, by Region, in USD Million
                Table Shape Memory Polymer Market Forecast 2021-2026, by Region, in Volume
8 Marketing & Price
    8.1 Price and Margin
        8.1.1 Price Trends
        8.1.2 Factors of Price Change
                Table Price Factors List
        8.1.3 Manufacturers Gross Margin Analysis
    8.2 Marketing Channel
                Figure Marketing Channels Overview
9 Research Conclusion","List of Table
1.                Table Upstream Segment of Shape Memory Polymer
2.                Table Application Segment of Shape Memory Polymer
3.                Table Global Shape Memory Polymer Market 2016-2026, by Application, in USD Million
4.                Table Major Company List of Electro Induced Type
5.                Table Global Shape Memory Polymer Market 2016-2020, by Type, in USD Million
6.                Table Global Shape Memory Polymer Market 2016-2020, by Type, in Volume
7.                Table Global Shape Memory Polymer Market Forecast 2021-2026, by Type, in USD Million
8.                Table Global Shape Memory Polymer Market Forecast 2021-2026, by Type, in Volume
9.                Table BASF Overview List
10.                Table Business Operation of BASF (Sales Revenue, Sales Volume, Price, Cost, Gross Margin)
11.                Table Covestro Overview List
12.                Table Business Operation of Covestro (Sales Revenue, Sales Volume, Price, Cost, Gross Margin)
13.                Table EndoShape Overview List
14.                Table Business Operation of EndoShape (Sales Revenue, Sales Volume, Price, Cost, Gross Margin)
15.                Table Evonik Overview List
16.                Table Business Operation of Evonik (Sales Revenue, Sales Volume, Price, Cost, Gross Margin)
17.                Table MedShape Overview List
18.                Table Business Operation of MedShape (Sales Revenue, Sales Volume, Price, Cost, Gross Margin)
19.                Table Mitsubishi and SMP Technologies Overview List
20.                Table Business Operation of Mitsubishi and SMP Technologies (Sales Revenue, Sales Volume, Price, Cost, Gross Margin)
21.                Table Spintech Overview List
22.                Table Business Operation of Spintech (Sales Revenue, Sales Volume, Price, Cost, Gross Margin)
23.                Table Syzygy Memory Plastics Overview List
24.                Table Business Operation of Syzygy Memory Plastics (Sales Revenue, Sales Volume, Price, Cost, Gross Margin)
25.                Table Global Shape Memory Polymer Sales Revenue 2016-2020, by Company, in USD Million
26.                Table Global Shape Memory Polymer Sales Revenue Share 2016-2020, by Company, in USD Million
27.                Table Global Shape Memory Polymer Sales Volume 2016-2020, by Company, in Volume
28.                Table Global Shape Memory Polymer Sales Volume Share 2016-2020, by Company, in Volume
29.                Table Regional Demand Comparison List
30.                Table Major Application in Different Regions
31.                Table Shape Memory Polymer Demand Forecast 2021-2026, by Application, in USD Million
32.                Table Shape Memory Polymer Demand Forecast 2021-2026, by Application, in Volume
33.                Table Shape Memory Polymer Market Growth 2021-2026, by Application, in Volume
34.                Table Shape Memory Polymer Market Share in 2026, by Application, in Volume
35.                Table Shape Memory Polymer Production 2016-2020, by Region, in USD Million
36.                Table Shape Memory Polymer Production 2016-2020, by Region, in Volume
37.                Table Global Shape Memory Polymer Market 2016-2020, by Region, in USD Million
38.                Table Global Shape Memory Polymer Market Share 2016-2020, by Region, in USD Million
39.                Table Global Shape Memory Polymer Market 2016-2020, by Region, in Volume
40.                Table Global Shape Memory Polymer Market Share 2016-2020, by Region, in Volume
41.                Table North America Shape Memory Polymer Market Size 2016-2020, by Country, in USD Million
42.                Table North America Shape Memory Polymer Market Size 2016-2020, by Country, in Volume
43.                Table Europe Shape Memory Polymer Market Size 2016-2020, by Country, in USD Million
44.                Table Europe Shape Memory Polymer Market Size 2016-2020, by Country, in Volume
45.                Table Asia-Pacific Shape Memory Polymer Market Size 2016-2020, by Country, in USD Million
46.                Table Asia-Pacific Shape Memory Polymer Market Size 2016-2020, by Country, in Volume
47.                Table South America Shape Memory Polymer Market Size 2016-2020, by Country, in USD Million
48.                Table South America Shape Memory Polymer Market Size 2016-2020, by Country, in Volume
49.                Table Middle East & Africa Shape Memory Polymer Market Size 2016-2020, by Country, in USD Million
50.                Table Middle East & Africa Shape Memory Polymer Market Size 2016-2020, by Country, in Volume
51.                Table Shape Memory Polymer Market Forecast 2021-2026, by Region, in USD Million
52.                Table Shape Memory Polymer Market Forecast 2021-2026, by Region, in Volume
53.                Table Price Factors List","List of Figure
1.                Figure Shape Memory Polymer Industry Chain Structure
2.                Figure Global Shape Memory Polymer Market Growth 2016-2020, by Type, in USD Million
3.                Figure Global Shape Memory Polymer Market Growth 2016-2020, by Type, in Volume
4.                Figure Global Shape Memory Polymer Sales Revenue Share in 2020, by Company, in USD Million
5.                Figure Global Shape Memory Polymer Sales Volume Share in 2020, by Company, in Volume
6.                Figure North America Shape Memory Polymer Market Concentration, in 2020
7.                Figure Europe Shape Memory Polymer Market Market Concentration, in 2020
8.                Figure Asia-Pacific Shape Memory Polymer MMarket Concentration, in 2020
9.                Figure South America Shape Memory Polymer Market Concentration, in 2020
10.                Figure Middle East & Africa Shape Memory Polymer Market Concentration, in 2020
11.                Figure Shape Memory Polymer Demand in Automotive, 2016-2020, in USD Million
12.                Figure Shape Memory Polymer Demand in Automotive, 2016-2020, in Volume
13.                Figure Shape Memory Polymer Demand in Aerospace, 2016-2020, in USD Million
14.                Figure Shape Memory Polymer Demand in Aerospace, 2016-2020, in Volume
15.                Figure Shape Memory Polymer Demand in Construction, 2016-2020, in USD Million
16.                Figure Shape Memory Polymer Demand in Construction, 2016-2020, in Volume
17.                Figure Shape Memory Polymer Market Growth 2021-2026, by Application, in USD Million
18.                Figure Shape Memory Polymer Market Share in 2026, by Application, in USD Million
19.                Figure North America Shape Memory Polymer Market Size and Growth 2016-2020, in USD Million
20.                Figure North America Shape Memory Polymer Market Size and Growth 2016-2020, in Volume
21.                Figure Europe Shape Memory Polymer Market Size and Growth 2016-2020, in USD Million
22.                Figure Europe Shape Memory Polymer Market Size and Growth 2016-2020, in Volume
23.                Figure Asia-Pacific Shape Memory Polymer Market Size and Growth 2016-2020, in USD Million
24.                Figure Asia-Pacific Shape Memory Polymer Market Size and Growth 2016-2020, in Volume
25.                Figure South America Shape Memory Polymer Market Size and Growth 2016-2020, in USD Million
26.                Figure South America Shape Memory Polymer Market Size and Growth 2016-2020, in Volume
27.                Figure Middle East & Africa Shape Memory Polymer Market Size and Growth 2016-2020, in USD Million
28.                Figure Middle East & Africa Shape Memory Polymer Market Size and Growth 2016-2020, in Volume
29.                Figure Marketing Channels Overview","$2,980 ","$5,960 ","$5,960 ",99SGL298Che20210200024798
7-Apr-21,"Life & Medical","Global Seating and Positioning Belts Market Analysis 2016-2020 and Forecast 2021-2026","Snapshot
The global Seating and Positioning Belts market size is estimated at xxx million USD with a CAGR xx% from 2016-2020 and is expected to reach xxx Million USD in 2021 with a CAGR xx% from 2021 to 2026. The report begins from overview of Industry Chain structure, and describes industry environment, then analyses market size and forecast of Seating and Positioning Belts by product, region and application, in addition, this report introduces market competition situation among the vendors and company profile, besides, market price analysis and value chain features are covered in this report.
Product Type Coverage (Market Size & Forecast, Major Company of Product Type etc.):
        Children Seat and Positioning Belts
        Adults Seats and Positioning Belts
Company Coverage (Company Profile, Sales Revenue, Price, Gross Margin, Main Products etc.):
        Sunrise Medical
        Freedom Designs
        Ottobock
        Sunrise Medical
        Medifab (Spex)
Application Coverage (Market Size & Forecast, Different Demand Market by Region, Main Consumer Profile etc.):
        Medical Industry
        Automotive Industry
        Others
Region Coverage (Regional Production, Demand & Forecast by Countries etc.):
        North America (U.S., Canada, Mexico)
        Europe (Germany, U.K., France, Italy, Russia, Spain etc.)
        Asia-Pacific (China, India, Japan, Southeast Asia etc.)
        South America (Brazil, Argentina etc.)
        Middle East & Africa (Saudi Arabia, South Africa etc.)",92,"Table of Contents
1 Industry Overview
    1.1 Seating and Positioning Belts Industry
                Figure Seating and Positioning Belts Industry Chain Structure
        1.1.1 Overview
        1.1.2 Development of Seating and Positioning Belts
    1.2 Market Segment
        1.2.1 Upstream
                Table Upstream Segment of Seating and Positioning Belts
        1.2.2 Downstream
                Table Application Segment of Seating and Positioning Belts
                Table Global Seating and Positioning Belts Market 2016-2026, by Application, in USD Million
        1.2.3 COVID-19 Impact
    1.3 Cost Analysis
2 Industry Environment (PEST Analysis)
    2.1 Policy
    2.2 Economics
    2.3 Sociology
    2.4 Technology
3 Seating and Positioning Belts Market by Type
    3.1 By Type
        3.1.1 Children Seat and Positioning Belts
                Table Major Company List of Children Seat and Positioning Belts
        3.1.2 Adults Seats and Positioning Belts
                Table Major Company List of Adults Seats and Positioning Belts
    3.2 Market Size
                Table Global Seating and Positioning Belts Market 2016-2020, by Type, in USD Million
                Figure Global Seating and Positioning Belts Market Growth 2016-2020, by Type, in USD Million
                Table Global Seating and Positioning Belts Market 2016-2020, by Type, in Volume
                Figure Global Seating and Positioning Belts Market Growth 2016-2020, by Type, in Volume
    3.3 Market Forecast
                Table Global Seating and Positioning Belts Market Forecast 2021-2026, by Type, in USD Million
                Table Global Seating and Positioning Belts Market Forecast 2021-2026, by Type, in Volume
4 Major Companies List
    4.1 Sunrise Medical (Company Profile, Sales Data etc.)
        4.1.1 Sunrise Medical Profile
                Table Sunrise Medical Overview List
        4.1.2 Sunrise Medical Products & Services
        4.1.3 Sunrise Medical Business Operation Conditions
                Table Business Operation of Sunrise Medical (Sales Revenue, Sales Volume, Price, Cost, Gross Margin)
    4.2 Freedom Designs (Company Profile, Sales Data etc.)
        4.2.1 Freedom Designs Profile
                Table Freedom Designs Overview List
        4.2.2 Freedom Designs Products & Services
        4.2.3 Freedom Designs Business Operation Conditions
                Table Business Operation of Freedom Designs (Sales Revenue, Sales Volume, Price, Cost, Gross Margin)
    4.3 Ottobock (Company Profile, Sales Data etc.)
        4.3.1 Ottobock Profile
                Table Ottobock Overview List
        4.3.2 Ottobock Products & Services
        4.3.3 Ottobock Business Operation Conditions
                Table Business Operation of Ottobock (Sales Revenue, Sales Volume, Price, Cost, Gross Margin)
    4.4 Sunrise Medical (Company Profile, Sales Data etc.)
        4.4.1 Sunrise Medical Profile
                Table Sunrise Medical Overview List
        4.4.2 Sunrise Medical Products & Services
        4.4.3 Sunrise Medical Business Operation Conditions
                Table Business Operation of Sunrise Medical (Sales Revenue, Sales Volume, Price, Cost, Gross Margin)
    4.5 Medifab (Spex) (Company Profile, Sales Data etc.)
        4.5.1 Medifab (Spex) Profile
                Table Medifab (Spex) Overview List
        4.5.2 Medifab (Spex) Products & Services
        4.5.3 Medifab (Spex) Business Operation Conditions
                Table Business Operation of Medifab (Spex) (Sales Revenue, Sales Volume, Price, Cost, Gross Margin)
5 Market Competition
    5.1 Company Competition
                Table Global Seating and Positioning Belts Sales Revenue 2016-2020, by Company, in USD Million
                Table Global Seating and Positioning Belts Sales Revenue Share 2016-2020, by Company, in USD Million
                Figure Global Seating and Positioning Belts Sales Revenue Share in 2020, by Company, in USD Million
                Table Global Seating and Positioning Belts Sales Volume 2016-2020, by Company, in Volume
                Table Global Seating and Positioning Belts Sales Volume Share 2016-2020, by Company, in Volume
                Figure Global Seating and Positioning Belts Sales Volume Share in 2020, by Company, in Volume
    5.2 Regional Market by Company
                Figure North America Seating and Positioning Belts Market Concentration, in 2020
                Figure Europe Seating and Positioning Belts Market Market Concentration, in 2020
                Figure Asia-Pacific Seating and Positioning Belts MMarket Concentration, in 2020
                Figure South America Seating and Positioning Belts Market Concentration, in 2020
                Figure Middle East & Africa Seating and Positioning Belts Market Concentration, in 2020
6 Demand by End Market
    6.1 Demand Situation
        6.1.1 Demand in Medical Industry
                Figure Seating and Positioning Belts Demand in Medical Industry, 2016-2020, in USD Million
                Figure Seating and Positioning Belts Demand in Medical Industry, 2016-2020, in Volume
        6.1.2 Demand in Automotive Industry
                Figure Seating and Positioning Belts Demand in Automotive Industry, 2016-2020, in USD Million
                Figure Seating and Positioning Belts Demand in Automotive Industry, 2016-2020, in Volume
        6.1.3 Demand in Others
                Figure Seating and Positioning Belts Demand in Others, 2016-2020, in USD Million
                Figure Seating and Positioning Belts Demand in Others, 2016-2020, in Volume
    6.2 Regional Demand Comparison
                Table Regional Demand Comparison List
                Table Major Application in Different Regions
    6.3 Demand Forecast
                Table Seating and Positioning Belts Demand Forecast 2021-2026, by Application, in USD Million
                Figure Seating and Positioning Belts Market Growth 2021-2026, by Application, in USD Million
                Figure Seating and Positioning Belts Market Share in 2026, by Application, in USD Million
                Table Seating and Positioning Belts Demand Forecast 2021-2026, by Application, in Volume
                Table Seating and Positioning Belts Market Growth 2021-2026, by Application, in Volume
                Table Seating and Positioning Belts Market Share in 2026, by Application, in Volume
    6.4 Impact of the COVID-19 on the Demand
7 Region Operation
    7.1 Regional Production
                Table Seating and Positioning Belts Production 2016-2020, by Region, in USD Million
                Table Seating and Positioning Belts Production 2016-2020, by Region, in Volume
    7.2 Regional Market
                Table Global Seating and Positioning Belts Market 2016-2020, by Region, in USD Million
                Table Global Seating and Positioning Belts Market Share 2016-2020, by Region, in USD Million
                Table Global Seating and Positioning Belts Market 2016-2020, by Region, in Volume
                Table Global Seating and Positioning Belts Market Share 2016-2020, by Region, in Volume
    7.3 by Region
        7.3.1 North America
            7.3.1.1 Overview
                Figure North America Seating and Positioning Belts Market Size and Growth 2016-2020, in USD Million
                Figure North America Seating and Positioning Belts Market Size and Growth 2016-2020, in Volume
            7.3.1.2 by Country (U.S., Canada, Mexico)
                Table North America Seating and Positioning Belts Market Size 2016-2020, by Country, in USD Million
                Table North America Seating and Positioning Belts Market Size 2016-2020, by Country, in Volume
        7.3.2 Europe
            7.3.2.1 Overview
                Figure Europe Seating and Positioning Belts Market Size and Growth 2016-2020, in USD Million
                Figure Europe Seating and Positioning Belts Market Size and Growth 2016-2020, in Volume
            7.3.2.2 by Country (Germany, U.K., France, Italy, Russia, Spain etc.)
                Table Europe Seating and Positioning Belts Market Size 2016-2020, by Country, in USD Million
                Table Europe Seating and Positioning Belts Market Size 2016-2020, by Country, in Volume
        7.3.3 Asia-Pacific
            7.3.3.1 Overview
                Figure Asia-Pacific Seating and Positioning Belts Market Size and Growth 2016-2020, in USD Million
                Figure Asia-Pacific Seating and Positioning Belts Market Size and Growth 2016-2020, in Volume
            7.3.3.2 by Country (China, India, Japan, Southeast Asia etc.)
                Table Asia-Pacific Seating and Positioning Belts Market Size 2016-2020, by Country, in USD Million
                Table Asia-Pacific Seating and Positioning Belts Market Size 2016-2020, by Country, in Volume
        7.3.4 South America
            7.3.4.1 Overview
                Figure South America Seating and Positioning Belts Market Size and Growth 2016-2020, in USD Million
                Figure South America Seating and Positioning Belts Market Size and Growth 2016-2020, in Volume
            7.3.4.2 by Country (Brazil, Argentina etc.)
                Table South America Seating and Positioning Belts Market Size 2016-2020, by Country, in USD Million
                Table South America Seating and Positioning Belts Market Size 2016-2020, by Country, in Volume
        7.3.5 Middle East & Africa
            7.3.5.1 Overview
                Figure Middle East & Africa Seating and Positioning Belts Market Size and Growth 2016-2020, in USD Million
                Figure Middle East & Africa Seating and Positioning Belts Market Size and Growth 2016-2020, in Volume
            7.3.5.2 by Country (Saudi Arabia, South Africa etc.)
                Table Middle East & Africa Seating and Positioning Belts Market Size 2016-2020, by Country, in USD Million
                Table Middle East & Africa Seating and Positioning Belts Market Size 2016-2020, by Country, in Volume
    7.4 Regional Import & Export
    7.5 Regional Forecast
                Table Seating and Positioning Belts Market Forecast 2021-2026, by Region, in USD Million
                Table Seating and Positioning Belts Market Forecast 2021-2026, by Region, in Volume
8 Marketing & Price
    8.1 Price and Margin
        8.1.1 Price Trends
        8.1.2 Factors of Price Change
                Table Price Factors List
        8.1.3 Manufacturers Gross Margin Analysis
    8.2 Marketing Channel
                Figure Marketing Channels Overview
9 Research Conclusion","List of Table
1.                Table Upstream Segment of Seating and Positioning Belts
2.                Table Application Segment of Seating and Positioning Belts
3.                Table Global Seating and Positioning Belts Market 2016-2026, by Application, in USD Million
4.                Table Major Company List of Adults Seats and Positioning Belts
5.                Table Global Seating and Positioning Belts Market 2016-2020, by Type, in USD Million
6.                Table Global Seating and Positioning Belts Market 2016-2020, by Type, in Volume
7.                Table Global Seating and Positioning Belts Market Forecast 2021-2026, by Type, in USD Million
8.                Table Global Seating and Positioning Belts Market Forecast 2021-2026, by Type, in Volume
9.                Table Sunrise Medical Overview List
10.                Table Business Operation of Sunrise Medical (Sales Revenue, Sales Volume, Price, Cost, Gross Margin)
11.                Table Freedom Designs Overview List
12.                Table Business Operation of Freedom Designs (Sales Revenue, Sales Volume, Price, Cost, Gross Margin)
13.                Table Ottobock Overview List
14.                Table Business Operation of Ottobock (Sales Revenue, Sales Volume, Price, Cost, Gross Margin)
15.                Table Sunrise Medical Overview List
16.                Table Business Operation of Sunrise Medical (Sales Revenue, Sales Volume, Price, Cost, Gross Margin)
17.                Table Medifab (Spex) Overview List
18.                Table Business Operation of Medifab (Spex) (Sales Revenue, Sales Volume, Price, Cost, Gross Margin)
19.                Table Global Seating and Positioning Belts Sales Revenue 2016-2020, by Company, in USD Million
20.                Table Global Seating and Positioning Belts Sales Revenue Share 2016-2020, by Company, in USD Million
21.                Table Global Seating and Positioning Belts Sales Volume 2016-2020, by Company, in Volume
22.                Table Global Seating and Positioning Belts Sales Volume Share 2016-2020, by Company, in Volume
23.                Table Regional Demand Comparison List
24.                Table Major Application in Different Regions
25.                Table Seating and Positioning Belts Demand Forecast 2021-2026, by Application, in USD Million
26.                Table Seating and Positioning Belts Demand Forecast 2021-2026, by Application, in Volume
27.                Table Seating and Positioning Belts Market Growth 2021-2026, by Application, in Volume
28.                Table Seating and Positioning Belts Market Share in 2026, by Application, in Volume
29.                Table Seating and Positioning Belts Production 2016-2020, by Region, in USD Million
30.                Table Seating and Positioning Belts Production 2016-2020, by Region, in Volume
31.                Table Global Seating and Positioning Belts Market 2016-2020, by Region, in USD Million
32.                Table Global Seating and Positioning Belts Market Share 2016-2020, by Region, in USD Million
33.                Table Global Seating and Positioning Belts Market 2016-2020, by Region, in Volume
34.                Table Global Seating and Positioning Belts Market Share 2016-2020, by Region, in Volume
35.                Table North America Seating and Positioning Belts Market Size 2016-2020, by Country, in USD Million
36.                Table North America Seating and Positioning Belts Market Size 2016-2020, by Country, in Volume
37.                Table Europe Seating and Positioning Belts Market Size 2016-2020, by Country, in USD Million
38.                Table Europe Seating and Positioning Belts Market Size 2016-2020, by Country, in Volume
39.                Table Asia-Pacific Seating and Positioning Belts Market Size 2016-2020, by Country, in USD Million
40.                Table Asia-Pacific Seating and Positioning Belts Market Size 2016-2020, by Country, in Volume
41.                Table South America Seating and Positioning Belts Market Size 2016-2020, by Country, in USD Million
42.                Table South America Seating and Positioning Belts Market Size 2016-2020, by Country, in Volume
43.                Table Middle East & Africa Seating and Positioning Belts Market Size 2016-2020, by Country, in USD Million
44.                Table Middle East & Africa Seating and Positioning Belts Market Size 2016-2020, by Country, in Volume
45.                Table Seating and Positioning Belts Market Forecast 2021-2026, by Region, in USD Million
46.                Table Seating and Positioning Belts Market Forecast 2021-2026, by Region, in Volume
47.                Table Price Factors List","List of Figure
1.                Figure Seating and Positioning Belts Industry Chain Structure
2.                Figure Global Seating and Positioning Belts Market Growth 2016-2020, by Type, in USD Million
3.                Figure Global Seating and Positioning Belts Market Growth 2016-2020, by Type, in Volume
4.                Figure Global Seating and Positioning Belts Sales Revenue Share in 2020, by Company, in USD Million
5.                Figure Global Seating and Positioning Belts Sales Volume Share in 2020, by Company, in Volume
6.                Figure North America Seating and Positioning Belts Market Concentration, in 2020
7.                Figure Europe Seating and Positioning Belts Market Market Concentration, in 2020
8.                Figure Asia-Pacific Seating and Positioning Belts MMarket Concentration, in 2020
9.                Figure South America Seating and Positioning Belts Market Concentration, in 2020
10.                Figure Middle East & Africa Seating and Positioning Belts Market Concentration, in 2020
11.                Figure Seating and Positioning Belts Demand in Medical Industry, 2016-2020, in USD Million
12.                Figure Seating and Positioning Belts Demand in Medical Industry, 2016-2020, in Volume
13.                Figure Seating and Positioning Belts Demand in Automotive Industry, 2016-2020, in USD Million
14.                Figure Seating and Positioning Belts Demand in Automotive Industry, 2016-2020, in Volume
15.                Figure Seating and Positioning Belts Demand in Others, 2016-2020, in USD Million
16.                Figure Seating and Positioning Belts Demand in Others, 2016-2020, in Volume
17.                Figure Seating and Positioning Belts Market Growth 2021-2026, by Application, in USD Million
18.                Figure Seating and Positioning Belts Market Share in 2026, by Application, in USD Million
19.                Figure North America Seating and Positioning Belts Market Size and Growth 2016-2020, in USD Million
20.                Figure North America Seating and Positioning Belts Market Size and Growth 2016-2020, in Volume
21.                Figure Europe Seating and Positioning Belts Market Size and Growth 2016-2020, in USD Million
22.                Figure Europe Seating and Positioning Belts Market Size and Growth 2016-2020, in Volume
23.                Figure Asia-Pacific Seating and Positioning Belts Market Size and Growth 2016-2020, in USD Million
24.                Figure Asia-Pacific Seating and Positioning Belts Market Size and Growth 2016-2020, in Volume
25.                Figure South America Seating and Positioning Belts Market Size and Growth 2016-2020, in USD Million
26.                Figure South America Seating and Positioning Belts Market Size and Growth 2016-2020, in Volume
27.                Figure Middle East & Africa Seating and Positioning Belts Market Size and Growth 2016-2020, in USD Million
28.                Figure Middle East & Africa Seating and Positioning Belts Market Size and Growth 2016-2020, in Volume
29.                Figure Marketing Channels Overview","$2,980 ","$5,960 ","$5,960 ",99SGL298Lif20210200024799
7-Apr-21,"Life & Medical","Global Safe Patient Handling Equipment Market Analysis 2016-2020 and Forecast 2021-2026","Snapshot
The global Safe Patient Handling Equipment market size is estimated at xxx million USD with a CAGR xx% from 2016-2020 and is expected to reach xxx Million USD in 2021 with a CAGR xx% from 2021 to 2026. The report begins from overview of Industry Chain structure, and describes industry environment, then analyses market size and forecast of Safe Patient Handling Equipment by product, region and application, in addition, this report introduces market competition situation among the vendors and company profile, besides, market price analysis and value chain features are covered in this report.
Product Type Coverage (Market Size & Forecast, Major Company of Product Type etc.):
        Wheelchairs and Scooters
        Medical Beds
        Bathroom Safety Supplies
        Mechanical and Transfer Equipment
        Ambulatory Aids
        Others
Company Coverage (Company Profile, Sales Revenue, Price, Gross Margin, Main Products etc.):
        Wy'East Medical
        Prism Medical
        Hill-Rom
        Stryker Corporation
        Getinge Group
        Paramount Bed Holdings
        Invacare Corporation
        Guldmann Inc
        Linet Spol
        Stiegelmeyer
        Joerns Healthcare
        Handicare
Application Coverage (Market Size & Forecast, Different Demand Market by Region, Main Consumer Profile etc.):
        Hospitals
        Home Care Settings
        Elderly Care Facilities
        Others
Region Coverage (Regional Production, Demand & Forecast by Countries etc.):
        North America (U.S., Canada, Mexico)
        Europe (Germany, U.K., France, Italy, Russia, Spain etc.)
        Asia-Pacific (China, India, Japan, Southeast Asia etc.)
        South America (Brazil, Argentina etc.)
        Middle East & Africa (Saudi Arabia, South Africa etc.)",89,"Table of Contents
1 Industry Overview
    1.1 Safe Patient Handling Equipment Industry
                Figure Safe Patient Handling Equipment Industry Chain Structure
        1.1.1 Overview
        1.1.2 Development of Safe Patient Handling Equipment
    1.2 Market Segment
        1.2.1 Upstream
                Table Upstream Segment of Safe Patient Handling Equipment
        1.2.2 Downstream
                Table Application Segment of Safe Patient Handling Equipment
                Table Global Safe Patient Handling Equipment Market 2016-2026, by Application, in USD Million
        1.2.3 COVID-19 Impact
    1.3 Cost Analysis
2 Industry Environment (PEST Analysis)
    2.1 Policy
    2.2 Economics
    2.3 Sociology
    2.4 Technology
3 Safe Patient Handling Equipment Market by Type
    3.1 By Type
        3.1.1 Wheelchairs and Scooters
                Table Major Company List of Wheelchairs and Scooters
        3.1.2 Medical Beds
                Table Major Company List of Medical Beds
        3.1.3 Bathroom Safety Supplies
                Table Major Company List of Bathroom Safety Supplies
        3.1.4 Mechanical and Transfer Equipment
                Table Major Company List of Mechanical and Transfer Equipment
        3.1.5 Ambulatory Aids
                Table Major Company List of Ambulatory Aids
        3.1.6 Others
                Table Major Company List of Others
    3.2 Market Size
                Table Global Safe Patient Handling Equipment Market 2016-2020, by Type, in USD Million
                Figure Global Safe Patient Handling Equipment Market Growth 2016-2020, by Type, in USD Million
                Table Global Safe Patient Handling Equipment Market 2016-2020, by Type, in Volume
                Figure Global Safe Patient Handling Equipment Market Growth 2016-2020, by Type, in Volume
    3.3 Market Forecast
                Table Global Safe Patient Handling Equipment Market Forecast 2021-2026, by Type, in USD Million
                Table Global Safe Patient Handling Equipment Market Forecast 2021-2026, by Type, in Volume
4 Major Companies List
    4.1 Wy'East Medical (Company Profile, Sales Data etc.)
        4.1.1 Wy'East Medical Profile
                Table Wy'East Medical Overview List
        4.1.2 Wy'East Medical Products & Services
        4.1.3 Wy'East Medical Business Operation Conditions
                Table Business Operation of Wy'East Medical (Sales Revenue, Sales Volume, Price, Cost, Gross Margin)
    4.2 Prism Medical (Company Profile, Sales Data etc.)
        4.2.1 Prism Medical Profile
                Table Prism Medical Overview List
        4.2.2 Prism Medical Products & Services
        4.2.3 Prism Medical Business Operation Conditions
                Table Business Operation of Prism Medical (Sales Revenue, Sales Volume, Price, Cost, Gross Margin)
    4.3 Hill-Rom (Company Profile, Sales Data etc.)
        4.3.1 Hill-Rom Profile
                Table Hill-Rom Overview List
        4.3.2 Hill-Rom Products & Services
        4.3.3 Hill-Rom Business Operation Conditions
                Table Business Operation of Hill-Rom (Sales Revenue, Sales Volume, Price, Cost, Gross Margin)
    4.4 Stryker Corporation (Company Profile, Sales Data etc.)
        4.4.1 Stryker Corporation Profile
                Table Stryker Corporation Overview List
        4.4.2 Stryker Corporation Products & Services
        4.4.3 Stryker Corporation Business Operation Conditions
                Table Business Operation of Stryker Corporation (Sales Revenue, Sales Volume, Price, Cost, Gross Margin)
    4.5 Getinge Group (Company Profile, Sales Data etc.)
        4.5.1 Getinge Group Profile
                Table Getinge Group Overview List
        4.5.2 Getinge Group Products & Services
        4.5.3 Getinge Group Business Operation Conditions
                Table Business Operation of Getinge Group (Sales Revenue, Sales Volume, Price, Cost, Gross Margin)
    4.6 Paramount Bed Holdings (Company Profile, Sales Data etc.)
        4.6.1 Paramount Bed Holdings Profile
                Table Paramount Bed Holdings Overview List
        4.6.2 Paramount Bed Holdings Products & Services
        4.6.3 Paramount Bed Holdings Business Operation Conditions
                Table Business Operation of Paramount Bed Holdings (Sales Revenue, Sales Volume, Price, Cost, Gross Margin)
    4.7 Invacare Corporation (Company Profile, Sales Data etc.)
        4.7.1 Invacare Corporation Profile
                Table Invacare Corporation Overview List
        4.7.2 Invacare Corporation Products & Services
        4.7.3 Invacare Corporation Business Operation Conditions
                Table Business Operation of Invacare Corporation (Sales Revenue, Sales Volume, Price, Cost, Gross Margin)
    4.8 Guldmann Inc (Company Profile, Sales Data etc.)
        4.8.1 Guldmann Inc Profile
                Table Guldmann Inc Overview List
        4.8.2 Guldmann Inc Products & Services
        4.8.3 Guldmann Inc Business Operation Conditions
                Table Business Operation of Guldmann Inc (Sales Revenue, Sales Volume, Price, Cost, Gross Margin)
    4.9 Linet Spol (Company Profile, Sales Data etc.)
        4.9.1 Linet Spol Profile
                Table Linet Spol Overview List
        4.9.2 Linet Spol Products & Services
        4.9.3 Linet Spol Business Operation Conditions
                Table Business Operation of Linet Spol (Sales Revenue, Sales Volume, Price, Cost, Gross Margin)
    4.10 Stiegelmeyer (Company Profile, Sales Data etc.)
        4.10.1 Stiegelmeyer Profile
                Table Stiegelmeyer Overview List
        4.10.2 Stiegelmeyer Products & Services
        4.10.3 Stiegelmeyer Business Operation Conditions
                Table Business Operation of Stiegelmeyer (Sales Revenue, Sales Volume, Price, Cost, Gross Margin)
    4.11 Joerns Healthcare (Company Profile, Sales Data etc.)
        4.11.1 Joerns Healthcare Profile
                Table Joerns Healthcare Overview List
        4.11.2 Joerns Healthcare Products & Services
        4.11.3 Joerns Healthcare Business Operation Conditions
                Table Business Operation of Joerns Healthcare (Sales Revenue, Sales Volume, Price, Cost, Gross Margin)
    4.12 Handicare (Company Profile, Sales Data etc.)
        4.12.1 Handicare Profile
                Table Handicare Overview List
        4.12.2 Handicare Products & Services
        4.12.3 Handicare Business Operation Conditions
                Table Business Operation of Handicare (Sales Revenue, Cost, Gross Margin)
5 Market Competition
    5.1 Company Competition
                Table Global Safe Patient Handling Equipment Sales Revenue 2016-2020, by Company, in USD Million
                Table Global Safe Patient Handling Equipment Sales Revenue Share 2016-2020, by Company, in USD Million
                Figure Global Safe Patient Handling Equipment Sales Revenue Share in 2020, by Company, in USD Million
                Table Global Safe Patient Handling Equipment Sales Volume 2016-2020, by Company, in Volume
                Table Global Safe Patient Handling Equipment Sales Volume Share 2016-2020, by Company, in Volume
                Figure Global Safe Patient Handling Equipment Sales Volume Share in 2020, by Company, in Volume
    5.2 Regional Market by Company
                Figure North America Safe Patient Handling Equipment Market Concentration, in 2020
                Figure Europe Safe Patient Handling Equipment Market Market Concentration, in 2020
                Figure Asia-Pacific Safe Patient Handling Equipment MMarket Concentration, in 2020
                Figure South America Safe Patient Handling Equipment Market Concentration, in 2020
                Figure Middle East & Africa Safe Patient Handling Equipment Market Concentration, in 2020
6 Demand by End Market
    6.1 Demand Situation
        6.1.1 Demand in Hospitals
                Figure Safe Patient Handling Equipment Demand in Hospitals, 2016-2020, in USD Million
                Figure Safe Patient Handling Equipment Demand in Hospitals, 2016-2020, in Volume
        6.1.2 Demand in Home Care Settings
                Figure Safe Patient Handling Equipment Demand in Home Care Settings, 2016-2020, in USD Million
                Figure Safe Patient Handling Equipment Demand in Home Care Settings, 2016-2020, in Volume
        6.1.3 Demand in Elderly Care Facilities
                Figure Safe Patient Handling Equipment Demand in Elderly Care Facilities, 2016-2020, in USD Million
                Figure Safe Patient Handling Equipment Demand in Elderly Care Facilities, 2016-2020, in Volume
        6.1.4 Demand in Others
                Figure Safe Patient Handling Equipment Demand in Others, 2016-2020, in USD Million
                Figure Safe Patient Handling Equipment Demand in Others, 2016-2020, in Volume
    6.2 Regional Demand Comparison
                Table Regional Demand Comparison List
                Table Major Application in Different Regions
    6.3 Demand Forecast
                Table Safe Patient Handling Equipment Demand Forecast 2021-2026, by Application, in USD Million
                Figure Safe Patient Handling Equipment Market Growth 2021-2026, by Application, in USD Million
                Figure Safe Patient Handling Equipment Market Share in 2026, by Application, in USD Million
                Table Safe Patient Handling Equipment Demand Forecast 2021-2026, by Application, in Volume
                Table Safe Patient Handling Equipment Market Growth 2021-2026, by Application, in Volume
                Table Safe Patient Handling Equipment Market Share in 2026, by Application, in Volume
    6.4 Impact of the COVID-19 on the Demand
7 Region Operation
    7.1 Regional Production
                Table Safe Patient Handling Equipment Production 2016-2020, by Region, in USD Million
                Table Safe Patient Handling Equipment Production 2016-2020, by Region, in Volume
    7.2 Regional Market
                Table Global Safe Patient Handling Equipment Market 2016-2020, by Region, in USD Million
                Table Global Safe Patient Handling Equipment Market Share 2016-2020, by Region, in USD Million
                Table Global Safe Patient Handling Equipment Market 2016-2020, by Region, in Volume
                Table Global Safe Patient Handling Equipment Market Share 2016-2020, by Region, in Volume
    7.3 by Region
        7.3.1 North America
            7.3.1.1 Overview
                Figure North America Safe Patient Handling Equipment Market Size and Growth 2016-2020, in USD Million
                Figure North America Safe Patient Handling Equipment Market Size and Growth 2016-2020, in Volume
            7.3.1.2 by Country (U.S., Canada, Mexico)
                Table North America Safe Patient Handling Equipment Market Size 2016-2020, by Country, in USD Million
                Table North America Safe Patient Handling Equipment Market Size 2016-2020, by Country, in Volume
        7.3.2 Europe
            7.3.2.1 Overview
                Figure Europe Safe Patient Handling Equipment Market Size and Growth 2016-2020, in USD Million
                Figure Europe Safe Patient Handling Equipment Market Size and Growth 2016-2020, in Volume
            7.3.2.2 by Country (Germany, U.K., France, Italy, Russia, Spain etc.)
                Table Europe Safe Patient Handling Equipment Market Size 2016-2020, by Country, in USD Million
                Table Europe Safe Patient Handling Equipment Market Size 2016-2020, by Country, in Volume
        7.3.3 Asia-Pacific
            7.3.3.1 Overview
                Figure Asia-Pacific Safe Patient Handling Equipment Market Size and Growth 2016-2020, in USD Million
                Figure Asia-Pacific Safe Patient Handling Equipment Market Size and Growth 2016-2020, in Volume
            7.3.3.2 by Country (China, India, Japan, Southeast Asia etc.)
                Table Asia-Pacific Safe Patient Handling Equipment Market Size 2016-2020, by Country, in USD Million
                Table Asia-Pacific Safe Patient Handling Equipment Market Size 2016-2020, by Country, in Volume
        7.3.4 South America
            7.3.4.1 Overview
                Figure South America Safe Patient Handling Equipment Market Size and Growth 2016-2020, in USD Million
                Figure South America Safe Patient Handling Equipment Market Size and Growth 2016-2020, in Volume
            7.3.4.2 by Country (Brazil, Argentina etc.)
                Table South America Safe Patient Handling Equipment Market Size 2016-2020, by Country, in USD Million
                Table South America Safe Patient Handling Equipment Market Size 2016-2020, by Country, in Volume
        7.3.5 Middle East & Africa
            7.3.5.1 Overview
                Figure Middle East & Africa Safe Patient Handling Equipment Market Size and Growth 2016-2020, in USD Million
                Figure Middle East & Africa Safe Patient Handling Equipment Market Size and Growth 2016-2020, in Volume
            7.3.5.2 by Country (Saudi Arabia, South Africa etc.)
                Table Middle East & Africa Safe Patient Handling Equipment Market Size 2016-2020, by Country, in USD Million
                Table Middle East & Africa Safe Patient Handling Equipment Market Size 2016-2020, by Country, in Volume
    7.4 Regional Import & Export
    7.5 Regional Forecast
                Table Safe Patient Handling Equipment Market Forecast 2021-2026, by Region, in USD Million
                Table Safe Patient Handling Equipment Market Forecast 2021-2026, by Region, in Volume
8 Marketing & Price
    8.1 Price and Margin
        8.1.1 Price Trends
        8.1.2 Factors of Price Change
                Table Price Factors List
        8.1.3 Manufacturers Gross Margin Analysis
    8.2 Marketing Channel
                Figure Marketing Channels Overview
9 Research Conclusion","List of Table
1.                Table Upstream Segment of Safe Patient Handling Equipment
2.                Table Application Segment of Safe Patient Handling Equipment
3.                Table Global Safe Patient Handling Equipment Market 2016-2026, by Application, in USD Million
4.                Table Major Company List of Medical Beds
5.                Table Major Company List of Bathroom Safety Supplies
6.                Table Major Company List of Mechanical and Transfer Equipment
7.                Table Major Company List of Ambulatory Aids
8.                Table Major Company List of Others
9.                Table Global Safe Patient Handling Equipment Market 2016-2020, by Type, in USD Million
10.                Table Global Safe Patient Handling Equipment Market 2016-2020, by Type, in Volume
11.                Table Global Safe Patient Handling Equipment Market Forecast 2021-2026, by Type, in USD Million
12.                Table Global Safe Patient Handling Equipment Market Forecast 2021-2026, by Type, in Volume
13.                Table Wy'East Medical Overview List
14.                Table Business Operation of Wy'East Medical (Sales Revenue, Sales Volume, Price, Cost, Gross Margin)
15.                Table Prism Medical Overview List
16.                Table Business Operation of Prism Medical (Sales Revenue, Sales Volume, Price, Cost, Gross Margin)
17.                Table Hill-Rom Overview List
18.                Table Business Operation of Hill-Rom (Sales Revenue, Sales Volume, Price, Cost, Gross Margin)
19.                Table Stryker Corporation Overview List
20.                Table Business Operation of Stryker Corporation (Sales Revenue, Sales Volume, Price, Cost, Gross Margin)
21.                Table Getinge Group Overview List
22.                Table Business Operation of Getinge Group (Sales Revenue, Sales Volume, Price, Cost, Gross Margin)
23.                Table Paramount Bed Holdings Overview List
24.                Table Business Operation of Paramount Bed Holdings (Sales Revenue, Sales Volume, Price, Cost, Gross Margin)
25.                Table Invacare Corporation Overview List
26.                Table Business Operation of Invacare Corporation (Sales Revenue, Sales Volume, Price, Cost, Gross Margin)
27.                Table Guldmann Inc Overview List
28.                Table Business Operation of Guldmann Inc (Sales Revenue, Sales Volume, Price, Cost, Gross Margin)
29.                Table Linet Spol Overview List
30.                Table Business Operation of Linet Spol (Sales Revenue, Sales Volume, Price, Cost, Gross Margin)
31.                Table Stiegelmeyer Overview List
32.                Table Business Operation of Stiegelmeyer (Sales Revenue, Sales Volume, Price, Cost, Gross Margin)
33.                Table Joerns Healthcare Overview List
34.                Table Business Operation of Joerns Healthcare (Sales Revenue, Sales Volume, Price, Cost, Gross Margin)
35.                Table Handicare Overview List
36.                Table Business Operation of Handicare (Sales Revenue, Cost, Gross Margin)
37.                Table Global Safe Patient Handling Equipment Sales Revenue 2016-2020, by Company, in USD Million
38.                Table Global Safe Patient Handling Equipment Sales Revenue Share 2016-2020, by Company, in USD Million
39.                Table Global Safe Patient Handling Equipment Sales Volume 2016-2020, by Company, in Volume
40.                Table Global Safe Patient Handling Equipment Sales Volume Share 2016-2020, by Company, in Volume
41.                Table Regional Demand Comparison List
42.                Table Major Application in Different Regions
43.                Table Safe Patient Handling Equipment Demand Forecast 2021-2026, by Application, in USD Million
44.                Table Safe Patient Handling Equipment Demand Forecast 2021-2026, by Application, in Volume
45.                Table Safe Patient Handling Equipment Market Growth 2021-2026, by Application, in Volume
46.                Table Safe Patient Handling Equipment Market Share in 2026, by Application, in Volume
47.                Table Safe Patient Handling Equipment Production 2016-2020, by Region, in USD Million
48.                Table Safe Patient Handling Equipment Production 2016-2020, by Region, in Volume
49.                Table Global Safe Patient Handling Equipment Market 2016-2020, by Region, in USD Million
50.                Table Global Safe Patient Handling Equipment Market Share 2016-2020, by Region, in USD Million
51.                Table Global Safe Patient Handling Equipment Market 2016-2020, by Region, in Volume
52.                Table Global Safe Patient Handling Equipment Market Share 2016-2020, by Region, in Volume
53.                Table North America Safe Patient Handling Equipment Market Size 2016-2020, by Country, in USD Million
54.                Table North America Safe Patient Handling Equipment Market Size 2016-2020, by Country, in Volume
55.                Table Europe Safe Patient Handling Equipment Market Size 2016-2020, by Country, in USD Million
56.                Table Europe Safe Patient Handling Equipment Market Size 2016-2020, by Country, in Volume
57.                Table Asia-Pacific Safe Patient Handling Equipment Market Size 2016-2020, by Country, in USD Million
58.                Table Asia-Pacific Safe Patient Handling Equipment Market Size 2016-2020, by Country, in Volume
59.                Table South America Safe Patient Handling Equipment Market Size 2016-2020, by Country, in USD Million
60.                Table South America Safe Patient Handling Equipment Market Size 2016-2020, by Country, in Volume
61.                Table Middle East & Africa Safe Patient Handling Equipment Market Size 2016-2020, by Country, in USD Million
62.                Table Middle East & Africa Safe Patient Handling Equipment Market Size 2016-2020, by Country, in Volume
63.                Table Safe Patient Handling Equipment Market Forecast 2021-2026, by Region, in USD Million
64.                Table Safe Patient Handling Equipment Market Forecast 2021-2026, by Region, in Volume
65.                Table Price Factors List","List of Figure
1.                Figure Safe Patient Handling Equipment Industry Chain Structure
2.                Figure Global Safe Patient Handling Equipment Market Growth 2016-2020, by Type, in USD Million
3.                Figure Global Safe Patient Handling Equipment Market Growth 2016-2020, by Type, in Volume
4.                Figure Global Safe Patient Handling Equipment Sales Revenue Share in 2020, by Company, in USD Million
5.                Figure Global Safe Patient Handling Equipment Sales Volume Share in 2020, by Company, in Volume
6.                Figure North America Safe Patient Handling Equipment Market Concentration, in 2020
7.                Figure Europe Safe Patient Handling Equipment Market Market Concentration, in 2020
8.                Figure Asia-Pacific Safe Patient Handling Equipment MMarket Concentration, in 2020
9.                Figure South America Safe Patient Handling Equipment Market Concentration, in 2020
10.                Figure Middle East & Africa Safe Patient Handling Equipment Market Concentration, in 2020
11.                Figure Safe Patient Handling Equipment Demand in Hospitals, 2016-2020, in USD Million
12.                Figure Safe Patient Handling Equipment Demand in Hospitals, 2016-2020, in Volume
13.                Figure Safe Patient Handling Equipment Demand in Home Care Settings, 2016-2020, in USD Million
14.                Figure Safe Patient Handling Equipment Demand in Home Care Settings, 2016-2020, in Volume
15.                Figure Safe Patient Handling Equipment Demand in Elderly Care Facilities, 2016-2020, in USD Million
16.                Figure Safe Patient Handling Equipment Demand in Elderly Care Facilities, 2016-2020, in Volume
17.                Figure Safe Patient Handling Equipment Demand in Others, 2016-2020, in USD Million
18.                Figure Safe Patient Handling Equipment Demand in Others, 2016-2020, in Volume
19.                Figure Safe Patient Handling Equipment Market Growth 2021-2026, by Application, in USD Million
20.                Figure Safe Patient Handling Equipment Market Share in 2026, by Application, in USD Million
21.                Figure North America Safe Patient Handling Equipment Market Size and Growth 2016-2020, in USD Million
22.                Figure North America Safe Patient Handling Equipment Market Size and Growth 2016-2020, in Volume
23.                Figure Europe Safe Patient Handling Equipment Market Size and Growth 2016-2020, in USD Million
24.                Figure Europe Safe Patient Handling Equipment Market Size and Growth 2016-2020, in Volume
25.                Figure Asia-Pacific Safe Patient Handling Equipment Market Size and Growth 2016-2020, in USD Million
26.                Figure Asia-Pacific Safe Patient Handling Equipment Market Size and Growth 2016-2020, in Volume
27.                Figure South America Safe Patient Handling Equipment Market Size and Growth 2016-2020, in USD Million
28.                Figure South America Safe Patient Handling Equipment Market Size and Growth 2016-2020, in Volume
29.                Figure Middle East & Africa Safe Patient Handling Equipment Market Size and Growth 2016-2020, in USD Million
30.                Figure Middle East & Africa Safe Patient Handling Equipment Market Size and Growth 2016-2020, in Volume
31.                Figure Marketing Channels Overview","$2,980 ","$5,960 ","$5,960 ",99SGL298Lif20210200024800
7-Apr-21,"Machinery & Equipment","Global Roofing Torch Market Analysis 2016-2020 and Forecast 2021-2026","Snapshot
The global Roofing Torch market size is estimated at xxx million USD with a CAGR xx% from 2016-2020 and is expected to reach xxx Million USD in 2021 with a CAGR xx% from 2021 to 2026. The report begins from overview of Industry Chain structure, and describes industry environment, then analyses market size and forecast of Roofing Torch by product, region and application, in addition, this report introduces market competition situation among the vendors and company profile, besides, market price analysis and value chain features are covered in this report.
Product Type Coverage (Market Size & Forecast, Major Company of Product Type etc.):
        Bitumen
        PVC
        TPO
        EPDM
        Others
Company Coverage (Company Profile, Sales Revenue, Price, Gross Margin, Main Products etc.):
        Leister Technologies (US)
        BAK Industries (US)
        Herz GmbH (Germany)
        Forsthoff GmbH (Germany)
        Guilbert EXPRESS Middle East LLC (Dubai)
        FLAGRO (US)
        Flame Engineering Inc (US)
        Superior Products Inc (US)
        The Brush Man LLC (US)
        Shenzhen Joaboa Technology (China)
Application Coverage (Market Size & Forecast, Different Demand Market by Region, Main Consumer Profile etc.):
        Industrial & Construction
        Farm
        Road Service
        Home Use
        Others
Region Coverage (Regional Production, Demand & Forecast by Countries etc.):
        North America (U.S., Canada, Mexico)
        Europe (Germany, U.K., France, Italy, Russia, Spain etc.)
        Asia-Pacific (China, India, Japan, Southeast Asia etc.)
        South America (Brazil, Argentina etc.)
        Middle East & Africa (Saudi Arabia, South Africa etc.)",83,"Table of Contents
1 Industry Overview
    1.1 Roofing Torch Industry
                Figure Roofing Torch Industry Chain Structure
        1.1.1 Overview
        1.1.2 Development of Roofing Torch
    1.2 Market Segment
        1.2.1 Upstream
                Table Upstream Segment of Roofing Torch
        1.2.2 Downstream
                Table Application Segment of Roofing Torch
                Table Global Roofing Torch Market 2016-2026, by Application, in USD Million
        1.2.3 COVID-19 Impact
    1.3 Cost Analysis
2 Industry Environment (PEST Analysis)
    2.1 Policy
    2.2 Economics
    2.3 Sociology
    2.4 Technology
3 Roofing Torch Market by Type
    3.1 By Type
        3.1.1 Bitumen
                Table Major Company List of Bitumen
        3.1.2 PVC
                Table Major Company List of PVC
        3.1.3 TPO
                Table Major Company List of TPO
        3.1.4 EPDM
                Table Major Company List of EPDM
        3.1.5 Others
                Table Major Company List of Others
    3.2 Market Size
                Table Global Roofing Torch Market 2016-2020, by Type, in USD Million
                Figure Global Roofing Torch Market Growth 2016-2020, by Type, in USD Million
                Table Global Roofing Torch Market 2016-2020, by Type, in Volume
                Figure Global Roofing Torch Market Growth 2016-2020, by Type, in Volume
    3.3 Market Forecast
                Table Global Roofing Torch Market Forecast 2021-2026, by Type, in USD Million
                Table Global Roofing Torch Market Forecast 2021-2026, by Type, in Volume
4 Major Companies List
    4.1 Leister Technologies (US) (Company Profile, Sales Data etc.)
        4.1.1 Leister Technologies (US) Profile
                Table Leister Technologies (US) Overview List
        4.1.2 Leister Technologies (US) Products & Services
        4.1.3 Leister Technologies (US) Business Operation Conditions
                Table Business Operation of Leister Technologies (US) (Sales Revenue, Sales Volume, Price, Cost, Gross Margin)
    4.2 BAK Industries (US) (Company Profile, Sales Data etc.)
        4.2.1 BAK Industries (US) Profile
                Table BAK Industries (US) Overview List
        4.2.2 BAK Industries (US) Products & Services
        4.2.3 BAK Industries (US) Business Operation Conditions
                Table Business Operation of BAK Industries (US) (Sales Revenue, Sales Volume, Price, Cost, Gross Margin)
    4.3 Herz GmbH (Germany) (Company Profile, Sales Data etc.)
        4.3.1 Herz GmbH (Germany) Profile
                Table Herz GmbH (Germany) Overview List
        4.3.2 Herz GmbH (Germany) Products & Services
        4.3.3 Herz GmbH (Germany) Business Operation Conditions
                Table Business Operation of Herz GmbH (Germany) (Sales Revenue, Sales Volume, Price, Cost, Gross Margin)
    4.4 Forsthoff GmbH (Germany) (Company Profile, Sales Data etc.)
        4.4.1 Forsthoff GmbH (Germany) Profile
                Table Forsthoff GmbH (Germany) Overview List
        4.4.2 Forsthoff GmbH (Germany) Products & Services
        4.4.3 Forsthoff GmbH (Germany) Business Operation Conditions
                Table Business Operation of Forsthoff GmbH (Germany) (Sales Revenue, Sales Volume, Price, Cost, Gross Margin)
    4.5 Guilbert EXPRESS Middle East LLC (Dubai) (Company Profile, Sales Data etc.)
        4.5.1 Guilbert EXPRESS Middle East LLC (Dubai) Profile
                Table Guilbert EXPRESS Middle East LLC (Dubai) Overview List
        4.5.2 Guilbert EXPRESS Middle East LLC (Dubai) Products & Services
        4.5.3 Guilbert EXPRESS Middle East LLC (Dubai) Business Operation Conditions
                Table Business Operation of Guilbert EXPRESS Middle East LLC (Dubai) (Sales Revenue, Sales Volume, Price, Cost, Gross Margin)
    4.6 FLAGRO (US) (Company Profile, Sales Data etc.)
        4.6.1 FLAGRO (US) Profile
                Table FLAGRO (US) Overview List
        4.6.2 FLAGRO (US) Products & Services
        4.6.3 FLAGRO (US) Business Operation Conditions
                Table Business Operation of FLAGRO (US) (Sales Revenue, Sales Volume, Price, Cost, Gross Margin)
    4.7 Flame Engineering Inc (US) (Company Profile, Sales Data etc.)
        4.7.1 Flame Engineering Inc (US) Profile
                Table Flame Engineering Inc (US) Overview List
        4.7.2 Flame Engineering Inc (US) Products & Services
        4.7.3 Flame Engineering Inc (US) Business Operation Conditions
                Table Business Operation of Flame Engineering Inc (US) (Sales Revenue, Sales Volume, Price, Cost, Gross Margin)
    4.8 Superior Products Inc (US) (Company Profile, Sales Data etc.)
        4.8.1 Superior Products Inc (US) Profile
                Table Superior Products Inc (US) Overview List
        4.8.2 Superior Products Inc (US) Products & Services
        4.8.3 Superior Products Inc (US) Business Operation Conditions
                Table Business Operation of Superior Products Inc (US) (Sales Revenue, Sales Volume, Price, Cost, Gross Margin)
    4.9 The Brush Man LLC (US) (Company Profile, Sales Data etc.)
        4.9.1 The Brush Man LLC (US) Profile
                Table The Brush Man LLC (US) Overview List
        4.9.2 The Brush Man LLC (US) Products & Services
        4.9.3 The Brush Man LLC (US) Business Operation Conditions
                Table Business Operation of The Brush Man LLC (US) (Sales Revenue, Sales Volume, Price, Cost, Gross Margin)
    4.10 Shenzhen Joaboa Technology (China) (Company Profile, Sales Data etc.)
        4.10.1 Shenzhen Joaboa Technology (China) Profile
                Table Shenzhen Joaboa Technology (China) Overview List
        4.10.2 Shenzhen Joaboa Technology (China) Products & Services
        4.10.3 Shenzhen Joaboa Technology (China) Business Operation Conditions
                Table Business Operation of Shenzhen Joaboa Technology (China) (Sales Revenue, Sales Volume, Price, Cost, Gross Margin)
5 Market Competition
    5.1 Company Competition
                Table Global Roofing Torch Sales Revenue 2016-2020, by Company, in USD Million
                Table Global Roofing Torch Sales Revenue Share 2016-2020, by Company, in USD Million
                Figure Global Roofing Torch Sales Revenue Share in 2020, by Company, in USD Million
                Table Global Roofing Torch Sales Volume 2016-2020, by Company, in Volume
                Table Global Roofing Torch Sales Volume Share 2016-2020, by Company, in Volume
                Figure Global Roofing Torch Sales Volume Share in 2020, by Company, in Volume
    5.2 Regional Market by Company
                Figure North America Roofing Torch Market Concentration, in 2020
                Figure Europe Roofing Torch Market Market Concentration, in 2020
                Figure Asia-Pacific Roofing Torch MMarket Concentration, in 2020
                Figure South America Roofing Torch Market Concentration, in 2020
                Figure Middle East & Africa Roofing Torch Market Concentration, in 2020
6 Demand by End Market
    6.1 Demand Situation
        6.1.1 Demand in Industrial & Construction
                Figure Roofing Torch Demand in Industrial & Construction, 2016-2020, in USD Million
                Figure Roofing Torch Demand in Industrial & Construction, 2016-2020, in Volume
        6.1.2 Demand in Farm
                Figure Roofing Torch Demand in Farm, 2016-2020, in USD Million
                Figure Roofing Torch Demand in Farm, 2016-2020, in Volume
        6.1.3 Demand in Road Service
                Figure Roofing Torch Demand in Road Service, 2016-2020, in USD Million
                Figure Roofing Torch Demand in Road Service, 2016-2020, in Volume
        6.1.4 Demand in Home Use
                Figure Roofing Torch Demand in Home Use, 2016-2020, in USD Million
                Figure Roofing Torch Demand in Home Use, 2016-2020, in Volume
        6.1.5 Demand in Others
                Figure Roofing Torch Demand in Others, 2016-2020, in USD Million
                Figure Roofing Torch Demand in Others, 2016-2020, in Volume
    6.2 Regional Demand Comparison
                Table Regional Demand Comparison List
                Table Major Application in Different Regions
    6.3 Demand Forecast
                Table Roofing Torch Demand Forecast 2021-2026, by Application, in USD Million
                Figure Roofing Torch Market Growth 2021-2026, by Application, in USD Million
                Figure Roofing Torch Market Share in 2026, by Application, in USD Million
                Table Roofing Torch Demand Forecast 2021-2026, by Application, in Volume
                Table Roofing Torch Market Growth 2021-2026, by Application, in Volume
                Table Roofing Torch Market Share in 2026, by Application, in Volume
    6.4 Impact of the COVID-19 on the Demand
7 Region Operation
    7.1 Regional Production
                Table Roofing Torch Production 2016-2020, by Region, in USD Million
                Table Roofing Torch Production 2016-2020, by Region, in Volume
    7.2 Regional Market
                Table Global Roofing Torch Market 2016-2020, by Region, in USD Million
                Table Global Roofing Torch Market Share 2016-2020, by Region, in USD Million
                Table Global Roofing Torch Market 2016-2020, by Region, in Volume
                Table Global Roofing Torch Market Share 2016-2020, by Region, in Volume
    7.3 by Region
        7.3.1 North America
            7.3.1.1 Overview
                Figure North America Roofing Torch Market Size and Growth 2016-2020, in USD Million
                Figure North America Roofing Torch Market Size and Growth 2016-2020, in Volume
            7.3.1.2 by Country (U.S., Canada, Mexico)
                Table North America Roofing Torch Market Size 2016-2020, by Country, in USD Million
                Table North America Roofing Torch Market Size 2016-2020, by Country, in Volume
        7.3.2 Europe
            7.3.2.1 Overview
                Figure Europe Roofing Torch Market Size and Growth 2016-2020, in USD Million
                Figure Europe Roofing Torch Market Size and Growth 2016-2020, in Volume
            7.3.2.2 by Country (Germany, U.K., France, Italy, Russia, Spain etc.)
                Table Europe Roofing Torch Market Size 2016-2020, by Country, in USD Million
                Table Europe Roofing Torch Market Size 2016-2020, by Country, in Volume
        7.3.3 Asia-Pacific
            7.3.3.1 Overview
                Figure Asia-Pacific Roofing Torch Market Size and Growth 2016-2020, in USD Million
                Figure Asia-Pacific Roofing Torch Market Size and Growth 2016-2020, in Volume
            7.3.3.2 by Country (China, India, Japan, Southeast Asia etc.)
                Table Asia-Pacific Roofing Torch Market Size 2016-2020, by Country, in USD Million
                Table Asia-Pacific Roofing Torch Market Size 2016-2020, by Country, in Volume
        7.3.4 South America
            7.3.4.1 Overview
                Figure South America Roofing Torch Market Size and Growth 2016-2020, in USD Million
                Figure South America Roofing Torch Market Size and Growth 2016-2020, in Volume
            7.3.4.2 by Country (Brazil, Argentina etc.)
                Table South America Roofing Torch Market Size 2016-2020, by Country, in USD Million
                Table South America Roofing Torch Market Size 2016-2020, by Country, in Volume
        7.3.5 Middle East & Africa
            7.3.5.1 Overview
                Figure Middle East & Africa Roofing Torch Market Size and Growth 2016-2020, in USD Million
                Figure Middle East & Africa Roofing Torch Market Size and Growth 2016-2020, in Volume
            7.3.5.2 by Country (Saudi Arabia, South Africa etc.)
                Table Middle East & Africa Roofing Torch Market Size 2016-2020, by Country, in USD Million
                Table Middle East & Africa Roofing Torch Market Size 2016-2020, by Country, in Volume
    7.4 Regional Import & Export
    7.5 Regional Forecast
                Table Roofing Torch Market Forecast 2021-2026, by Region, in USD Million
                Table Roofing Torch Market Forecast 2021-2026, by Region, in Volume
8 Marketing & Price
    8.1 Price and Margin
        8.1.1 Price Trends
        8.1.2 Factors of Price Change
                Table Price Factors List
        8.1.3 Manufacturers Gross Margin Analysis
    8.2 Marketing Channel
                Figure Marketing Channels Overview
9 Research Conclusion","List of Table
1.                Table Upstream Segment of Roofing Torch
2.                Table Application Segment of Roofing Torch
3.                Table Global Roofing Torch Market 2016-2026, by Application, in USD Million
4.                Table Major Company List of PVC
5.                Table Major Company List of TPO
6.                Table Major Company List of EPDM
7.                Table Major Company List of Others
8.                Table Global Roofing Torch Market 2016-2020, by Type, in USD Million
9.                Table Global Roofing Torch Market 2016-2020, by Type, in Volume
10.                Table Global Roofing Torch Market Forecast 2021-2026, by Type, in USD Million
11.                Table Global Roofing Torch Market Forecast 2021-2026, by Type, in Volume
12.                Table Leister Technologies (US) Overview List
13.                Table Business Operation of Leister Technologies (US) (Sales Revenue, Sales Volume, Price, Cost, Gross Margin)
14.                Table BAK Industries (US) Overview List
15.                Table Business Operation of BAK Industries (US) (Sales Revenue, Sales Volume, Price, Cost, Gross Margin)
16.                Table Herz GmbH (Germany) Overview List
17.                Table Business Operation of Herz GmbH (Germany) (Sales Revenue, Sales Volume, Price, Cost, Gross Margin)
18.                Table Forsthoff GmbH (Germany) Overview List
19.                Table Business Operation of Forsthoff GmbH (Germany) (Sales Revenue, Sales Volume, Price, Cost, Gross Margin)
20.                Table Guilbert EXPRESS Middle East LLC (Dubai) Overview List
21.                Table Business Operation of Guilbert EXPRESS Middle East LLC (Dubai) (Sales Revenue, Sales Volume, Price, Cost, Gross Margin)
22.                Table FLAGRO (US) Overview List
23.                Table Business Operation of FLAGRO (US) (Sales Revenue, Sales Volume, Price, Cost, Gross Margin)
24.                Table Flame Engineering Inc (US) Overview List
25.                Table Business Operation of Flame Engineering Inc (US) (Sales Revenue, Sales Volume, Price, Cost, Gross Margin)
26.                Table Superior Products Inc (US) Overview List
27.                Table Business Operation of Superior Products Inc (US) (Sales Revenue, Sales Volume, Price, Cost, Gross Margin)
28.                Table The Brush Man LLC (US) Overview List
29.                Table Business Operation of The Brush Man LLC (US) (Sales Revenue, Sales Volume, Price, Cost, Gross Margin)
30.                Table Shenzhen Joaboa Technology (China) Overview List
31.                Table Business Operation of Shenzhen Joaboa Technology (China) (Sales Revenue, Sales Volume, Price, Cost, Gross Margin)
32.                Table Global Roofing Torch Sales Revenue 2016-2020, by Company, in USD Million
33.                Table Global Roofing Torch Sales Revenue Share 2016-2020, by Company, in USD Million
34.                Table Global Roofing Torch Sales Volume 2016-2020, by Company, in Volume
35.                Table Global Roofing Torch Sales Volume Share 2016-2020, by Company, in Volume
36.                Table Regional Demand Comparison List
37.                Table Major Application in Different Regions
38.                Table Roofing Torch Demand Forecast 2021-2026, by Application, in USD Million
39.                Table Roofing Torch Demand Forecast 2021-2026, by Application, in Volume
40.                Table Roofing Torch Market Growth 2021-2026, by Application, in Volume
41.                Table Roofing Torch Market Share in 2026, by Application, in Volume
42.                Table Roofing Torch Production 2016-2020, by Region, in USD Million
43.                Table Roofing Torch Production 2016-2020, by Region, in Volume
44.                Table Global Roofing Torch Market 2016-2020, by Region, in USD Million
45.                Table Global Roofing Torch Market Share 2016-2020, by Region, in USD Million
46.                Table Global Roofing Torch Market 2016-2020, by Region, in Volume
47.                Table Global Roofing Torch Market Share 2016-2020, by Region, in Volume
48.                Table North America Roofing Torch Market Size 2016-2020, by Country, in USD Million
49.                Table North America Roofing Torch Market Size 2016-2020, by Country, in Volume
50.                Table Europe Roofing Torch Market Size 2016-2020, by Country, in USD Million
51.                Table Europe Roofing Torch Market Size 2016-2020, by Country, in Volume
52.                Table Asia-Pacific Roofing Torch Market Size 2016-2020, by Country, in USD Million
53.                Table Asia-Pacific Roofing Torch Market Size 2016-2020, by Country, in Volume
54.                Table South America Roofing Torch Market Size 2016-2020, by Country, in USD Million
55.                Table South America Roofing Torch Market Size 2016-2020, by Country, in Volume
56.                Table Middle East & Africa Roofing Torch Market Size 2016-2020, by Country, in USD Million
57.                Table Middle East & Africa Roofing Torch Market Size 2016-2020, by Country, in Volume
58.                Table Roofing Torch Market Forecast 2021-2026, by Region, in USD Million
59.                Table Roofing Torch Market Forecast 2021-2026, by Region, in Volume
60.                Table Price Factors List","List of Figure
1.                Figure Roofing Torch Industry Chain Structure
2.                Figure Global Roofing Torch Market Growth 2016-2020, by Type, in USD Million
3.                Figure Global Roofing Torch Market Growth 2016-2020, by Type, in Volume
4.                Figure Global Roofing Torch Sales Revenue Share in 2020, by Company, in USD Million
5.                Figure Global Roofing Torch Sales Volume Share in 2020, by Company, in Volume
6.                Figure North America Roofing Torch Market Concentration, in 2020
7.                Figure Europe Roofing Torch Market Market Concentration, in 2020
8.                Figure Asia-Pacific Roofing Torch MMarket Concentration, in 2020
9.                Figure South America Roofing Torch Market Concentration, in 2020
10.                Figure Middle East & Africa Roofing Torch Market Concentration, in 2020
11.                Figure Roofing Torch Demand in Industrial & Construction, 2016-2020, in USD Million
12.                Figure Roofing Torch Demand in Industrial & Construction, 2016-2020, in Volume
13.                Figure Roofing Torch Demand in Farm, 2016-2020, in USD Million
14.                Figure Roofing Torch Demand in Farm, 2016-2020, in Volume
15.                Figure Roofing Torch Demand in Road Service, 2016-2020, in USD Million
16.                Figure Roofing Torch Demand in Road Service, 2016-2020, in Volume
17.                Figure Roofing Torch Demand in Home Use, 2016-2020, in USD Million
18.                Figure Roofing Torch Demand in Home Use, 2016-2020, in Volume
19.                Figure Roofing Torch Demand in Others, 2016-2020, in USD Million
20.                Figure Roofing Torch Demand in Others, 2016-2020, in Volume
21.                Figure Roofing Torch Market Growth 2021-2026, by Application, in USD Million
22.                Figure Roofing Torch Market Share in 2026, by Application, in USD Million
23.                Figure North America Roofing Torch Market Size and Growth 2016-2020, in USD Million
24.                Figure North America Roofing Torch Market Size and Growth 2016-2020, in Volume
25.                Figure Europe Roofing Torch Market Size and Growth 2016-2020, in USD Million
26.                Figure Europe Roofing Torch Market Size and Growth 2016-2020, in Volume
27.                Figure Asia-Pacific Roofing Torch Market Size and Growth 2016-2020, in USD Million
28.                Figure Asia-Pacific Roofing Torch Market Size and Growth 2016-2020, in Volume
29.                Figure South America Roofing Torch Market Size and Growth 2016-2020, in USD Million
30.                Figure South America Roofing Torch Market Size and Growth 2016-2020, in Volume
31.                Figure Middle East & Africa Roofing Torch Market Size and Growth 2016-2020, in USD Million
32.                Figure Middle East & Africa Roofing Torch Market Size and Growth 2016-2020, in Volume
33.                Figure Marketing Channels Overview","$2,980 ","$5,960 ","$5,960 ",99SGL298Mac20210200024801
7-Apr-21,"Life & Medical","Global Rhinovirus Infections Drug Market Analysis 2016-2020 and Forecast 2021-2026","Snapshot
The global Rhinovirus Infections Drug market size is estimated at xxx million USD with a CAGR xx% from 2016-2020 and is expected to reach xxx Million USD in 2021 with a CAGR xx% from 2021 to 2026. The report begins from overview of Industry Chain structure, and describes industry environment, then analyses market size and forecast of Rhinovirus Infections Drug by product, region and application, in addition, this report introduces market competition situation among the vendors and company profile, besides, market price analysis and value chain features are covered in this report.
Product Type Coverage (Market Size & Forecast, Major Company of Product Type etc.):
        Cetylpyridinium Chloride
        Human Rhinovirus (polyvalent) Vaccine
        KR-22809
        Others
Company Coverage (Company Profile, Sales Revenue, Price, Gross Margin, Main Products etc.):
        AIMM Therapeutics B.V.
        Biological Mimetics, Inc.
        Biota Pharmaceuticals, Inc.
        Boehringer Ingelheim GmbH
        Johnson & Johnson
        Novartis AG
        Theraclone Sciences, Inc
Application Coverage (Market Size & Forecast, Different Demand Market by Region, Main Consumer Profile etc.):
        Clinic
        Hospital
        Others
Region Coverage (Regional Production, Demand & Forecast by Countries etc.):
        North America (U.S., Canada, Mexico)
        Europe (Germany, U.K., France, Italy, Russia, Spain etc.)
        Asia-Pacific (China, India, Japan, Southeast Asia etc.)
        South America (Brazil, Argentina etc.)
        Middle East & Africa (Saudi Arabia, South Africa etc.)",88,"Table of Contents
1 Industry Overview
    1.1 Rhinovirus Infections Drug Industry
                Figure Rhinovirus Infections Drug Industry Chain Structure
        1.1.1 Overview
        1.1.2 Development of Rhinovirus Infections Drug
    1.2 Market Segment
        1.2.1 Upstream
                Table Upstream Segment of Rhinovirus Infections Drug
        1.2.2 Downstream
                Table Application Segment of Rhinovirus Infections Drug
                Table Global Rhinovirus Infections Drug Market 2016-2026, by Application, in USD Million
        1.2.3 COVID-19 Impact
    1.3 Cost Analysis
2 Industry Environment (PEST Analysis)
    2.1 Policy
    2.2 Economics
    2.3 Sociology
    2.4 Technology
3 Rhinovirus Infections Drug Market by Type
    3.1 By Type
        3.1.1 Cetylpyridinium Chloride
                Table Major Company List of Cetylpyridinium Chloride
        3.1.2 Human Rhinovirus (polyvalent) Vaccine
                Table Major Company List of Human Rhinovirus (polyvalent) Vaccine
        3.1.3 KR-22809
                Table Major Company List of KR-22809
        3.1.4 Others
                Table Major Company List of Others
    3.2 Market Size
                Table Global Rhinovirus Infections Drug Market 2016-2020, by Type, in USD Million
                Figure Global Rhinovirus Infections Drug Market Growth 2016-2020, by Type, in USD Million
                Table Global Rhinovirus Infections Drug Market 2016-2020, by Type, in Volume
                Figure Global Rhinovirus Infections Drug Market Growth 2016-2020, by Type, in Volume
    3.3 Market Forecast
                Table Global Rhinovirus Infections Drug Market Forecast 2021-2026, by Type, in USD Million
                Table Global Rhinovirus Infections Drug Market Forecast 2021-2026, by Type, in Volume
4 Major Companies List
    4.1 AIMM Therapeutics B.V. (Company Profile, Sales Data etc.)
        4.1.1 AIMM Therapeutics B.V. Profile
                Table AIMM Therapeutics B.V. Overview List
        4.1.2 AIMM Therapeutics B.V. Products & Services
        4.1.3 AIMM Therapeutics B.V. Business Operation Conditions
                Table Business Operation of AIMM Therapeutics B.V. (Sales Revenue, Sales Volume, Price, Cost, Gross Margin)
    4.2 Biological Mimetics, Inc. (Company Profile, Sales Data etc.)
        4.2.1 Biological Mimetics, Inc. Profile
                Table Biological Mimetics, Inc. Overview List
        4.2.2 Biological Mimetics, Inc. Products & Services
        4.2.3 Biological Mimetics, Inc. Business Operation Conditions
                Table Business Operation of Biological Mimetics, Inc. (Sales Revenue, Sales Volume, Price, Cost, Gross Margin)
    4.3 Biota Pharmaceuticals, Inc. (Company Profile, Sales Data etc.)
        4.3.1 Biota Pharmaceuticals, Inc. Profile
                Table Biota Pharmaceuticals, Inc. Overview List
        4.3.2 Biota Pharmaceuticals, Inc. Products & Services
        4.3.3 Biota Pharmaceuticals, Inc. Business Operation Conditions
                Table Business Operation of Biota Pharmaceuticals, Inc. (Sales Revenue, Sales Volume, Price, Cost, Gross Margin)
    4.4 Boehringer Ingelheim GmbH (Company Profile, Sales Data etc.)
        4.4.1 Boehringer Ingelheim GmbH Profile
                Table Boehringer Ingelheim GmbH Overview List
        4.4.2 Boehringer Ingelheim GmbH Products & Services
        4.4.3 Boehringer Ingelheim GmbH Business Operation Conditions
                Table Business Operation of Boehringer Ingelheim GmbH (Sales Revenue, Sales Volume, Price, Cost, Gross Margin)
    4.5 Johnson & Johnson (Company Profile, Sales Data etc.)
        4.5.1 Johnson & Johnson Profile
                Table Johnson & Johnson Overview List
        4.5.2 Johnson & Johnson Products & Services
        4.5.3 Johnson & Johnson Business Operation Conditions
                Table Business Operation of Johnson & Johnson (Sales Revenue, Sales Volume, Price, Cost, Gross Margin)
    4.6 Novartis AG (Company Profile, Sales Data etc.)
        4.6.1 Novartis AG Profile
                Table Novartis AG Overview List
        4.6.2 Novartis AG Products & Services
        4.6.3 Novartis AG Business Operation Conditions
                Table Business Operation of Novartis AG (Sales Revenue, Sales Volume, Price, Cost, Gross Margin)
    4.7 Theraclone Sciences, Inc (Company Profile, Sales Data etc.)
        4.7.1 Theraclone Sciences, Inc Profile
                Table Theraclone Sciences, Inc Overview List
        4.7.2 Theraclone Sciences, Inc Products & Services
        4.7.3 Theraclone Sciences, Inc Business Operation Conditions
                Table Business Operation of Theraclone Sciences, Inc (Sales Revenue, Sales Volume, Price, Cost, Gross Margin)
5 Market Competition
    5.1 Company Competition
                Table Global Rhinovirus Infections Drug Sales Revenue 2016-2020, by Company, in USD Million
                Table Global Rhinovirus Infections Drug Sales Revenue Share 2016-2020, by Company, in USD Million
                Figure Global Rhinovirus Infections Drug Sales Revenue Share in 2020, by Company, in USD Million
                Table Global Rhinovirus Infections Drug Sales Volume 2016-2020, by Company, in Volume
                Table Global Rhinovirus Infections Drug Sales Volume Share 2016-2020, by Company, in Volume
                Figure Global Rhinovirus Infections Drug Sales Volume Share in 2020, by Company, in Volume
    5.2 Regional Market by Company
                Figure North America Rhinovirus Infections Drug Market Concentration, in 2020
                Figure Europe Rhinovirus Infections Drug Market Market Concentration, in 2020
                Figure Asia-Pacific Rhinovirus Infections Drug MMarket Concentration, in 2020
                Figure South America Rhinovirus Infections Drug Market Concentration, in 2020
                Figure Middle East & Africa Rhinovirus Infections Drug Market Concentration, in 2020
6 Demand by End Market
    6.1 Demand Situation
        6.1.1 Demand in Clinic
                Figure Rhinovirus Infections Drug Demand in Clinic, 2016-2020, in USD Million
                Figure Rhinovirus Infections Drug Demand in Clinic, 2016-2020, in Volume
        6.1.2 Demand in Hospital
                Figure Rhinovirus Infections Drug Demand in Hospital, 2016-2020, in USD Million
                Figure Rhinovirus Infections Drug Demand in Hospital, 2016-2020, in Volume
        6.1.3 Demand in Others
                Figure Rhinovirus Infections Drug Demand in Others, 2016-2020, in USD Million
                Figure Rhinovirus Infections Drug Demand in Others, 2016-2020, in Volume
    6.2 Regional Demand Comparison
                Table Regional Demand Comparison List
                Table Major Application in Different Regions
    6.3 Demand Forecast
                Table Rhinovirus Infections Drug Demand Forecast 2021-2026, by Application, in USD Million
                Figure Rhinovirus Infections Drug Market Growth 2021-2026, by Application, in USD Million
                Figure Rhinovirus Infections Drug Market Share in 2026, by Application, in USD Million
                Table Rhinovirus Infections Drug Demand Forecast 2021-2026, by Application, in Volume
                Table Rhinovirus Infections Drug Market Growth 2021-2026, by Application, in Volume
                Table Rhinovirus Infections Drug Market Share in 2026, by Application, in Volume
    6.4 Impact of the COVID-19 on the Demand
7 Region Operation
    7.1 Regional Production
                Table Rhinovirus Infections Drug Production 2016-2020, by Region, in USD Million
                Table Rhinovirus Infections Drug Production 2016-2020, by Region, in Volume
    7.2 Regional Market
                Table Global Rhinovirus Infections Drug Market 2016-2020, by Region, in USD Million
                Table Global Rhinovirus Infections Drug Market Share 2016-2020, by Region, in USD Million
                Table Global Rhinovirus Infections Drug Market 2016-2020, by Region, in Volume
                Table Global Rhinovirus Infections Drug Market Share 2016-2020, by Region, in Volume
    7.3 by Region
        7.3.1 North America
            7.3.1.1 Overview
                Figure North America Rhinovirus Infections Drug Market Size and Growth 2016-2020, in USD Million
                Figure North America Rhinovirus Infections Drug Market Size and Growth 2016-2020, in Volume
            7.3.1.2 by Country (U.S., Canada, Mexico)
                Table North America Rhinovirus Infections Drug Market Size 2016-2020, by Country, in USD Million
                Table North America Rhinovirus Infections Drug Market Size 2016-2020, by Country, in Volume
        7.3.2 Europe
            7.3.2.1 Overview
                Figure Europe Rhinovirus Infections Drug Market Size and Growth 2016-2020, in USD Million
                Figure Europe Rhinovirus Infections Drug Market Size and Growth 2016-2020, in Volume
            7.3.2.2 by Country (Germany, U.K., France, Italy, Russia, Spain etc.)
                Table Europe Rhinovirus Infections Drug Market Size 2016-2020, by Country, in USD Million
                Table Europe Rhinovirus Infections Drug Market Size 2016-2020, by Country, in Volume
        7.3.3 Asia-Pacific
            7.3.3.1 Overview
                Figure Asia-Pacific Rhinovirus Infections Drug Market Size and Growth 2016-2020, in USD Million
                Figure Asia-Pacific Rhinovirus Infections Drug Market Size and Growth 2016-2020, in Volume
            7.3.3.2 by Country (China, India, Japan, Southeast Asia etc.)
                Table Asia-Pacific Rhinovirus Infections Drug Market Size 2016-2020, by Country, in USD Million
                Table Asia-Pacific Rhinovirus Infections Drug Market Size 2016-2020, by Country, in Volume
        7.3.4 South America
            7.3.4.1 Overview
                Figure South America Rhinovirus Infections Drug Market Size and Growth 2016-2020, in USD Million
                Figure South America Rhinovirus Infections Drug Market Size and Growth 2016-2020, in Volume
            7.3.4.2 by Country (Brazil, Argentina etc.)
                Table South America Rhinovirus Infections Drug Market Size 2016-2020, by Country, in USD Million
                Table South America Rhinovirus Infections Drug Market Size 2016-2020, by Country, in Volume
        7.3.5 Middle East & Africa
            7.3.5.1 Overview
                Figure Middle East & Africa Rhinovirus Infections Drug Market Size and Growth 2016-2020, in USD Million
                Figure Middle East & Africa Rhinovirus Infections Drug Market Size and Growth 2016-2020, in Volume
            7.3.5.2 by Country (Saudi Arabia, South Africa etc.)
                Table Middle East & Africa Rhinovirus Infections Drug Market Size 2016-2020, by Country, in USD Million
                Table Middle East & Africa Rhinovirus Infections Drug Market Size 2016-2020, by Country, in Volume
    7.4 Regional Import & Export
    7.5 Regional Forecast
                Table Rhinovirus Infections Drug Market Forecast 2021-2026, by Region, in USD Million
                Table Rhinovirus Infections Drug Market Forecast 2021-2026, by Region, in Volume
8 Marketing & Price
    8.1 Price and Margin
        8.1.1 Price Trends
        8.1.2 Factors of Price Change
                Table Price Factors List
        8.1.3 Manufacturers Gross Margin Analysis
    8.2 Marketing Channel
                Figure Marketing Channels Overview
9 Research Conclusion","List of Table
1.                Table Upstream Segment of Rhinovirus Infections Drug
2.                Table Application Segment of Rhinovirus Infections Drug
3.                Table Global Rhinovirus Infections Drug Market 2016-2026, by Application, in USD Million
4.                Table Major Company List of Human Rhinovirus (polyvalent) Vaccine
5.                Table Major Company List of KR-22809
6.                Table Major Company List of Others
7.                Table Global Rhinovirus Infections Drug Market 2016-2020, by Type, in USD Million
8.                Table Global Rhinovirus Infections Drug Market 2016-2020, by Type, in Volume
9.                Table Global Rhinovirus Infections Drug Market Forecast 2021-2026, by Type, in USD Million
10.                Table Global Rhinovirus Infections Drug Market Forecast 2021-2026, by Type, in Volume
11.                Table AIMM Therapeutics B.V. Overview List
12.                Table Business Operation of AIMM Therapeutics B.V. (Sales Revenue, Sales Volume, Price, Cost, Gross Margin)
13.                Table Biological Mimetics, Inc. Overview List
14.                Table Business Operation of Biological Mimetics, Inc. (Sales Revenue, Sales Volume, Price, Cost, Gross Margin)
15.                Table Biota Pharmaceuticals, Inc. Overview List
16.                Table Business Operation of Biota Pharmaceuticals, Inc. (Sales Revenue, Sales Volume, Price, Cost, Gross Margin)
17.                Table Boehringer Ingelheim GmbH Overview List
18.                Table Business Operation of Boehringer Ingelheim GmbH (Sales Revenue, Sales Volume, Price, Cost, Gross Margin)
19.                Table Johnson & Johnson Overview List
20.                Table Business Operation of Johnson & Johnson (Sales Revenue, Sales Volume, Price, Cost, Gross Margin)
21.                Table Novartis AG Overview List
22.                Table Business Operation of Novartis AG (Sales Revenue, Sales Volume, Price, Cost, Gross Margin)
23.                Table Theraclone Sciences, Inc Overview List
24.                Table Business Operation of Theraclone Sciences, Inc (Sales Revenue, Sales Volume, Price, Cost, Gross Margin)
25.                Table Global Rhinovirus Infections Drug Sales Revenue 2016-2020, by Company, in USD Million
26.                Table Global Rhinovirus Infections Drug Sales Revenue Share 2016-2020, by Company, in USD Million
27.                Table Global Rhinovirus Infections Drug Sales Volume 2016-2020, by Company, in Volume
28.                Table Global Rhinovirus Infections Drug Sales Volume Share 2016-2020, by Company, in Volume
29.                Table Regional Demand Comparison List
30.                Table Major Application in Different Regions
31.                Table Rhinovirus Infections Drug Demand Forecast 2021-2026, by Application, in USD Million
32.                Table Rhinovirus Infections Drug Demand Forecast 2021-2026, by Application, in Volume
33.                Table Rhinovirus Infections Drug Market Growth 2021-2026, by Application, in Volume
34.                Table Rhinovirus Infections Drug Market Share in 2026, by Application, in Volume
35.                Table Rhinovirus Infections Drug Production 2016-2020, by Region, in USD Million
36.                Table Rhinovirus Infections Drug Production 2016-2020, by Region, in Volume
37.                Table Global Rhinovirus Infections Drug Market 2016-2020, by Region, in USD Million
38.                Table Global Rhinovirus Infections Drug Market Share 2016-2020, by Region, in USD Million
39.                Table Global Rhinovirus Infections Drug Market 2016-2020, by Region, in Volume
40.                Table Global Rhinovirus Infections Drug Market Share 2016-2020, by Region, in Volume
41.                Table North America Rhinovirus Infections Drug Market Size 2016-2020, by Country, in USD Million
42.                Table North America Rhinovirus Infections Drug Market Size 2016-2020, by Country, in Volume
43.                Table Europe Rhinovirus Infections Drug Market Size 2016-2020, by Country, in USD Million
44.                Table Europe Rhinovirus Infections Drug Market Size 2016-2020, by Country, in Volume
45.                Table Asia-Pacific Rhinovirus Infections Drug Market Size 2016-2020, by Country, in USD Million
46.                Table Asia-Pacific Rhinovirus Infections Drug Market Size 2016-2020, by Country, in Volume
47.                Table South America Rhinovirus Infections Drug Market Size 2016-2020, by Country, in USD Million
48.                Table South America Rhinovirus Infections Drug Market Size 2016-2020, by Country, in Volume
49.                Table Middle East & Africa Rhinovirus Infections Drug Market Size 2016-2020, by Country, in USD Million
50.                Table Middle East & Africa Rhinovirus Infections Drug Market Size 2016-2020, by Country, in Volume
51.                Table Rhinovirus Infections Drug Market Forecast 2021-2026, by Region, in USD Million
52.                Table Rhinovirus Infections Drug Market Forecast 2021-2026, by Region, in Volume
53.                Table Price Factors List","List of Figure
1.                Figure Rhinovirus Infections Drug Industry Chain Structure
2.                Figure Global Rhinovirus Infections Drug Market Growth 2016-2020, by Type, in USD Million
3.                Figure Global Rhinovirus Infections Drug Market Growth 2016-2020, by Type, in Volume
4.                Figure Global Rhinovirus Infections Drug Sales Revenue Share in 2020, by Company, in USD Million
5.                Figure Global Rhinovirus Infections Drug Sales Volume Share in 2020, by Company, in Volume
6.                Figure North America Rhinovirus Infections Drug Market Concentration, in 2020
7.                Figure Europe Rhinovirus Infections Drug Market Market Concentration, in 2020
8.                Figure Asia-Pacific Rhinovirus Infections Drug MMarket Concentration, in 2020
9.                Figure South America Rhinovirus Infections Drug Market Concentration, in 2020
10.                Figure Middle East & Africa Rhinovirus Infections Drug Market Concentration, in 2020
11.                Figure Rhinovirus Infections Drug Demand in Clinic, 2016-2020, in USD Million
12.                Figure Rhinovirus Infections Drug Demand in Clinic, 2016-2020, in Volume
13.                Figure Rhinovirus Infections Drug Demand in Hospital, 2016-2020, in USD Million
14.                Figure Rhinovirus Infections Drug Demand in Hospital, 2016-2020, in Volume
15.                Figure Rhinovirus Infections Drug Demand in Others, 2016-2020, in USD Million
16.                Figure Rhinovirus Infections Drug Demand in Others, 2016-2020, in Volume
17.                Figure Rhinovirus Infections Drug Market Growth 2021-2026, by Application, in USD Million
18.                Figure Rhinovirus Infections Drug Market Share in 2026, by Application, in USD Million
19.                Figure North America Rhinovirus Infections Drug Market Size and Growth 2016-2020, in USD Million
20.                Figure North America Rhinovirus Infections Drug Market Size and Growth 2016-2020, in Volume
21.                Figure Europe Rhinovirus Infections Drug Market Size and Growth 2016-2020, in USD Million
22.                Figure Europe Rhinovirus Infections Drug Market Size and Growth 2016-2020, in Volume
23.                Figure Asia-Pacific Rhinovirus Infections Drug Market Size and Growth 2016-2020, in USD Million
24.                Figure Asia-Pacific Rhinovirus Infections Drug Market Size and Growth 2016-2020, in Volume
25.                Figure South America Rhinovirus Infections Drug Market Size and Growth 2016-2020, in USD Million
26.                Figure South America Rhinovirus Infections Drug Market Size and Growth 2016-2020, in Volume
27.                Figure Middle East & Africa Rhinovirus Infections Drug Market Size and Growth 2016-2020, in USD Million
28.                Figure Middle East & Africa Rhinovirus Infections Drug Market Size and Growth 2016-2020, in Volume
29.                Figure Marketing Channels Overview","$2,980 ","$5,960 ","$5,960 ",99SGL298Lif20210200024802
7-Apr-21,"Life & Medical","Global Respiratory Trainers Market Analysis 2016-2020 and Forecast 2021-2026","Snapshot
The global Respiratory Trainers market size is estimated at xxx million USD with a CAGR xx% from 2016-2020 and is expected to reach xxx Million USD in 2021 with a CAGR xx% from 2021 to 2026. The report begins from overview of Industry Chain structure, and describes industry environment, then analyses market size and forecast of Respiratory Trainers by product, region and application, in addition, this report introduces market competition situation among the vendors and company profile, besides, market price analysis and value chain features are covered in this report.
Product Type Coverage (Market Size & Forecast, Major Company of Product Type etc.):
        Ultrabreathe Respiratory Trainers
        Powerbreathe Respiratory Trainers
        PowerLung Respiratory Trainers
        Expand-A-Lung Respiratory Trainers
Company Coverage (Company Profile, Sales Revenue, Price, Gross Margin, Main Products etc.):
        PowerBreathe
        CordiO2
        Breathslim
        IngMar Medical
        Michigan Instruments
        Rescue Critters
        LungTek Ltd
Application Coverage (Market Size & Forecast, Different Demand Market by Region, Main Consumer Profile etc.):
        Children
        Adults
Region Coverage (Regional Production, Demand & Forecast by Countries etc.):
        North America (U.S., Canada, Mexico)
        Europe (Germany, U.K., France, Italy, Russia, Spain etc.)
        Asia-Pacific (China, India, Japan, Southeast Asia etc.)
        South America (Brazil, Argentina etc.)
        Middle East & Africa (Saudi Arabia, South Africa etc.)",91,"Table of Contents
1 Industry Overview
    1.1 Respiratory Trainers Industry
                Figure Respiratory Trainers Industry Chain Structure
        1.1.1 Overview
        1.1.2 Development of Respiratory Trainers
    1.2 Market Segment
        1.2.1 Upstream
                Table Upstream Segment of Respiratory Trainers
        1.2.2 Downstream
                Table Application Segment of Respiratory Trainers
                Table Global Respiratory Trainers Market 2016-2026, by Application, in USD Million
        1.2.3 COVID-19 Impact
    1.3 Cost Analysis
2 Industry Environment (PEST Analysis)
    2.1 Policy
    2.2 Economics
    2.3 Sociology
    2.4 Technology
3 Respiratory Trainers Market by Type
    3.1 By Type
        3.1.1 Ultrabreathe Respiratory Trainers
                Table Major Company List of Ultrabreathe Respiratory Trainers
        3.1.2 Powerbreathe Respiratory Trainers
                Table Major Company List of Powerbreathe Respiratory Trainers
        3.1.3 PowerLung Respiratory Trainers
                Table Major Company List of PowerLung Respiratory Trainers
        3.1.4 Expand-A-Lung Respiratory Trainers
                Table Major Company List of Expand-A-Lung Respiratory Trainers
    3.2 Market Size
                Table Global Respiratory Trainers Market 2016-2020, by Type, in USD Million
                Figure Global Respiratory Trainers Market Growth 2016-2020, by Type, in USD Million
                Table Global Respiratory Trainers Market 2016-2020, by Type, in Volume
                Figure Global Respiratory Trainers Market Growth 2016-2020, by Type, in Volume
    3.3 Market Forecast
                Table Global Respiratory Trainers Market Forecast 2021-2026, by Type, in USD Million
                Table Global Respiratory Trainers Market Forecast 2021-2026, by Type, in Volume
4 Major Companies List
    4.1 PowerBreathe (Company Profile, Sales Data etc.)
        4.1.1 PowerBreathe Profile
                Table PowerBreathe Overview List
        4.1.2 PowerBreathe Products & Services
        4.1.3 PowerBreathe Business Operation Conditions
                Table Business Operation of PowerBreathe (Sales Revenue, Sales Volume, Price, Cost, Gross Margin)
    4.2 CordiO2 (Company Profile, Sales Data etc.)
        4.2.1 CordiO2 Profile
                Table CordiO2 Overview List
        4.2.2 CordiO2 Products & Services
        4.2.3 CordiO2 Business Operation Conditions
                Table Business Operation of CordiO2 (Sales Revenue, Sales Volume, Price, Cost, Gross Margin)
    4.3 Breathslim (Company Profile, Sales Data etc.)
        4.3.1 Breathslim Profile
                Table Breathslim Overview List
        4.3.2 Breathslim Products & Services
        4.3.3 Breathslim Business Operation Conditions
                Table Business Operation of Breathslim (Sales Revenue, Sales Volume, Price, Cost, Gross Margin)
    4.4 IngMar Medical (Company Profile, Sales Data etc.)
        4.4.1 IngMar Medical Profile
                Table IngMar Medical Overview List
        4.4.2 IngMar Medical Products & Services
        4.4.3 IngMar Medical Business Operation Conditions
                Table Business Operation of IngMar Medical (Sales Revenue, Sales Volume, Price, Cost, Gross Margin)
    4.5 Michigan Instruments (Company Profile, Sales Data etc.)
        4.5.1 Michigan Instruments Profile
                Table Michigan Instruments Overview List
        4.5.2 Michigan Instruments Products & Services
        4.5.3 Michigan Instruments Business Operation Conditions
                Table Business Operation of Michigan Instruments (Sales Revenue, Sales Volume, Price, Cost, Gross Margin)
    4.6 Rescue Critters (Company Profile, Sales Data etc.)
        4.6.1 Rescue Critters Profile
                Table Rescue Critters Overview List
        4.6.2 Rescue Critters Products & Services
        4.6.3 Rescue Critters Business Operation Conditions
                Table Business Operation of Rescue Critters (Sales Revenue, Sales Volume, Price, Cost, Gross Margin)
    4.7 LungTek Ltd (Company Profile, Sales Data etc.)
        4.7.1 LungTek Ltd Profile
                Table LungTek Ltd Overview List
        4.7.2 LungTek Ltd Products & Services
        4.7.3 LungTek Ltd Business Operation Conditions
                Table Business Operation of LungTek Ltd (Sales Revenue, Sales Volume, Price, Cost, Gross Margin)
5 Market Competition
    5.1 Company Competition
                Table Global Respiratory Trainers Sales Revenue 2016-2020, by Company, in USD Million
                Table Global Respiratory Trainers Sales Revenue Share 2016-2020, by Company, in USD Million
                Figure Global Respiratory Trainers Sales Revenue Share in 2020, by Company, in USD Million
                Table Global Respiratory Trainers Sales Volume 2016-2020, by Company, in Volume
                Table Global Respiratory Trainers Sales Volume Share 2016-2020, by Company, in Volume
                Figure Global Respiratory Trainers Sales Volume Share in 2020, by Company, in Volume
    5.2 Regional Market by Company
                Figure North America Respiratory Trainers Market Concentration, in 2020
                Figure Europe Respiratory Trainers Market Market Concentration, in 2020
                Figure Asia-Pacific Respiratory Trainers MMarket Concentration, in 2020
                Figure South America Respiratory Trainers Market Concentration, in 2020
                Figure Middle East & Africa Respiratory Trainers Market Concentration, in 2020
6 Demand by End Market
    6.1 Demand Situation
        6.1.1 Demand in Children
                Figure Respiratory Trainers Demand in Children, 2016-2020, in USD Million
                Figure Respiratory Trainers Demand in Children, 2016-2020, in Volume
        6.1.2 Demand in Adults
                Figure Respiratory Trainers Demand in Adults, 2016-2020, in USD Million
                Figure Respiratory Trainers Demand in Adults, 2016-2020, in Volume
    6.2 Regional Demand Comparison
                Table Regional Demand Comparison List
                Table Major Application in Different Regions
    6.3 Demand Forecast
                Table Respiratory Trainers Demand Forecast 2021-2026, by Application, in USD Million
                Figure Respiratory Trainers Market Growth 2021-2026, by Application, in USD Million
                Figure Respiratory Trainers Market Share in 2026, by Application, in USD Million
                Table Respiratory Trainers Demand Forecast 2021-2026, by Application, in Volume
                Table Respiratory Trainers Market Growth 2021-2026, by Application, in Volume
                Table Respiratory Trainers Market Share in 2026, by Application, in Volume
    6.4 Impact of the COVID-19 on the Demand
7 Region Operation
    7.1 Regional Production
                Table Respiratory Trainers Production 2016-2020, by Region, in USD Million
                Table Respiratory Trainers Production 2016-2020, by Region, in Volume
    7.2 Regional Market
                Table Global Respiratory Trainers Market 2016-2020, by Region, in USD Million
                Table Global Respiratory Trainers Market Share 2016-2020, by Region, in USD Million
                Table Global Respiratory Trainers Market 2016-2020, by Region, in Volume
                Table Global Respiratory Trainers Market Share 2016-2020, by Region, in Volume
    7.3 by Region
        7.3.1 North America
            7.3.1.1 Overview
                Figure North America Respiratory Trainers Market Size and Growth 2016-2020, in USD Million
                Figure North America Respiratory Trainers Market Size and Growth 2016-2020, in Volume
            7.3.1.2 by Country (U.S., Canada, Mexico)
                Table North America Respiratory Trainers Market Size 2016-2020, by Country, in USD Million
                Table North America Respiratory Trainers Market Size 2016-2020, by Country, in Volume
        7.3.2 Europe
            7.3.2.1 Overview
                Figure Europe Respiratory Trainers Market Size and Growth 2016-2020, in USD Million
                Figure Europe Respiratory Trainers Market Size and Growth 2016-2020, in Volume
            7.3.2.2 by Country (Germany, U.K., France, Italy, Russia, Spain etc.)
                Table Europe Respiratory Trainers Market Size 2016-2020, by Country, in USD Million
                Table Europe Respiratory Trainers Market Size 2016-2020, by Country, in Volume
        7.3.3 Asia-Pacific
            7.3.3.1 Overview
                Figure Asia-Pacific Respiratory Trainers Market Size and Growth 2016-2020, in USD Million
                Figure Asia-Pacific Respiratory Trainers Market Size and Growth 2016-2020, in Volume
            7.3.3.2 by Country (China, India, Japan, Southeast Asia etc.)
                Table Asia-Pacific Respiratory Trainers Market Size 2016-2020, by Country, in USD Million
                Table Asia-Pacific Respiratory Trainers Market Size 2016-2020, by Country, in Volume
        7.3.4 South America
            7.3.4.1 Overview
                Figure South America Respiratory Trainers Market Size and Growth 2016-2020, in USD Million
                Figure South America Respiratory Trainers Market Size and Growth 2016-2020, in Volume
            7.3.4.2 by Country (Brazil, Argentina etc.)
                Table South America Respiratory Trainers Market Size 2016-2020, by Country, in USD Million
                Table South America Respiratory Trainers Market Size 2016-2020, by Country, in Volume
        7.3.5 Middle East & Africa
            7.3.5.1 Overview
                Figure Middle East & Africa Respiratory Trainers Market Size and Growth 2016-2020, in USD Million
                Figure Middle East & Africa Respiratory Trainers Market Size and Growth 2016-2020, in Volume
            7.3.5.2 by Country (Saudi Arabia, South Africa etc.)
                Table Middle East & Africa Respiratory Trainers Market Size 2016-2020, by Country, in USD Million
                Table Middle East & Africa Respiratory Trainers Market Size 2016-2020, by Country, in Volume
    7.4 Regional Import & Export
    7.5 Regional Forecast
                Table Respiratory Trainers Market Forecast 2021-2026, by Region, in USD Million
                Table Respiratory Trainers Market Forecast 2021-2026, by Region, in Volume
8 Marketing & Price
    8.1 Price and Margin
        8.1.1 Price Trends
        8.1.2 Factors of Price Change
                Table Price Factors List
        8.1.3 Manufacturers Gross Margin Analysis
    8.2 Marketing Channel
                Figure Marketing Channels Overview
9 Research Conclusion","List of Table
1.                Table Upstream Segment of Respiratory Trainers
2.                Table Application Segment of Respiratory Trainers
3.                Table Global Respiratory Trainers Market 2016-2026, by Application, in USD Million
4.                Table Major Company List of Powerbreathe Respiratory Trainers
5.                Table Major Company List of PowerLung Respiratory Trainers
6.                Table Major Company List of Expand-A-Lung Respiratory Trainers
7.                Table Global Respiratory Trainers Market 2016-2020, by Type, in USD Million
8.                Table Global Respiratory Trainers Market 2016-2020, by Type, in Volume
9.                Table Global Respiratory Trainers Market Forecast 2021-2026, by Type, in USD Million
10.                Table Global Respiratory Trainers Market Forecast 2021-2026, by Type, in Volume
11.                Table PowerBreathe Overview List
12.                Table Business Operation of PowerBreathe (Sales Revenue, Sales Volume, Price, Cost, Gross Margin)
13.                Table CordiO2 Overview List
14.                Table Business Operation of CordiO2 (Sales Revenue, Sales Volume, Price, Cost, Gross Margin)
15.                Table Breathslim Overview List
16.                Table Business Operation of Breathslim (Sales Revenue, Sales Volume, Price, Cost, Gross Margin)
17.                Table IngMar Medical Overview List
18.                Table Business Operation of IngMar Medical (Sales Revenue, Sales Volume, Price, Cost, Gross Margin)
19.                Table Michigan Instruments Overview List
20.                Table Business Operation of Michigan Instruments (Sales Revenue, Sales Volume, Price, Cost, Gross Margin)
21.                Table Rescue Critters Overview List
22.                Table Business Operation of Rescue Critters (Sales Revenue, Sales Volume, Price, Cost, Gross Margin)
23.                Table LungTek Ltd Overview List
24.                Table Business Operation of LungTek Ltd (Sales Revenue, Sales Volume, Price, Cost, Gross Margin)
25.                Table Global Respiratory Trainers Sales Revenue 2016-2020, by Company, in USD Million
26.                Table Global Respiratory Trainers Sales Revenue Share 2016-2020, by Company, in USD Million
27.                Table Global Respiratory Trainers Sales Volume 2016-2020, by Company, in Volume
28.                Table Global Respiratory Trainers Sales Volume Share 2016-2020, by Company, in Volume
29.                Table Regional Demand Comparison List
30.                Table Major Application in Different Regions
31.                Table Respiratory Trainers Demand Forecast 2021-2026, by Application, in USD Million
32.                Table Respiratory Trainers Demand Forecast 2021-2026, by Application, in Volume
33.                Table Respiratory Trainers Market Growth 2021-2026, by Application, in Volume
34.                Table Respiratory Trainers Market Share in 2026, by Application, in Volume
35.                Table Respiratory Trainers Production 2016-2020, by Region, in USD Million
36.                Table Respiratory Trainers Production 2016-2020, by Region, in Volume
37.                Table Global Respiratory Trainers Market 2016-2020, by Region, in USD Million
38.                Table Global Respiratory Trainers Market Share 2016-2020, by Region, in USD Million
39.                Table Global Respiratory Trainers Market 2016-2020, by Region, in Volume
40.                Table Global Respiratory Trainers Market Share 2016-2020, by Region, in Volume
41.                Table North America Respiratory Trainers Market Size 2016-2020, by Country, in USD Million
42.                Table North America Respiratory Trainers Market Size 2016-2020, by Country, in Volume
43.                Table Europe Respiratory Trainers Market Size 2016-2020, by Country, in USD Million
44.                Table Europe Respiratory Trainers Market Size 2016-2020, by Country, in Volume
45.                Table Asia-Pacific Respiratory Trainers Market Size 2016-2020, by Country, in USD Million
46.                Table Asia-Pacific Respiratory Trainers Market Size 2016-2020, by Country, in Volume
47.                Table South America Respiratory Trainers Market Size 2016-2020, by Country, in USD Million
48.                Table South America Respiratory Trainers Market Size 2016-2020, by Country, in Volume
49.                Table Middle East & Africa Respiratory Trainers Market Size 2016-2020, by Country, in USD Million
50.                Table Middle East & Africa Respiratory Trainers Market Size 2016-2020, by Country, in Volume
51.                Table Respiratory Trainers Market Forecast 2021-2026, by Region, in USD Million
52.                Table Respiratory Trainers Market Forecast 2021-2026, by Region, in Volume
53.                Table Price Factors List","List of Figure
1.                Figure Respiratory Trainers Industry Chain Structure
2.                Figure Global Respiratory Trainers Market Growth 2016-2020, by Type, in USD Million
3.                Figure Global Respiratory Trainers Market Growth 2016-2020, by Type, in Volume
4.                Figure Global Respiratory Trainers Sales Revenue Share in 2020, by Company, in USD Million
5.                Figure Global Respiratory Trainers Sales Volume Share in 2020, by Company, in Volume
6.                Figure North America Respiratory Trainers Market Concentration, in 2020
7.                Figure Europe Respiratory Trainers Market Market Concentration, in 2020
8.                Figure Asia-Pacific Respiratory Trainers MMarket Concentration, in 2020
9.                Figure South America Respiratory Trainers Market Concentration, in 2020
10.                Figure Middle East & Africa Respiratory Trainers Market Concentration, in 2020
11.                Figure Respiratory Trainers Demand in Children, 2016-2020, in USD Million
12.                Figure Respiratory Trainers Demand in Children, 2016-2020, in Volume
13.                Figure Respiratory Trainers Demand in Adults, 2016-2020, in USD Million
14.                Figure Respiratory Trainers Demand in Adults, 2016-2020, in Volume
15.                Figure Respiratory Trainers Market Growth 2021-2026, by Application, in USD Million
16.                Figure Respiratory Trainers Market Share in 2026, by Application, in USD Million
17.                Figure North America Respiratory Trainers Market Size and Growth 2016-2020, in USD Million
18.                Figure North America Respiratory Trainers Market Size and Growth 2016-2020, in Volume
19.                Figure Europe Respiratory Trainers Market Size and Growth 2016-2020, in USD Million
20.                Figure Europe Respiratory Trainers Market Size and Growth 2016-2020, in Volume
21.                Figure Asia-Pacific Respiratory Trainers Market Size and Growth 2016-2020, in USD Million
22.                Figure Asia-Pacific Respiratory Trainers Market Size and Growth 2016-2020, in Volume
23.                Figure South America Respiratory Trainers Market Size and Growth 2016-2020, in USD Million
24.                Figure South America Respiratory Trainers Market Size and Growth 2016-2020, in Volume
25.                Figure Middle East & Africa Respiratory Trainers Market Size and Growth 2016-2020, in USD Million
26.                Figure Middle East & Africa Respiratory Trainers Market Size and Growth 2016-2020, in Volume
27.                Figure Marketing Channels Overview","$2,980 ","$5,960 ","$5,960 ",99SGL298Lif20210200024803
7-Apr-21,"Life & Medical","Global Regenerative Medicines Market Analysis 2016-2020 and Forecast 2021-2026","Snapshot
The global Regenerative Medicines market size is estimated at xxx million USD with a CAGR xx% from 2016-2020 and is expected to reach xxx Million USD in 2021 with a CAGR xx% from 2021 to 2026. The report begins from overview of Industry Chain structure, and describes industry environment, then analyses market size and forecast of Regenerative Medicines by product, region and application, in addition, this report introduces market competition situation among the vendors and company profile, besides, market price analysis and value chain features are covered in this report.
Product Type Coverage (Market Size & Forecast, Major Company of Product Type etc.):
        Cell Therapy
        Gene Therapy
        Tissue Engineering
        Small Molecules & Biologics
Company Coverage (Company Profile, Sales Revenue, Price, Gross Margin, Main Products etc.):
        Stryker Corporation
        Zimmer Biomet Holdings
        Medtronic
        Baxter International
        DePuy Synthes
        Organogenesis
        Integra Lifesciences Holdings Corporation
        Acelity Holdings
        Ocata Therapeutics
        CryoLife
Application Coverage (Market Size & Forecast, Different Demand Market by Region, Main Consumer Profile etc.):
        Cardiovascular
        Oncology
        Dermatology
        Musculoskeletal
        Wound Healing
        Ophthalmology
        Neurology
        Others
Region Coverage (Regional Production, Demand & Forecast by Countries etc.):
        North America (U.S., Canada, Mexico)
        Europe (Germany, U.K., France, Italy, Russia, Spain etc.)
        Asia-Pacific (China, India, Japan, Southeast Asia etc.)
        South America (Brazil, Argentina etc.)
        Middle East & Africa (Saudi Arabia, South Africa etc.)",94,"Table of Contents
1 Industry Overview
    1.1 Regenerative Medicines Industry
                Figure Regenerative Medicines Industry Chain Structure
        1.1.1 Overview
        1.1.2 Development of Regenerative Medicines
    1.2 Market Segment
        1.2.1 Upstream
                Table Upstream Segment of Regenerative Medicines
        1.2.2 Downstream
                Table Application Segment of Regenerative Medicines
                Table Global Regenerative Medicines Market 2016-2026, by Application, in USD Million
        1.2.3 COVID-19 Impact
    1.3 Cost Analysis
2 Industry Environment (PEST Analysis)
    2.1 Policy
    2.2 Economics
    2.3 Sociology
    2.4 Technology
3 Regenerative Medicines Market by Type
    3.1 By Type
        3.1.1 Cell Therapy
                Table Major Company List of Cell Therapy
        3.1.2 Gene Therapy
                Table Major Company List of Gene Therapy
        3.1.3 Tissue Engineering
                Table Major Company List of Tissue Engineering
        3.1.4 Small Molecules & Biologics
                Table Major Company List of Small Molecules & Biologics
    3.2 Market Size
                Table Global Regenerative Medicines Market 2016-2020, by Type, in USD Million
                Figure Global Regenerative Medicines Market Growth 2016-2020, by Type, in USD Million
                Table Global Regenerative Medicines Market 2016-2020, by Type, in Volume
                Figure Global Regenerative Medicines Market Growth 2016-2020, by Type, in Volume
    3.3 Market Forecast
                Table Global Regenerative Medicines Market Forecast 2021-2026, by Type, in USD Million
                Table Global Regenerative Medicines Market Forecast 2021-2026, by Type, in Volume
4 Major Companies List
    4.1 Stryker Corporation (Company Profile, Sales Data etc.)
        4.1.1 Stryker Corporation Profile
                Table Stryker Corporation Overview List
        4.1.2 Stryker Corporation Products & Services
        4.1.3 Stryker Corporation Business Operation Conditions
                Table Business Operation of Stryker Corporation (Sales Revenue, Sales Volume, Price, Cost, Gross Margin)
    4.2 Zimmer Biomet Holdings (Company Profile, Sales Data etc.)
        4.2.1 Zimmer Biomet Holdings Profile
                Table Zimmer Biomet Holdings Overview List
        4.2.2 Zimmer Biomet Holdings Products & Services
        4.2.3 Zimmer Biomet Holdings Business Operation Conditions
                Table Business Operation of Zimmer Biomet Holdings (Sales Revenue, Sales Volume, Price, Cost, Gross Margin)
    4.3 Medtronic (Company Profile, Sales Data etc.)
        4.3.1 Medtronic Profile
                Table Medtronic Overview List
        4.3.2 Medtronic Products & Services
        4.3.3 Medtronic Business Operation Conditions
                Table Business Operation of Medtronic (Sales Revenue, Sales Volume, Price, Cost, Gross Margin)
    4.4 Baxter International (Company Profile, Sales Data etc.)
        4.4.1 Baxter International Profile
                Table Baxter International Overview List
        4.4.2 Baxter International Products & Services
        4.4.3 Baxter International Business Operation Conditions
                Table Business Operation of Baxter International (Sales Revenue, Sales Volume, Price, Cost, Gross Margin)
    4.5 DePuy Synthes (Company Profile, Sales Data etc.)
        4.5.1 DePuy Synthes Profile
                Table DePuy Synthes Overview List
        4.5.2 DePuy Synthes Products & Services
        4.5.3 DePuy Synthes Business Operation Conditions
                Table Business Operation of DePuy Synthes (Sales Revenue, Sales Volume, Price, Cost, Gross Margin)
    4.6 Organogenesis (Company Profile, Sales Data etc.)
        4.6.1 Organogenesis Profile
                Table Organogenesis Overview List
        4.6.2 Organogenesis Products & Services
        4.6.3 Organogenesis Business Operation Conditions
                Table Business Operation of Organogenesis (Sales Revenue, Sales Volume, Price, Cost, Gross Margin)
    4.7 Integra Lifesciences Holdings Corporation (Company Profile, Sales Data etc.)
        4.7.1 Integra Lifesciences Holdings Corporation Profile
                Table Integra Lifesciences Holdings Corporation Overview List
        4.7.2 Integra Lifesciences Holdings Corporation Products & Services
        4.7.3 Integra Lifesciences Holdings Corporation Business Operation Conditions
                Table Business Operation of Integra Lifesciences Holdings Corporation (Sales Revenue, Sales Volume, Price, Cost, Gross Margin)
    4.8 Acelity Holdings (Company Profile, Sales Data etc.)
        4.8.1 Acelity Holdings Profile
                Table Acelity Holdings Overview List
        4.8.2 Acelity Holdings Products & Services
        4.8.3 Acelity Holdings Business Operation Conditions
                Table Business Operation of Acelity Holdings (Sales Revenue, Sales Volume, Price, Cost, Gross Margin)
    4.9 Ocata Therapeutics (Company Profile, Sales Data etc.)
        4.9.1 Ocata Therapeutics Profile
                Table Ocata Therapeutics Overview List
        4.9.2 Ocata Therapeutics Products & Services
        4.9.3 Ocata Therapeutics Business Operation Conditions
                Table Business Operation of Ocata Therapeutics (Sales Revenue, Sales Volume, Price, Cost, Gross Margin)
    4.10 CryoLife (Company Profile, Sales Data etc.)
        4.10.1 CryoLife Profile
                Table CryoLife Overview List
        4.10.2 CryoLife Products & Services
        4.10.3 CryoLife Business Operation Conditions
                Table Business Operation of CryoLife (Sales Revenue, Sales Volume, Price, Cost, Gross Margin)
5 Market Competition
    5.1 Company Competition
                Table Global Regenerative Medicines Sales Revenue 2016-2020, by Company, in USD Million
                Table Global Regenerative Medicines Sales Revenue Share 2016-2020, by Company, in USD Million
                Figure Global Regenerative Medicines Sales Revenue Share in 2020, by Company, in USD Million
                Table Global Regenerative Medicines Sales Volume 2016-2020, by Company, in Volume
                Table Global Regenerative Medicines Sales Volume Share 2016-2020, by Company, in Volume
                Figure Global Regenerative Medicines Sales Volume Share in 2020, by Company, in Volume
    5.2 Regional Market by Company
                Figure North America Regenerative Medicines Market Concentration, in 2020
                Figure Europe Regenerative Medicines Market Market Concentration, in 2020
                Figure Asia-Pacific Regenerative Medicines MMarket Concentration, in 2020
                Figure South America Regenerative Medicines Market Concentration, in 2020
                Figure Middle East & Africa Regenerative Medicines Market Concentration, in 2020
6 Demand by End Market
    6.1 Demand Situation
        6.1.1 Demand in Cardiovascular
                Figure Regenerative Medicines Demand in Cardiovascular, 2016-2020, in USD Million
                Figure Regenerative Medicines Demand in Cardiovascular, 2016-2020, in Volume
        6.1.2 Demand in Oncology
                Figure Regenerative Medicines Demand in Oncology, 2016-2020, in USD Million
                Figure Regenerative Medicines Demand in Oncology, 2016-2020, in Volume
        6.1.3 Demand in Dermatology
                Figure Regenerative Medicines Demand in Dermatology, 2016-2020, in USD Million
                Figure Regenerative Medicines Demand in Dermatology, 2016-2020, in Volume
        6.1.4 Demand in Musculoskeletal
                Figure Regenerative Medicines Demand in Musculoskeletal, 2016-2020, in USD Million
                Figure Regenerative Medicines Demand in Musculoskeletal, 2016-2020, in Volume
        6.1.5 Demand in Wound Healing
                Figure Regenerative Medicines Demand in Wound Healing, 2016-2020, in USD Million
                Figure Regenerative Medicines Demand in Wound Healing, 2016-2020, in Volume
        6.1.6 Demand in Ophthalmology
                Figure Regenerative Medicines Demand in Ophthalmology, 2016-2020, in USD Million
                Figure Regenerative Medicines Demand in Ophthalmology, 2016-2020, in Volume
        6.1.7 Demand in Neurology
                Figure Regenerative Medicines Demand in Neurology, 2016-2020, in USD Million
                Figure Regenerative Medicines Demand in Neurology, 2016-2020, in Volume
        6.1.8 Demand in Others
                Figure Regenerative Medicines Demand in Others, 2016-2020, in USD Million
                Figure Regenerative Medicines Demand in Others, 2016-2020, in Volume
    6.2 Regional Demand Comparison
                Table Regional Demand Comparison List
                Table Major Application in Different Regions
    6.3 Demand Forecast
                Table Regenerative Medicines Demand Forecast 2021-2026, by Application, in USD Million
                Figure Regenerative Medicines Market Growth 2021-2026, by Application, in USD Million
                Figure Regenerative Medicines Market Share in 2026, by Application, in USD Million
                Table Regenerative Medicines Demand Forecast 2021-2026, by Application, in Volume
                Table Regenerative Medicines Market Growth 2021-2026, by Application, in Volume
                Table Regenerative Medicines Market Share in 2026, by Application, in Volume
    6.4 Impact of the COVID-19 on the Demand
7 Region Operation
    7.1 Regional Production
                Table Regenerative Medicines Production 2016-2020, by Region, in USD Million
                Table Regenerative Medicines Production 2016-2020, by Region, in Volume
    7.2 Regional Market
                Table Global Regenerative Medicines Market 2016-2020, by Region, in USD Million
                Table Global Regenerative Medicines Market Share 2016-2020, by Region, in USD Million
                Table Global Regenerative Medicines Market 2016-2020, by Region, in Volume
                Table Global Regenerative Medicines Market Share 2016-2020, by Region, in Volume
    7.3 by Region
        7.3.1 North America
            7.3.1.1 Overview
                Figure North America Regenerative Medicines Market Size and Growth 2016-2020, in USD Million
                Figure North America Regenerative Medicines Market Size and Growth 2016-2020, in Volume
            7.3.1.2 by Country (U.S., Canada, Mexico)
                Table North America Regenerative Medicines Market Size 2016-2020, by Country, in USD Million
                Table North America Regenerative Medicines Market Size 2016-2020, by Country, in Volume
        7.3.2 Europe
            7.3.2.1 Overview
                Figure Europe Regenerative Medicines Market Size and Growth 2016-2020, in USD Million
                Figure Europe Regenerative Medicines Market Size and Growth 2016-2020, in Volume
            7.3.2.2 by Country (Germany, U.K., France, Italy, Russia, Spain etc.)
                Table Europe Regenerative Medicines Market Size 2016-2020, by Country, in USD Million
                Table Europe Regenerative Medicines Market Size 2016-2020, by Country, in Volume
        7.3.3 Asia-Pacific
            7.3.3.1 Overview
                Figure Asia-Pacific Regenerative Medicines Market Size and Growth 2016-2020, in USD Million
                Figure Asia-Pacific Regenerative Medicines Market Size and Growth 2016-2020, in Volume
            7.3.3.2 by Country (China, India, Japan, Southeast Asia etc.)
                Table Asia-Pacific Regenerative Medicines Market Size 2016-2020, by Country, in USD Million
                Table Asia-Pacific Regenerative Medicines Market Size 2016-2020, by Country, in Volume
        7.3.4 South America
            7.3.4.1 Overview
                Figure South America Regenerative Medicines Market Size and Growth 2016-2020, in USD Million
                Figure South America Regenerative Medicines Market Size and Growth 2016-2020, in Volume
            7.3.4.2 by Country (Brazil, Argentina etc.)
                Table South America Regenerative Medicines Market Size 2016-2020, by Country, in USD Million
                Table South America Regenerative Medicines Market Size 2016-2020, by Country, in Volume
        7.3.5 Middle East & Africa
            7.3.5.1 Overview
                Figure Middle East & Africa Regenerative Medicines Market Size and Growth 2016-2020, in USD Million
                Figure Middle East & Africa Regenerative Medicines Market Size and Growth 2016-2020, in Volume
            7.3.5.2 by Country (Saudi Arabia, South Africa etc.)
                Table Middle East & Africa Regenerative Medicines Market Size 2016-2020, by Country, in USD Million
                Table Middle East & Africa Regenerative Medicines Market Size 2016-2020, by Country, in Volume
    7.4 Regional Import & Export
    7.5 Regional Forecast
                Table Regenerative Medicines Market Forecast 2021-2026, by Region, in USD Million
                Table Regenerative Medicines Market Forecast 2021-2026, by Region, in Volume
8 Marketing & Price
    8.1 Price and Margin
        8.1.1 Price Trends
        8.1.2 Factors of Price Change
                Table Price Factors List
        8.1.3 Manufacturers Gross Margin Analysis
    8.2 Marketing Channel
                Figure Marketing Channels Overview
9 Research Conclusion","List of Table
1.                Table Upstream Segment of Regenerative Medicines
2.                Table Application Segment of Regenerative Medicines
3.                Table Global Regenerative Medicines Market 2016-2026, by Application, in USD Million
4.                Table Major Company List of Gene Therapy
5.                Table Major Company List of Tissue Engineering
6.                Table Major Company List of Small Molecules & Biologics
7.                Table Global Regenerative Medicines Market 2016-2020, by Type, in USD Million
8.                Table Global Regenerative Medicines Market 2016-2020, by Type, in Volume
9.                Table Global Regenerative Medicines Market Forecast 2021-2026, by Type, in USD Million
10.                Table Global Regenerative Medicines Market Forecast 2021-2026, by Type, in Volume
11.                Table Stryker Corporation Overview List
12.                Table Business Operation of Stryker Corporation (Sales Revenue, Sales Volume, Price, Cost, Gross Margin)
13.                Table Zimmer Biomet Holdings Overview List
14.                Table Business Operation of Zimmer Biomet Holdings (Sales Revenue, Sales Volume, Price, Cost, Gross Margin)
15.                Table Medtronic Overview List
16.                Table Business Operation of Medtronic (Sales Revenue, Sales Volume, Price, Cost, Gross Margin)
17.                Table Baxter International Overview List
18.                Table Business Operation of Baxter International (Sales Revenue, Sales Volume, Price, Cost, Gross Margin)
19.                Table DePuy Synthes Overview List
20.                Table Business Operation of DePuy Synthes (Sales Revenue, Sales Volume, Price, Cost, Gross Margin)
21.                Table Organogenesis Overview List
22.                Table Business Operation of Organogenesis (Sales Revenue, Sales Volume, Price, Cost, Gross Margin)
23.                Table Integra Lifesciences Holdings Corporation Overview List
24.                Table Business Operation of Integra Lifesciences Holdings Corporation (Sales Revenue, Sales Volume, Price, Cost, Gross Margin)
25.                Table Acelity Holdings Overview List
26.                Table Business Operation of Acelity Holdings (Sales Revenue, Sales Volume, Price, Cost, Gross Margin)
27.                Table Ocata Therapeutics Overview List
28.                Table Business Operation of Ocata Therapeutics (Sales Revenue, Sales Volume, Price, Cost, Gross Margin)
29.                Table CryoLife Overview List
30.                Table Business Operation of CryoLife (Sales Revenue, Sales Volume, Price, Cost, Gross Margin)
31.                Table Global Regenerative Medicines Sales Revenue 2016-2020, by Company, in USD Million
32.                Table Global Regenerative Medicines Sales Revenue Share 2016-2020, by Company, in USD Million
33.                Table Global Regenerative Medicines Sales Volume 2016-2020, by Company, in Volume
34.                Table Global Regenerative Medicines Sales Volume Share 2016-2020, by Company, in Volume
35.                Table Regional Demand Comparison List
36.                Table Major Application in Different Regions
37.                Table Regenerative Medicines Demand Forecast 2021-2026, by Application, in USD Million
38.                Table Regenerative Medicines Demand Forecast 2021-2026, by Application, in Volume
39.                Table Regenerative Medicines Market Growth 2021-2026, by Application, in Volume
40.                Table Regenerative Medicines Market Share in 2026, by Application, in Volume
41.                Table Regenerative Medicines Production 2016-2020, by Region, in USD Million
42.                Table Regenerative Medicines Production 2016-2020, by Region, in Volume
43.                Table Global Regenerative Medicines Market 2016-2020, by Region, in USD Million
44.                Table Global Regenerative Medicines Market Share 2016-2020, by Region, in USD Million
45.                Table Global Regenerative Medicines Market 2016-2020, by Region, in Volume
46.                Table Global Regenerative Medicines Market Share 2016-2020, by Region, in Volume
47.                Table North America Regenerative Medicines Market Size 2016-2020, by Country, in USD Million
48.                Table North America Regenerative Medicines Market Size 2016-2020, by Country, in Volume
49.                Table Europe Regenerative Medicines Market Size 2016-2020, by Country, in USD Million
50.                Table Europe Regenerative Medicines Market Size 2016-2020, by Country, in Volume
51.                Table Asia-Pacific Regenerative Medicines Market Size 2016-2020, by Country, in USD Million
52.                Table Asia-Pacific Regenerative Medicines Market Size 2016-2020, by Country, in Volume
53.                Table South America Regenerative Medicines Market Size 2016-2020, by Country, in USD Million
54.                Table South America Regenerative Medicines Market Size 2016-2020, by Country, in Volume
55.                Table Middle East & Africa Regenerative Medicines Market Size 2016-2020, by Country, in USD Million
56.                Table Middle East & Africa Regenerative Medicines Market Size 2016-2020, by Country, in Volume
57.                Table Regenerative Medicines Market Forecast 2021-2026, by Region, in USD Million
58.                Table Regenerative Medicines Market Forecast 2021-2026, by Region, in Volume
59.                Table Price Factors List","List of Figure
1.                Figure Regenerative Medicines Industry Chain Structure
2.                Figure Global Regenerative Medicines Market Growth 2016-2020, by Type, in USD Million
3.                Figure Global Regenerative Medicines Market Growth 2016-2020, by Type, in Volume
4.                Figure Global Regenerative Medicines Sales Revenue Share in 2020, by Company, in USD Million
5.                Figure Global Regenerative Medicines Sales Volume Share in 2020, by Company, in Volume
6.                Figure North America Regenerative Medicines Market Concentration, in 2020
7.                Figure Europe Regenerative Medicines Market Market Concentration, in 2020
8.                Figure Asia-Pacific Regenerative Medicines MMarket Concentration, in 2020
9.                Figure South America Regenerative Medicines Market Concentration, in 2020
10.                Figure Middle East & Africa Regenerative Medicines Market Concentration, in 2020
11.                Figure Regenerative Medicines Demand in Cardiovascular, 2016-2020, in USD Million
12.                Figure Regenerative Medicines Demand in Cardiovascular, 2016-2020, in Volume
13.                Figure Regenerative Medicines Demand in Oncology, 2016-2020, in USD Million
14.                Figure Regenerative Medicines Demand in Oncology, 2016-2020, in Volume
15.                Figure Regenerative Medicines Demand in Dermatology, 2016-2020, in USD Million
16.                Figure Regenerative Medicines Demand in Dermatology, 2016-2020, in Volume
17.                Figure Regenerative Medicines Demand in Musculoskeletal, 2016-2020, in USD Million
18.                Figure Regenerative Medicines Demand in Musculoskeletal, 2016-2020, in Volume
19.                Figure Regenerative Medicines Demand in Wound Healing, 2016-2020, in USD Million
20.                Figure Regenerative Medicines Demand in Wound Healing, 2016-2020, in Volume
21.                Figure Regenerative Medicines Demand in Ophthalmology, 2016-2020, in USD Million
22.                Figure Regenerative Medicines Demand in Ophthalmology, 2016-2020, in Volume
23.                Figure Regenerative Medicines Demand in Neurology, 2016-2020, in USD Million
24.                Figure Regenerative Medicines Demand in Neurology, 2016-2020, in Volume
25.                Figure Regenerative Medicines Demand in Others, 2016-2020, in USD Million
26.                Figure Regenerative Medicines Demand in Others, 2016-2020, in Volume
27.                Figure Regenerative Medicines Market Growth 2021-2026, by Application, in USD Million
28.                Figure Regenerative Medicines Market Share in 2026, by Application, in USD Million
29.                Figure North America Regenerative Medicines Market Size and Growth 2016-2020, in USD Million
30.                Figure North America Regenerative Medicines Market Size and Growth 2016-2020, in Volume
31.                Figure Europe Regenerative Medicines Market Size and Growth 2016-2020, in USD Million
32.                Figure Europe Regenerative Medicines Market Size and Growth 2016-2020, in Volume
33.                Figure Asia-Pacific Regenerative Medicines Market Size and Growth 2016-2020, in USD Million
34.                Figure Asia-Pacific Regenerative Medicines Market Size and Growth 2016-2020, in Volume
35.                Figure South America Regenerative Medicines Market Size and Growth 2016-2020, in USD Million
36.                Figure South America Regenerative Medicines Market Size and Growth 2016-2020, in Volume
37.                Figure Middle East & Africa Regenerative Medicines Market Size and Growth 2016-2020, in USD Million
38.                Figure Middle East & Africa Regenerative Medicines Market Size and Growth 2016-2020, in Volume
39.                Figure Marketing Channels Overview","$2,980 ","$5,960 ","$5,960 ",99SGL298Lif20210200024804
7-Apr-21,"Chemical & Material","Global Bio-Based Propylene Glycol Market Analysis 2016-2020 and Forecast 2021-2026","Snapshot
The global Bio-Based Propylene Glycol market size is estimated at xxx million USD with a CAGR xx% from 2016-2020 and is expected to reach xxx Million USD in 2021 with a CAGR xx% from 2021 to 2026. The report begins from overview of Industry Chain structure, and describes industry environment, then analyses market size and forecast of Bio-Based Propylene Glycol by product, region and application, in addition, this report introduces market competition situation among the vendors and company profile, besides, market price analysis and value chain features are covered in this report.
Product Type Coverage (Market Size & Forecast, Major Company of Product Type etc.):
        Bio-based 1,2- Propylene Glycol
        Bio-based 1,3- Propylene Glycol
Company Coverage (Company Profile, Sales Revenue, Price, Gross Margin, Main Products etc.):
        Oelon (with BASF)
        SK Chemicals
        Tate?Lyle (Dupont)
        ADM
Application Coverage (Market Size & Forecast, Different Demand Market by Region, Main Consumer Profile etc.):
        Chemical industry
        Cosmetic
Region Coverage (Regional Production, Demand & Forecast by Countries etc.):
        North America (U.S., Canada, Mexico)
        Europe (Germany, U.K., France, Italy, Russia, Spain etc.)
        Asia-Pacific (China, India, Japan, Southeast Asia etc.)
        South America (Brazil, Argentina etc.)
        Middle East & Africa (Saudi Arabia, South Africa etc.)",94,"Table of Contents
1 Industry Overview
    1.1 Bio-Based Propylene Glycol Industry
                Figure Bio-Based Propylene Glycol Industry Chain Structure
        1.1.1 Overview
        1.1.2 Development of Bio-Based Propylene Glycol
    1.2 Market Segment
        1.2.1 Upstream
                Table Upstream Segment of Bio-Based Propylene Glycol
        1.2.2 Downstream
                Table Application Segment of Bio-Based Propylene Glycol
                Table Global Bio-Based Propylene Glycol Market 2016-2026, by Application, in USD Million
        1.2.3 COVID-19 Impact
    1.3 Cost Analysis
2 Industry Environment (PEST Analysis)
    2.1 Policy
    2.2 Economics
    2.3 Sociology
    2.4 Technology
3 Bio-Based Propylene Glycol Market by Type
    3.1 By Type
        3.1.1 Bio-based 1,2- Propylene Glycol
                Table Major Company List of Bio-based 1,2- Propylene Glycol
        3.1.2 Bio-based 1,3- Propylene Glycol
                Table Major Company List of Bio-based 1,3- Propylene Glycol
    3.2 Market Size
                Table Global Bio-Based Propylene Glycol Market 2016-2020, by Type, in USD Million
                Figure Global Bio-Based Propylene Glycol Market Growth 2016-2020, by Type, in USD Million
                Table Global Bio-Based Propylene Glycol Market 2016-2020, by Type, in Volume
                Figure Global Bio-Based Propylene Glycol Market Growth 2016-2020, by Type, in Volume
    3.3 Market Forecast
                Table Global Bio-Based Propylene Glycol Market Forecast 2021-2026, by Type, in USD Million
                Table Global Bio-Based Propylene Glycol Market Forecast 2021-2026, by Type, in Volume
4 Major Companies List
    4.1 Oelon (with BASF) (Company Profile, Sales Data etc.)
        4.1.1 Oelon (with BASF) Profile
                Table Oelon (with BASF) Overview List
        4.1.2 Oelon (with BASF) Products & Services
        4.1.3 Oelon (with BASF) Business Operation Conditions
                Table Business Operation of Oelon (with BASF) (Sales Revenue, Sales Volume, Price, Cost, Gross Margin)
    4.2 SK Chemicals (Company Profile, Sales Data etc.)
        4.2.1 SK Chemicals Profile
                Table SK Chemicals Overview List
        4.2.2 SK Chemicals Products & Services
        4.2.3 SK Chemicals Business Operation Conditions
                Table Business Operation of SK Chemicals (Sales Revenue, Sales Volume, Price, Cost, Gross Margin)
    4.3 Tate?Lyle (Dupont) (Company Profile, Sales Data etc.)
        4.3.1 Tate?Lyle (Dupont) Profile
                Table Tate?Lyle (Dupont) Overview List
        4.3.2 Tate?Lyle (Dupont) Products & Services
        4.3.3 Tate?Lyle (Dupont) Business Operation Conditions
                Table Business Operation of Tate?Lyle (Dupont) (Sales Revenue, Sales Volume, Price, Cost, Gross Margin)
    4.4 ADM (Company Profile, Sales Data etc.)
        4.4.1 ADM Profile
                Table ADM Overview List
        4.4.2 ADM Products & Services
        4.4.3 ADM Business Operation Conditions
                Table Business Operation of ADM (Sales Revenue, Sales Volume, Price, Cost, Gross Margin)
5 Market Competition
    5.1 Company Competition
                Table Global Bio-Based Propylene Glycol Sales Revenue 2016-2020, by Company, in USD Million
                Table Global Bio-Based Propylene Glycol Sales Revenue Share 2016-2020, by Company, in USD Million
                Figure Global Bio-Based Propylene Glycol Sales Revenue Share in 2020, by Company, in USD Million
                Table Global Bio-Based Propylene Glycol Sales Volume 2016-2020, by Company, in Volume
                Table Global Bio-Based Propylene Glycol Sales Volume Share 2016-2020, by Company, in Volume
                Figure Global Bio-Based Propylene Glycol Sales Volume Share in 2020, by Company, in Volume
    5.2 Regional Market by Company
                Figure North America Bio-Based Propylene Glycol Market Concentration, in 2020
                Figure Europe Bio-Based Propylene Glycol Market Market Concentration, in 2020
                Figure Asia-Pacific Bio-Based Propylene Glycol MMarket Concentration, in 2020
                Figure South America Bio-Based Propylene Glycol Market Concentration, in 2020
                Figure Middle East & Africa Bio-Based Propylene Glycol Market Concentration, in 2020
6 Demand by End Market
    6.1 Demand Situation
        6.1.1 Demand in Chemical industry
                Figure Bio-Based Propylene Glycol Demand in Chemical industry, 2016-2020, in USD Million
                Figure Bio-Based Propylene Glycol Demand in Chemical industry, 2016-2020, in Volume
        6.1.2 Demand in Cosmetic
                Figure Bio-Based Propylene Glycol Demand in Cosmetic, 2016-2020, in USD Million
                Figure Bio-Based Propylene Glycol Demand in Cosmetic, 2016-2020, in Volume
    6.2 Regional Demand Comparison
                Table Regional Demand Comparison List
                Table Major Application in Different Regions
    6.3 Demand Forecast
                Table Bio-Based Propylene Glycol Demand Forecast 2021-2026, by Application, in USD Million
                Figure Bio-Based Propylene Glycol Market Growth 2021-2026, by Application, in USD Million
                Figure Bio-Based Propylene Glycol Market Share in 2026, by Application, in USD Million
                Table Bio-Based Propylene Glycol Demand Forecast 2021-2026, by Application, in Volume
                Table Bio-Based Propylene Glycol Market Growth 2021-2026, by Application, in Volume
                Table Bio-Based Propylene Glycol Market Share in 2026, by Application, in Volume
    6.4 Impact of the COVID-19 on the Demand
7 Region Operation
    7.1 Regional Production
                Table Bio-Based Propylene Glycol Production 2016-2020, by Region, in USD Million
                Table Bio-Based Propylene Glycol Production 2016-2020, by Region, in Volume
    7.2 Regional Market
                Table Global Bio-Based Propylene Glycol Market 2016-2020, by Region, in USD Million
                Table Global Bio-Based Propylene Glycol Market Share 2016-2020, by Region, in USD Million
                Table Global Bio-Based Propylene Glycol Market 2016-2020, by Region, in Volume
                Table Global Bio-Based Propylene Glycol Market Share 2016-2020, by Region, in Volume
    7.3 by Region
        7.3.1 North America
            7.3.1.1 Overview
                Figure North America Bio-Based Propylene Glycol Market Size and Growth 2016-2020, in USD Million
                Figure North America Bio-Based Propylene Glycol Market Size and Growth 2016-2020, in Volume
            7.3.1.2 by Country (U.S., Canada, Mexico)
                Table North America Bio-Based Propylene Glycol Market Size 2016-2020, by Country, in USD Million
                Table North America Bio-Based Propylene Glycol Market Size 2016-2020, by Country, in Volume
        7.3.2 Europe
            7.3.2.1 Overview
                Figure Europe Bio-Based Propylene Glycol Market Size and Growth 2016-2020, in USD Million
                Figure Europe Bio-Based Propylene Glycol Market Size and Growth 2016-2020, in Volume
            7.3.2.2 by Country (Germany, U.K., France, Italy, Russia, Spain etc.)
                Table Europe Bio-Based Propylene Glycol Market Size 2016-2020, by Country, in USD Million
                Table Europe Bio-Based Propylene Glycol Market Size 2016-2020, by Country, in Volume
        7.3.3 Asia-Pacific
            7.3.3.1 Overview
                Figure Asia-Pacific Bio-Based Propylene Glycol Market Size and Growth 2016-2020, in USD Million
                Figure Asia-Pacific Bio-Based Propylene Glycol Market Size and Growth 2016-2020, in Volume
            7.3.3.2 by Country (China, India, Japan, Southeast Asia etc.)
                Table Asia-Pacific Bio-Based Propylene Glycol Market Size 2016-2020, by Country, in USD Million
                Table Asia-Pacific Bio-Based Propylene Glycol Market Size 2016-2020, by Country, in Volume
        7.3.4 South America
            7.3.4.1 Overview
                Figure South America Bio-Based Propylene Glycol Market Size and Growth 2016-2020, in USD Million
                Figure South America Bio-Based Propylene Glycol Market Size and Growth 2016-2020, in Volume
            7.3.4.2 by Country (Brazil, Argentina etc.)
                Table South America Bio-Based Propylene Glycol Market Size 2016-2020, by Country, in USD Million
                Table South America Bio-Based Propylene Glycol Market Size 2016-2020, by Country, in Volume
        7.3.5 Middle East & Africa
            7.3.5.1 Overview
                Figure Middle East & Africa Bio-Based Propylene Glycol Market Size and Growth 2016-2020, in USD Million
                Figure Middle East & Africa Bio-Based Propylene Glycol Market Size and Growth 2016-2020, in Volume
            7.3.5.2 by Country (Saudi Arabia, South Africa etc.)
                Table Middle East & Africa Bio-Based Propylene Glycol Market Size 2016-2020, by Country, in USD Million
                Table Middle East & Africa Bio-Based Propylene Glycol Market Size 2016-2020, by Country, in Volume
    7.4 Regional Import & Export
    7.5 Regional Forecast
                Table Bio-Based Propylene Glycol Market Forecast 2021-2026, by Region, in USD Million
                Table Bio-Based Propylene Glycol Market Forecast 2021-2026, by Region, in Volume
8 Marketing & Price
    8.1 Price and Margin
        8.1.1 Price Trends
        8.1.2 Factors of Price Change
                Table Price Factors List
        8.1.3 Manufacturers Gross Margin Analysis
    8.2 Marketing Channel
                Figure Marketing Channels Overview
9 Research Conclusion","List of Table
1.                Table Upstream Segment of Bio-Based Propylene Glycol
2.                Table Application Segment of Bio-Based Propylene Glycol
3.                Table Global Bio-Based Propylene Glycol Market 2016-2026, by Application, in USD Million
4.                Table Major Company List of Bio-based 1,3- Propylene Glycol
5.                Table Global Bio-Based Propylene Glycol Market 2016-2020, by Type, in USD Million
6.                Table Global Bio-Based Propylene Glycol Market 2016-2020, by Type, in Volume
7.                Table Global Bio-Based Propylene Glycol Market Forecast 2021-2026, by Type, in USD Million
8.                Table Global Bio-Based Propylene Glycol Market Forecast 2021-2026, by Type, in Volume
9.                Table Oelon (with BASF) Overview List
10.                Table Business Operation of Oelon (with BASF) (Sales Revenue, Sales Volume, Price, Cost, Gross Margin)
11.                Table SK Chemicals Overview List
12.                Table Business Operation of SK Chemicals (Sales Revenue, Sales Volume, Price, Cost, Gross Margin)
13.                Table Tate?Lyle (Dupont) Overview List
14.                Table Business Operation of Tate?Lyle (Dupont) (Sales Revenue, Sales Volume, Price, Cost, Gross Margin)
15.                Table ADM Overview List
16.                Table Business Operation of ADM (Sales Revenue, Sales Volume, Price, Cost, Gross Margin)
17.                Table Global Bio-Based Propylene Glycol Sales Revenue 2016-2020, by Company, in USD Million
18.                Table Global Bio-Based Propylene Glycol Sales Revenue Share 2016-2020, by Company, in USD Million
19.                Table Global Bio-Based Propylene Glycol Sales Volume 2016-2020, by Company, in Volume
20.                Table Global Bio-Based Propylene Glycol Sales Volume Share 2016-2020, by Company, in Volume
21.                Table Regional Demand Comparison List
22.                Table Major Application in Different Regions
23.                Table Bio-Based Propylene Glycol Demand Forecast 2021-2026, by Application, in USD Million
24.                Table Bio-Based Propylene Glycol Demand Forecast 2021-2026, by Application, in Volume
25.                Table Bio-Based Propylene Glycol Market Growth 2021-2026, by Application, in Volume
26.                Table Bio-Based Propylene Glycol Market Share in 2026, by Application, in Volume
27.                Table Bio-Based Propylene Glycol Production 2016-2020, by Region, in USD Million
28.                Table Bio-Based Propylene Glycol Production 2016-2020, by Region, in Volume
29.                Table Global Bio-Based Propylene Glycol Market 2016-2020, by Region, in USD Million
30.                Table Global Bio-Based Propylene Glycol Market Share 2016-2020, by Region, in USD Million
31.                Table Global Bio-Based Propylene Glycol Market 2016-2020, by Region, in Volume
32.                Table Global Bio-Based Propylene Glycol Market Share 2016-2020, by Region, in Volume
33.                Table North America Bio-Based Propylene Glycol Market Size 2016-2020, by Country, in USD Million
34.                Table North America Bio-Based Propylene Glycol Market Size 2016-2020, by Country, in Volume
35.                Table Europe Bio-Based Propylene Glycol Market Size 2016-2020, by Country, in USD Million
36.                Table Europe Bio-Based Propylene Glycol Market Size 2016-2020, by Country, in Volume
37.                Table Asia-Pacific Bio-Based Propylene Glycol Market Size 2016-2020, by Country, in USD Million
38.                Table Asia-Pacific Bio-Based Propylene Glycol Market Size 2016-2020, by Country, in Volume
39.                Table South America Bio-Based Propylene Glycol Market Size 2016-2020, by Country, in USD Million
40.                Table South America Bio-Based Propylene Glycol Market Size 2016-2020, by Country, in Volume
41.                Table Middle East & Africa Bio-Based Propylene Glycol Market Size 2016-2020, by Country, in USD Million
42.                Table Middle East & Africa Bio-Based Propylene Glycol Market Size 2016-2020, by Country, in Volume
43.                Table Bio-Based Propylene Glycol Market Forecast 2021-2026, by Region, in USD Million
44.                Table Bio-Based Propylene Glycol Market Forecast 2021-2026, by Region, in Volume
45.                Table Price Factors List","List of Figure
1.                Figure Bio-Based Propylene Glycol Industry Chain Structure
2.                Figure Global Bio-Based Propylene Glycol Market Growth 2016-2020, by Type, in USD Million
3.                Figure Global Bio-Based Propylene Glycol Market Growth 2016-2020, by Type, in Volume
4.                Figure Global Bio-Based Propylene Glycol Sales Revenue Share in 2020, by Company, in USD Million
5.                Figure Global Bio-Based Propylene Glycol Sales Volume Share in 2020, by Company, in Volume
6.                Figure North America Bio-Based Propylene Glycol Market Concentration, in 2020
7.                Figure Europe Bio-Based Propylene Glycol Market Market Concentration, in 2020
8.                Figure Asia-Pacific Bio-Based Propylene Glycol MMarket Concentration, in 2020
9.                Figure South America Bio-Based Propylene Glycol Market Concentration, in 2020
10.                Figure Middle East & Africa Bio-Based Propylene Glycol Market Concentration, in 2020
11.                Figure Bio-Based Propylene Glycol Demand in Chemical industry, 2016-2020, in USD Million
12.                Figure Bio-Based Propylene Glycol Demand in Chemical industry, 2016-2020, in Volume
13.                Figure Bio-Based Propylene Glycol Demand in Cosmetic, 2016-2020, in USD Million
14.                Figure Bio-Based Propylene Glycol Demand in Cosmetic, 2016-2020, in Volume
15.                Figure Bio-Based Propylene Glycol Market Growth 2021-2026, by Application, in USD Million
16.                Figure Bio-Based Propylene Glycol Market Share in 2026, by Application, in USD Million
17.                Figure North America Bio-Based Propylene Glycol Market Size and Growth 2016-2020, in USD Million
18.                Figure North America Bio-Based Propylene Glycol Market Size and Growth 2016-2020, in Volume
19.                Figure Europe Bio-Based Propylene Glycol Market Size and Growth 2016-2020, in USD Million
20.                Figure Europe Bio-Based Propylene Glycol Market Size and Growth 2016-2020, in Volume
21.                Figure Asia-Pacific Bio-Based Propylene Glycol Market Size and Growth 2016-2020, in USD Million
22.                Figure Asia-Pacific Bio-Based Propylene Glycol Market Size and Growth 2016-2020, in Volume
23.                Figure South America Bio-Based Propylene Glycol Market Size and Growth 2016-2020, in USD Million
24.                Figure South America Bio-Based Propylene Glycol Market Size and Growth 2016-2020, in Volume
25.                Figure Middle East & Africa Bio-Based Propylene Glycol Market Size and Growth 2016-2020, in USD Million
26.                Figure Middle East & Africa Bio-Based Propylene Glycol Market Size and Growth 2016-2020, in Volume
27.                Figure Marketing Channels Overview","$2,980 ","$5,960 ","$5,960 ",99SGL298Che20210200024805
7-Apr-21,"Life & Medical","Global External Beam Radiotherapy Market Analysis 2016-2020 and Forecast 2021-2026","Snapshot
The global External Beam Radiotherapy market size is estimated at xxx million USD with a CAGR xx% from 2016-2020 and is expected to reach xxx Million USD in 2021 with a CAGR xx% from 2021 to 2026. The report begins from overview of Industry Chain structure, and describes industry environment, then analyses market size and forecast of External Beam Radiotherapy by product, region and application, in addition, this report introduces market competition situation among the vendors and company profile, besides, market price analysis and value chain features are covered in this report.
Product Type Coverage (Market Size & Forecast, Major Company of Product Type etc.):
        Intensity-modulated Radiotherapy (IMRT)
        Image-guided Radiotherapy (IGRT)
        TomoTherapy
        Stereotactic Therapy
        3D Conformal Radiotherapy
        Particle Beam Therapy
        Volumetric Modulated Arc Therapy
Company Coverage (Company Profile, Sales Revenue, Price, Gross Margin, Main Products etc.):
        Varian Medical Systems, Inc. (U.S.)
        Elekta AB (Sweden)
        Accuray Incorporated (U.S.)
        Ion Beam Applications (IBA) (Belgium)
        Nordion, Inc. (Canada)
        C. R. Bard, Inc. (U.S.)
Application Coverage (Market Size & Forecast, Different Demand Market by Region, Main Consumer Profile etc.):
        Hospitals
        Ambulatory Radiotherapy Centers
        Cancer Research Institutes
Region Coverage (Regional Production, Demand & Forecast by Countries etc.):
        North America (U.S., Canada, Mexico)
        Europe (Germany, U.K., France, Italy, Russia, Spain etc.)
        Asia-Pacific (China, India, Japan, Southeast Asia etc.)
        South America (Brazil, Argentina etc.)
        Middle East & Africa (Saudi Arabia, South Africa etc.)",96,"Table of Contents
1 Industry Overview
    1.1 External Beam Radiotherapy Industry
                Figure External Beam Radiotherapy Industry Chain Structure
        1.1.1 Overview
        1.1.2 Development of External Beam Radiotherapy
    1.2 Market Segment
        1.2.1 Upstream
                Table Upstream Segment of External Beam Radiotherapy
        1.2.2 Downstream
                Table Application Segment of External Beam Radiotherapy
                Table Global External Beam Radiotherapy Market 2016-2026, by Application, in USD Million
        1.2.3 COVID-19 Impact
    1.3 Cost Analysis
2 Industry Environment (PEST Analysis)
    2.1 Policy
    2.2 Economics
    2.3 Sociology
    2.4 Technology
3 External Beam Radiotherapy Market by Type
    3.1 By Type
        3.1.1 Intensity-modulated Radiotherapy (IMRT)
                Table Major Company List of Intensity-modulated Radiotherapy (IMRT)
        3.1.2 Image-guided Radiotherapy (IGRT)
                Table Major Company List of Image-guided Radiotherapy (IGRT)
        3.1.3 TomoTherapy
                Table Major Company List of TomoTherapy
        3.1.4 Stereotactic Therapy
                Table Major Company List of Stereotactic Therapy
        3.1.5 3D Conformal Radiotherapy
                Table Major Company List of 3D Conformal Radiotherapy
        3.1.6 Particle Beam Therapy
                Table Major Company List of Particle Beam Therapy
        3.1.7 Volumetric Modulated Arc Therapy
                Table Major Company List of Volumetric Modulated Arc Therapy
    3.2 Market Size
                Table Global External Beam Radiotherapy Market 2016-2020, by Type, in USD Million
                Figure Global External Beam Radiotherapy Market Growth 2016-2020, by Type, in USD Million
                Table Global External Beam Radiotherapy Market 2016-2020, by Type, in Volume
                Figure Global External Beam Radiotherapy Market Growth 2016-2020, by Type, in Volume
    3.3 Market Forecast
                Table Global External Beam Radiotherapy Market Forecast 2021-2026, by Type, in USD Million
                Table Global External Beam Radiotherapy Market Forecast 2021-2026, by Type, in Volume
4 Major Companies List
    4.1 Varian Medical Systems, Inc. (U.S.) (Company Profile, Sales Data etc.)
        4.1.1 Varian Medical Systems, Inc. (U.S.) Profile
                Table Varian Medical Systems, Inc. (U.S.) Overview List
        4.1.2 Varian Medical Systems, Inc. (U.S.) Products & Services
        4.1.3 Varian Medical Systems, Inc. (U.S.) Business Operation Conditions
                Table Business Operation of Varian Medical Systems, Inc. (U.S.) (Sales Revenue, Sales Volume, Price, Cost, Gross Margin)
    4.2 Elekta AB (Sweden) (Company Profile, Sales Data etc.)
        4.2.1 Elekta AB (Sweden) Profile
                Table Elekta AB (Sweden) Overview List
        4.2.2 Elekta AB (Sweden) Products & Services
        4.2.3 Elekta AB (Sweden) Business Operation Conditions
                Table Business Operation of Elekta AB (Sweden) (Sales Revenue, Sales Volume, Price, Cost, Gross Margin)
    4.3 Accuray Incorporated (U.S.) (Company Profile, Sales Data etc.)
        4.3.1 Accuray Incorporated (U.S.) Profile
                Table Accuray Incorporated (U.S.) Overview List
        4.3.2 Accuray Incorporated (U.S.) Products & Services
        4.3.3 Accuray Incorporated (U.S.) Business Operation Conditions
                Table Business Operation of Accuray Incorporated (U.S.) (Sales Revenue, Sales Volume, Price, Cost, Gross Margin)
    4.4 Ion Beam Applications (IBA) (Belgium) (Company Profile, Sales Data etc.)
        4.4.1 Ion Beam Applications (IBA) (Belgium) Profile
                Table Ion Beam Applications (IBA) (Belgium) Overview List
        4.4.2 Ion Beam Applications (IBA) (Belgium) Products & Services
        4.4.3 Ion Beam Applications (IBA) (Belgium) Business Operation Conditions
                Table Business Operation of Ion Beam Applications (IBA) (Belgium) (Sales Revenue, Sales Volume, Price, Cost, Gross Margin)
    4.5 Nordion, Inc. (Canada) (Company Profile, Sales Data etc.)
        4.5.1 Nordion, Inc. (Canada) Profile
                Table Nordion, Inc. (Canada) Overview List
        4.5.2 Nordion, Inc. (Canada) Products & Services
        4.5.3 Nordion, Inc. (Canada) Business Operation Conditions
                Table Business Operation of Nordion, Inc. (Canada) (Sales Revenue, Sales Volume, Price, Cost, Gross Margin)
    4.6 C. R. Bard, Inc. (U.S.) (Company Profile, Sales Data etc.)
        4.6.1 C. R. Bard, Inc. (U.S.) Profile
                Table C. R. Bard, Inc. (U.S.) Overview List
        4.6.2 C. R. Bard, Inc. (U.S.) Products & Services
        4.6.3 C. R. Bard, Inc. (U.S.) Business Operation Conditions
                Table Business Operation of C. R. Bard, Inc. (U.S.) (Sales Revenue, Sales Volume, Price, Cost, Gross Margin)
5 Market Competition
    5.1 Company Competition
                Table Global External Beam Radiotherapy Sales Revenue 2016-2020, by Company, in USD Million
                Table Global External Beam Radiotherapy Sales Revenue Share 2016-2020, by Company, in USD Million
                Figure Global External Beam Radiotherapy Sales Revenue Share in 2020, by Company, in USD Million
                Table Global External Beam Radiotherapy Sales Volume 2016-2020, by Company, in Volume
                Table Global External Beam Radiotherapy Sales Volume Share 2016-2020, by Company, in Volume
                Figure Global External Beam Radiotherapy Sales Volume Share in 2020, by Company, in Volume
    5.2 Regional Market by Company
                Figure North America External Beam Radiotherapy Market Concentration, in 2020
                Figure Europe External Beam Radiotherapy Market Market Concentration, in 2020
                Figure Asia-Pacific External Beam Radiotherapy MMarket Concentration, in 2020
                Figure South America External Beam Radiotherapy Market Concentration, in 2020
                Figure Middle East & Africa External Beam Radiotherapy Market Concentration, in 2020
6 Demand by End Market
    6.1 Demand Situation
        6.1.1 Demand in Hospitals
                Figure External Beam Radiotherapy Demand in Hospitals, 2016-2020, in USD Million
                Figure External Beam Radiotherapy Demand in Hospitals, 2016-2020, in Volume
        6.1.2 Demand in Ambulatory Radiotherapy Centers
                Figure External Beam Radiotherapy Demand in Ambulatory Radiotherapy Centers, 2016-2020, in USD Million
                Figure External Beam Radiotherapy Demand in Ambulatory Radiotherapy Centers, 2016-2020, in Volume
        6.1.3 Demand in Cancer Research Institutes
                Figure External Beam Radiotherapy Demand in Cancer Research Institutes, 2016-2020, in USD Million
                Figure External Beam Radiotherapy Demand in Cancer Research Institutes, 2016-2020, in Volume
    6.2 Regional Demand Comparison
                Table Regional Demand Comparison List
                Table Major Application in Different Regions
    6.3 Demand Forecast
                Table External Beam Radiotherapy Demand Forecast 2021-2026, by Application, in USD Million
                Figure External Beam Radiotherapy Market Growth 2021-2026, by Application, in USD Million
                Figure External Beam Radiotherapy Market Share in 2026, by Application, in USD Million
                Table External Beam Radiotherapy Demand Forecast 2021-2026, by Application, in Volume
                Table External Beam Radiotherapy Market Growth 2021-2026, by Application, in Volume
                Table External Beam Radiotherapy Market Share in 2026, by Application, in Volume
    6.4 Impact of the COVID-19 on the Demand
7 Region Operation
    7.1 Regional Production
                Table External Beam Radiotherapy Production 2016-2020, by Region, in USD Million
                Table External Beam Radiotherapy Production 2016-2020, by Region, in Volume
    7.2 Regional Market
                Table Global External Beam Radiotherapy Market 2016-2020, by Region, in USD Million
                Table Global External Beam Radiotherapy Market Share 2016-2020, by Region, in USD Million
                Table Global External Beam Radiotherapy Market 2016-2020, by Region, in Volume
                Table Global External Beam Radiotherapy Market Share 2016-2020, by Region, in Volume
    7.3 by Region
        7.3.1 North America
            7.3.1.1 Overview
                Figure North America External Beam Radiotherapy Market Size and Growth 2016-2020, in USD Million
                Figure North America External Beam Radiotherapy Market Size and Growth 2016-2020, in Volume
            7.3.1.2 by Country (U.S., Canada, Mexico)
                Table North America External Beam Radiotherapy Market Size 2016-2020, by Country, in USD Million
                Table North America External Beam Radiotherapy Market Size 2016-2020, by Country, in Volume
        7.3.2 Europe
            7.3.2.1 Overview
                Figure Europe External Beam Radiotherapy Market Size and Growth 2016-2020, in USD Million
                Figure Europe External Beam Radiotherapy Market Size and Growth 2016-2020, in Volume
            7.3.2.2 by Country (Germany, U.K., France, Italy, Russia, Spain etc.)
                Table Europe External Beam Radiotherapy Market Size 2016-2020, by Country, in USD Million
                Table Europe External Beam Radiotherapy Market Size 2016-2020, by Country, in Volume
        7.3.3 Asia-Pacific
            7.3.3.1 Overview
                Figure Asia-Pacific External Beam Radiotherapy Market Size and Growth 2016-2020, in USD Million
                Figure Asia-Pacific External Beam Radiotherapy Market Size and Growth 2016-2020, in Volume
            7.3.3.2 by Country (China, India, Japan, Southeast Asia etc.)
                Table Asia-Pacific External Beam Radiotherapy Market Size 2016-2020, by Country, in USD Million
                Table Asia-Pacific External Beam Radiotherapy Market Size 2016-2020, by Country, in Volume
        7.3.4 South America
            7.3.4.1 Overview
                Figure South America External Beam Radiotherapy Market Size and Growth 2016-2020, in USD Million
                Figure South America External Beam Radiotherapy Market Size and Growth 2016-2020, in Volume
            7.3.4.2 by Country (Brazil, Argentina etc.)
                Table South America External Beam Radiotherapy Market Size 2016-2020, by Country, in USD Million
                Table South America External Beam Radiotherapy Market Size 2016-2020, by Country, in Volume
        7.3.5 Middle East & Africa
            7.3.5.1 Overview
                Figure Middle East & Africa External Beam Radiotherapy Market Size and Growth 2016-2020, in USD Million
                Figure Middle East & Africa External Beam Radiotherapy Market Size and Growth 2016-2020, in Volume
            7.3.5.2 by Country (Saudi Arabia, South Africa etc.)
                Table Middle East & Africa External Beam Radiotherapy Market Size 2016-2020, by Country, in USD Million
                Table Middle East & Africa External Beam Radiotherapy Market Size 2016-2020, by Country, in Volume
    7.4 Regional Import & Export
    7.5 Regional Forecast
                Table External Beam Radiotherapy Market Forecast 2021-2026, by Region, in USD Million
                Table External Beam Radiotherapy Market Forecast 2021-2026, by Region, in Volume
8 Marketing & Price
    8.1 Price and Margin
        8.1.1 Price Trends
        8.1.2 Factors of Price Change
                Table Price Factors List
        8.1.3 Manufacturers Gross Margin Analysis
    8.2 Marketing Channel
                Figure Marketing Channels Overview
9 Research Conclusion","List of Table
1.                Table Upstream Segment of External Beam Radiotherapy
2.                Table Application Segment of External Beam Radiotherapy
3.                Table Global External Beam Radiotherapy Market 2016-2026, by Application, in USD Million
4.                Table Major Company List of Image-guided Radiotherapy (IGRT)
5.                Table Major Company List of TomoTherapy
6.                Table Major Company List of Stereotactic Therapy
7.                Table Major Company List of 3D Conformal Radiotherapy
8.                Table Major Company List of Particle Beam Therapy
9.                Table Major Company List of Volumetric Modulated Arc Therapy
10.                Table Global External Beam Radiotherapy Market 2016-2020, by Type, in USD Million
11.                Table Global External Beam Radiotherapy Market 2016-2020, by Type, in Volume
12.                Table Global External Beam Radiotherapy Market Forecast 2021-2026, by Type, in USD Million
13.                Table Global External Beam Radiotherapy Market Forecast 2021-2026, by Type, in Volume
14.                Table Varian Medical Systems, Inc. (U.S.) Overview List
15.                Table Business Operation of Varian Medical Systems, Inc. (U.S.) (Sales Revenue, Sales Volume, Price, Cost, Gross Margin)
16.                Table Elekta AB (Sweden) Overview List
17.                Table Business Operation of Elekta AB (Sweden) (Sales Revenue, Sales Volume, Price, Cost, Gross Margin)
18.                Table Accuray Incorporated (U.S.) Overview List
19.                Table Business Operation of Accuray Incorporated (U.S.) (Sales Revenue, Sales Volume, Price, Cost, Gross Margin)
20.                Table Ion Beam Applications (IBA) (Belgium) Overview List
21.                Table Business Operation of Ion Beam Applications (IBA) (Belgium) (Sales Revenue, Sales Volume, Price, Cost, Gross Margin)
22.                Table Nordion, Inc. (Canada) Overview List
23.                Table Business Operation of Nordion, Inc. (Canada) (Sales Revenue, Sales Volume, Price, Cost, Gross Margin)
24.                Table C. R. Bard, Inc. (U.S.) Overview List
25.                Table Business Operation of C. R. Bard, Inc. (U.S.) (Sales Revenue, Sales Volume, Price, Cost, Gross Margin)
26.                Table Global External Beam Radiotherapy Sales Revenue 2016-2020, by Company, in USD Million
27.                Table Global External Beam Radiotherapy Sales Revenue Share 2016-2020, by Company, in USD Million
28.                Table Global External Beam Radiotherapy Sales Volume 2016-2020, by Company, in Volume
29.                Table Global External Beam Radiotherapy Sales Volume Share 2016-2020, by Company, in Volume
30.                Table Regional Demand Comparison List
31.                Table Major Application in Different Regions
32.                Table External Beam Radiotherapy Demand Forecast 2021-2026, by Application, in USD Million
33.                Table External Beam Radiotherapy Demand Forecast 2021-2026, by Application, in Volume
34.                Table External Beam Radiotherapy Market Growth 2021-2026, by Application, in Volume
35.                Table External Beam Radiotherapy Market Share in 2026, by Application, in Volume
36.                Table External Beam Radiotherapy Production 2016-2020, by Region, in USD Million
37.                Table External Beam Radiotherapy Production 2016-2020, by Region, in Volume
38.                Table Global External Beam Radiotherapy Market 2016-2020, by Region, in USD Million
39.                Table Global External Beam Radiotherapy Market Share 2016-2020, by Region, in USD Million
40.                Table Global External Beam Radiotherapy Market 2016-2020, by Region, in Volume
41.                Table Global External Beam Radiotherapy Market Share 2016-2020, by Region, in Volume
42.                Table North America External Beam Radiotherapy Market Size 2016-2020, by Country, in USD Million
43.                Table North America External Beam Radiotherapy Market Size 2016-2020, by Country, in Volume
44.                Table Europe External Beam Radiotherapy Market Size 2016-2020, by Country, in USD Million
45.                Table Europe External Beam Radiotherapy Market Size 2016-2020, by Country, in Volume
46.                Table Asia-Pacific External Beam Radiotherapy Market Size 2016-2020, by Country, in USD Million
47.                Table Asia-Pacific External Beam Radiotherapy Market Size 2016-2020, by Country, in Volume
48.                Table South America External Beam Radiotherapy Market Size 2016-2020, by Country, in USD Million
49.                Table South America External Beam Radiotherapy Market Size 2016-2020, by Country, in Volume
50.                Table Middle East & Africa External Beam Radiotherapy Market Size 2016-2020, by Country, in USD Million
51.                Table Middle East & Africa External Beam Radiotherapy Market Size 2016-2020, by Country, in Volume
52.                Table External Beam Radiotherapy Market Forecast 2021-2026, by Region, in USD Million
53.                Table External Beam Radiotherapy Market Forecast 2021-2026, by Region, in Volume
54.                Table Price Factors List","List of Figure
1.                Figure External Beam Radiotherapy Industry Chain Structure
2.                Figure Global External Beam Radiotherapy Market Growth 2016-2020, by Type, in USD Million
3.                Figure Global External Beam Radiotherapy Market Growth 2016-2020, by Type, in Volume
4.                Figure Global External Beam Radiotherapy Sales Revenue Share in 2020, by Company, in USD Million
5.                Figure Global External Beam Radiotherapy Sales Volume Share in 2020, by Company, in Volume
6.                Figure North America External Beam Radiotherapy Market Concentration, in 2020
7.                Figure Europe External Beam Radiotherapy Market Market Concentration, in 2020
8.                Figure Asia-Pacific External Beam Radiotherapy MMarket Concentration, in 2020
9.                Figure South America External Beam Radiotherapy Market Concentration, in 2020
10.                Figure Middle East & Africa External Beam Radiotherapy Market Concentration, in 2020
11.                Figure External Beam Radiotherapy Demand in Hospitals, 2016-2020, in USD Million
12.                Figure External Beam Radiotherapy Demand in Hospitals, 2016-2020, in Volume
13.                Figure External Beam Radiotherapy Demand in Ambulatory Radiotherapy Centers, 2016-2020, in USD Million
14.                Figure External Beam Radiotherapy Demand in Ambulatory Radiotherapy Centers, 2016-2020, in Volume
15.                Figure External Beam Radiotherapy Demand in Cancer Research Institutes, 2016-2020, in USD Million
16.                Figure External Beam Radiotherapy Demand in Cancer Research Institutes, 2016-2020, in Volume
17.                Figure External Beam Radiotherapy Market Growth 2021-2026, by Application, in USD Million
18.                Figure External Beam Radiotherapy Market Share in 2026, by Application, in USD Million
19.                Figure North America External Beam Radiotherapy Market Size and Growth 2016-2020, in USD Million
20.                Figure North America External Beam Radiotherapy Market Size and Growth 2016-2020, in Volume
21.                Figure Europe External Beam Radiotherapy Market Size and Growth 2016-2020, in USD Million
22.                Figure Europe External Beam Radiotherapy Market Size and Growth 2016-2020, in Volume
23.                Figure Asia-Pacific External Beam Radiotherapy Market Size and Growth 2016-2020, in USD Million
24.                Figure Asia-Pacific External Beam Radiotherapy Market Size and Growth 2016-2020, in Volume
25.                Figure South America External Beam Radiotherapy Market Size and Growth 2016-2020, in USD Million
26.                Figure South America External Beam Radiotherapy Market Size and Growth 2016-2020, in Volume
27.                Figure Middle East & Africa External Beam Radiotherapy Market Size and Growth 2016-2020, in USD Million
28.                Figure Middle East & Africa External Beam Radiotherapy Market Size and Growth 2016-2020, in Volume
29.                Figure Marketing Channels Overview","$2,980 ","$5,960 ","$5,960 ",99SGL298Lif20210200024806
7-Apr-21,"Life & Medical","Global Positron Emission Tomography (PET) System Market Analysis 2016-2020 and Forecast 2021-2026","Snapshot
The global Positron Emission Tomography (PET) System market size is estimated at xxx million USD with a CAGR xx% from 2016-2020 and is expected to reach xxx Million USD in 2021 with a CAGR xx% from 2021 to 2026. The report begins from overview of Industry Chain structure, and describes industry environment, then analyses market size and forecast of Positron Emission Tomography (PET) System by product, region and application, in addition, this report introduces market competition situation among the vendors and company profile, besides, market price analysis and value chain features are covered in this report.
Product Type Coverage (Market Size & Forecast, Major Company of Product Type etc.):
        Direct Imaging
        Indirect Imaging
        Alternative Imaging
Company Coverage (Company Profile, Sales Revenue, Price, Gross Margin, Main Products etc.):
        Boston Scientific
        SynchroPET
        Zecotek Photonics
        Brain Biosciences
        GE Healthcare
        Philips Healthcare
        Ray Vision Intl
Application Coverage (Market Size & Forecast, Different Demand Market by Region, Main Consumer Profile etc.):
        Tumor Diagnosis
        Coronary Heart Disease (CHD) Diagnosis
        Brain Disease Diagnosis
Region Coverage (Regional Production, Demand & Forecast by Countries etc.):
        North America (U.S., Canada, Mexico)
        Europe (Germany, U.K., France, Italy, Russia, Spain etc.)
        Asia-Pacific (China, India, Japan, Southeast Asia etc.)
        South America (Brazil, Argentina etc.)
        Middle East & Africa (Saudi Arabia, South Africa etc.)",81,"Table of Contents
1 Industry Overview
    1.1 Positron Emission Tomography (PET) System Industry
                Figure Positron Emission Tomography (PET) System Industry Chain Structure
        1.1.1 Overview
        1.1.2 Development of Positron Emission Tomography (PET) System
    1.2 Market Segment
        1.2.1 Upstream
                Table Upstream Segment of Positron Emission Tomography (PET) System
        1.2.2 Downstream
                Table Application Segment of Positron Emission Tomography (PET) System
                Table Global Positron Emission Tomography (PET) System Market 2016-2026, by Application, in USD Million
        1.2.3 COVID-19 Impact
    1.3 Cost Analysis
2 Industry Environment (PEST Analysis)
    2.1 Policy
    2.2 Economics
    2.3 Sociology
    2.4 Technology
3 Positron Emission Tomography (PET) System Market by Type
    3.1 By Type
        3.1.1 Direct Imaging
                Table Major Company List of Direct Imaging
        3.1.2 Indirect Imaging
                Table Major Company List of Indirect Imaging
        3.1.3 Alternative Imaging
                Table Major Company List of Alternative Imaging
    3.2 Market Size
                Table Global Positron Emission Tomography (PET) System Market 2016-2020, by Type, in USD Million
                Figure Global Positron Emission Tomography (PET) System Market Growth 2016-2020, by Type, in USD Million
                Table Global Positron Emission Tomography (PET) System Market 2016-2020, by Type, in Volume
                Figure Global Positron Emission Tomography (PET) System Market Growth 2016-2020, by Type, in Volume
    3.3 Market Forecast
                Table Global Positron Emission Tomography (PET) System Market Forecast 2021-2026, by Type, in USD Million
                Table Global Positron Emission Tomography (PET) System Market Forecast 2021-2026, by Type, in Volume
4 Major Companies List
    4.1 Boston Scientific (Company Profile, Sales Data etc.)
        4.1.1 Boston Scientific Profile
                Table Boston Scientific Overview List
        4.1.2 Boston Scientific Products & Services
        4.1.3 Boston Scientific Business Operation Conditions
                Table Business Operation of Boston Scientific (Sales Revenue, Sales Volume, Price, Cost, Gross Margin)
    4.2 SynchroPET (Company Profile, Sales Data etc.)
        4.2.1 SynchroPET Profile
                Table SynchroPET Overview List
        4.2.2 SynchroPET Products & Services
        4.2.3 SynchroPET Business Operation Conditions
                Table Business Operation of SynchroPET (Sales Revenue, Sales Volume, Price, Cost, Gross Margin)
    4.3 Zecotek Photonics (Company Profile, Sales Data etc.)
        4.3.1 Zecotek Photonics Profile
                Table Zecotek Photonics Overview List
        4.3.2 Zecotek Photonics Products & Services
        4.3.3 Zecotek Photonics Business Operation Conditions
                Table Business Operation of Zecotek Photonics (Sales Revenue, Sales Volume, Price, Cost, Gross Margin)
    4.4 Brain Biosciences (Company Profile, Sales Data etc.)
        4.4.1 Brain Biosciences Profile
                Table Brain Biosciences Overview List
        4.4.2 Brain Biosciences Products & Services
        4.4.3 Brain Biosciences Business Operation Conditions
                Table Business Operation of Brain Biosciences (Sales Revenue, Sales Volume, Price, Cost, Gross Margin)
    4.5 GE Healthcare (Company Profile, Sales Data etc.)
        4.5.1 GE Healthcare Profile
                Table GE Healthcare Overview List
        4.5.2 GE Healthcare Products & Services
        4.5.3 GE Healthcare Business Operation Conditions
                Table Business Operation of GE Healthcare (Sales Revenue, Sales Volume, Price, Cost, Gross Margin)
    4.6 Philips Healthcare (Company Profile, Sales Data etc.)
        4.6.1 Philips Healthcare Profile
                Table Philips Healthcare Overview List
        4.6.2 Philips Healthcare Products & Services
        4.6.3 Philips Healthcare Business Operation Conditions
                Table Business Operation of Philips Healthcare (Sales Revenue, Sales Volume, Price, Cost, Gross Margin)
    4.7 Ray Vision Intl (Company Profile, Sales Data etc.)
        4.7.1 Ray Vision Intl Profile
                Table Ray Vision Intl Overview List
        4.7.2 Ray Vision Intl Products & Services
        4.7.3 Ray Vision Intl Business Operation Conditions
                Table Business Operation of Ray Vision Intl (Sales Revenue, Sales Volume, Price, Cost, Gross Margin)
5 Market Competition
    5.1 Company Competition
                Table Global Positron Emission Tomography (PET) System Sales Revenue 2016-2020, by Company, in USD Million
                Table Global Positron Emission Tomography (PET) System Sales Revenue Share 2016-2020, by Company, in USD Million
                Figure Global Positron Emission Tomography (PET) System Sales Revenue Share in 2020, by Company, in USD Million
                Table Global Positron Emission Tomography (PET) System Sales Volume 2016-2020, by Company, in Volume
                Table Global Positron Emission Tomography (PET) System Sales Volume Share 2016-2020, by Company, in Volume
                Figure Global Positron Emission Tomography (PET) System Sales Volume Share in 2020, by Company, in Volume
    5.2 Regional Market by Company
                Figure North America Positron Emission Tomography (PET) System Market Concentration, in 2020
                Figure Europe Positron Emission Tomography (PET) System Market Market Concentration, in 2020
                Figure Asia-Pacific Positron Emission Tomography (PET) System MMarket Concentration, in 2020
                Figure South America Positron Emission Tomography (PET) System Market Concentration, in 2020
                Figure Middle East & Africa Positron Emission Tomography (PET) System Market Concentration, in 2020
6 Demand by End Market
    6.1 Demand Situation
        6.1.1 Demand in Tumor Diagnosis
                Figure Positron Emission Tomography (PET) System Demand in Tumor Diagnosis, 2016-2020, in USD Million
                Figure Positron Emission Tomography (PET) System Demand in Tumor Diagnosis, 2016-2020, in Volume
        6.1.2 Demand in Coronary Heart Disease (CHD) Diagnosis
                Figure Positron Emission Tomography (PET) System Demand in Coronary Heart Disease (CHD) Diagnosis, 2016-2020, in USD Million
                Figure Positron Emission Tomography (PET) System Demand in Coronary Heart Disease (CHD) Diagnosis, 2016-2020, in Volume
        6.1.3 Demand in Brain Disease Diagnosis
                Figure Positron Emission Tomography (PET) System Demand in Brain Disease Diagnosis, 2016-2020, in USD Million
                Figure Positron Emission Tomography (PET) System Demand in Brain Disease Diagnosis, 2016-2020, in Volume
    6.2 Regional Demand Comparison
                Table Regional Demand Comparison List
                Table Major Application in Different Regions
    6.3 Demand Forecast
                Table Positron Emission Tomography (PET) System Demand Forecast 2021-2026, by Application, in USD Million
                Figure Positron Emission Tomography (PET) System Market Growth 2021-2026, by Application, in USD Million
                Figure Positron Emission Tomography (PET) System Market Share in 2026, by Application, in USD Million
                Table Positron Emission Tomography (PET) System Demand Forecast 2021-2026, by Application, in Volume
                Table Positron Emission Tomography (PET) System Market Growth 2021-2026, by Application, in Volume
                Table Positron Emission Tomography (PET) System Market Share in 2026, by Application, in Volume
    6.4 Impact of the COVID-19 on the Demand
7 Region Operation
    7.1 Regional Production
                Table Positron Emission Tomography (PET) System Production 2016-2020, by Region, in USD Million
                Table Positron Emission Tomography (PET) System Production 2016-2020, by Region, in Volume
    7.2 Regional Market
                Table Global Positron Emission Tomography (PET) System Market 2016-2020, by Region, in USD Million
                Table Global Positron Emission Tomography (PET) System Market Share 2016-2020, by Region, in USD Million
                Table Global Positron Emission Tomography (PET) System Market 2016-2020, by Region, in Volume
                Table Global Positron Emission Tomography (PET) System Market Share 2016-2020, by Region, in Volume
    7.3 by Region
        7.3.1 North America
            7.3.1.1 Overview
                Figure North America Positron Emission Tomography (PET) System Market Size and Growth 2016-2020, in USD Million
                Figure North America Positron Emission Tomography (PET) System Market Size and Growth 2016-2020, in Volume
            7.3.1.2 by Country (U.S., Canada, Mexico)
                Table North America Positron Emission Tomography (PET) System Market Size 2016-2020, by Country, in USD Million
                Table North America Positron Emission Tomography (PET) System Market Size 2016-2020, by Country, in Volume
        7.3.2 Europe
            7.3.2.1 Overview
                Figure Europe Positron Emission Tomography (PET) System Market Size and Growth 2016-2020, in USD Million
                Figure Europe Positron Emission Tomography (PET) System Market Size and Growth 2016-2020, in Volume
            7.3.2.2 by Country (Germany, U.K., France, Italy, Russia, Spain etc.)
                Table Europe Positron Emission Tomography (PET) System Market Size 2016-2020, by Country, in USD Million
                Table Europe Positron Emission Tomography (PET) System Market Size 2016-2020, by Country, in Volume
        7.3.3 Asia-Pacific
            7.3.3.1 Overview
                Figure Asia-Pacific Positron Emission Tomography (PET) System Market Size and Growth 2016-2020, in USD Million
                Figure Asia-Pacific Positron Emission Tomography (PET) System Market Size and Growth 2016-2020, in Volume
            7.3.3.2 by Country (China, India, Japan, Southeast Asia etc.)
                Table Asia-Pacific Positron Emission Tomography (PET) System Market Size 2016-2020, by Country, in USD Million
                Table Asia-Pacific Positron Emission Tomography (PET) System Market Size 2016-2020, by Country, in Volume
        7.3.4 South America
            7.3.4.1 Overview
                Figure South America Positron Emission Tomography (PET) System Market Size and Growth 2016-2020, in USD Million
                Figure South America Positron Emission Tomography (PET) System Market Size and Growth 2016-2020, in Volume
            7.3.4.2 by Country (Brazil, Argentina etc.)
                Table South America Positron Emission Tomography (PET) System Market Size 2016-2020, by Country, in USD Million
                Table South America Positron Emission Tomography (PET) System Market Size 2016-2020, by Country, in Volume
        7.3.5 Middle East & Africa
            7.3.5.1 Overview
                Figure Middle East & Africa Positron Emission Tomography (PET) System Market Size and Growth 2016-2020, in USD Million
                Figure Middle East & Africa Positron Emission Tomography (PET) System Market Size and Growth 2016-2020, in Volume
            7.3.5.2 by Country (Saudi Arabia, South Africa etc.)
                Table Middle East & Africa Positron Emission Tomography (PET) System Market Size 2016-2020, by Country, in USD Million
                Table Middle East & Africa Positron Emission Tomography (PET) System Market Size 2016-2020, by Country, in Volume
    7.4 Regional Import & Export
    7.5 Regional Forecast
                Table Positron Emission Tomography (PET) System Market Forecast 2021-2026, by Region, in USD Million
                Table Positron Emission Tomography (PET) System Market Forecast 2021-2026, by Region, in Volume
8 Marketing & Price
    8.1 Price and Margin
        8.1.1 Price Trends
        8.1.2 Factors of Price Change
                Table Price Factors List
        8.1.3 Manufacturers Gross Margin Analysis
    8.2 Marketing Channel
                Figure Marketing Channels Overview
9 Research Conclusion","List of Table
1.                Table Upstream Segment of Positron Emission Tomography (PET) System
2.                Table Application Segment of Positron Emission Tomography (PET) System
3.                Table Global Positron Emission Tomography (PET) System Market 2016-2026, by Application, in USD Million
4.                Table Major Company List of Indirect Imaging
5.                Table Major Company List of Alternative Imaging
6.                Table Global Positron Emission Tomography (PET) System Market 2016-2020, by Type, in USD Million
7.                Table Global Positron Emission Tomography (PET) System Market 2016-2020, by Type, in Volume
8.                Table Global Positron Emission Tomography (PET) System Market Forecast 2021-2026, by Type, in USD Million
9.                Table Global Positron Emission Tomography (PET) System Market Forecast 2021-2026, by Type, in Volume
10.                Table Boston Scientific Overview List
11.                Table Business Operation of Boston Scientific (Sales Revenue, Sales Volume, Price, Cost, Gross Margin)
12.                Table SynchroPET Overview List
13.                Table Business Operation of SynchroPET (Sales Revenue, Sales Volume, Price, Cost, Gross Margin)
14.                Table Zecotek Photonics Overview List
15.                Table Business Operation of Zecotek Photonics (Sales Revenue, Sales Volume, Price, Cost, Gross Margin)
16.                Table Brain Biosciences Overview List
17.                Table Business Operation of Brain Biosciences (Sales Revenue, Sales Volume, Price, Cost, Gross Margin)
18.                Table GE Healthcare Overview List
19.                Table Business Operation of GE Healthcare (Sales Revenue, Sales Volume, Price, Cost, Gross Margin)
20.                Table Philips Healthcare Overview List
21.                Table Business Operation of Philips Healthcare (Sales Revenue, Sales Volume, Price, Cost, Gross Margin)
22.                Table Ray Vision Intl Overview List
23.                Table Business Operation of Ray Vision Intl (Sales Revenue, Sales Volume, Price, Cost, Gross Margin)
24.                Table Global Positron Emission Tomography (PET) System Sales Revenue 2016-2020, by Company, in USD Million
25.                Table Global Positron Emission Tomography (PET) System Sales Revenue Share 2016-2020, by Company, in USD Million
26.                Table Global Positron Emission Tomography (PET) System Sales Volume 2016-2020, by Company, in Volume
27.                Table Global Positron Emission Tomography (PET) System Sales Volume Share 2016-2020, by Company, in Volume
28.                Table Regional Demand Comparison List
29.                Table Major Application in Different Regions
30.                Table Positron Emission Tomography (PET) System Demand Forecast 2021-2026, by Application, in USD Million
31.                Table Positron Emission Tomography (PET) System Demand Forecast 2021-2026, by Application, in Volume
32.                Table Positron Emission Tomography (PET) System Market Growth 2021-2026, by Application, in Volume
33.                Table Positron Emission Tomography (PET) System Market Share in 2026, by Application, in Volume
34.                Table Positron Emission Tomography (PET) System Production 2016-2020, by Region, in USD Million
35.                Table Positron Emission Tomography (PET) System Production 2016-2020, by Region, in Volume
36.                Table Global Positron Emission Tomography (PET) System Market 2016-2020, by Region, in USD Million
37.                Table Global Positron Emission Tomography (PET) System Market Share 2016-2020, by Region, in USD Million
38.                Table Global Positron Emission Tomography (PET) System Market 2016-2020, by Region, in Volume
39.                Table Global Positron Emission Tomography (PET) System Market Share 2016-2020, by Region, in Volume
40.                Table North America Positron Emission Tomography (PET) System Market Size 2016-2020, by Country, in USD Million
41.                Table North America Positron Emission Tomography (PET) System Market Size 2016-2020, by Country, in Volume
42.                Table Europe Positron Emission Tomography (PET) System Market Size 2016-2020, by Country, in USD Million
43.                Table Europe Positron Emission Tomography (PET) System Market Size 2016-2020, by Country, in Volume
44.                Table Asia-Pacific Positron Emission Tomography (PET) System Market Size 2016-2020, by Country, in USD Million
45.                Table Asia-Pacific Positron Emission Tomography (PET) System Market Size 2016-2020, by Country, in Volume
46.                Table South America Positron Emission Tomography (PET) System Market Size 2016-2020, by Country, in USD Million
47.                Table South America Positron Emission Tomography (PET) System Market Size 2016-2020, by Country, in Volume
48.                Table Middle East & Africa Positron Emission Tomography (PET) System Market Size 2016-2020, by Country, in USD Million
49.                Table Middle East & Africa Positron Emission Tomography (PET) System Market Size 2016-2020, by Country, in Volume
50.                Table Positron Emission Tomography (PET) System Market Forecast 2021-2026, by Region, in USD Million
51.                Table Positron Emission Tomography (PET) System Market Forecast 2021-2026, by Region, in Volume
52.                Table Price Factors List","List of Figure
1.                Figure Positron Emission Tomography (PET) System Industry Chain Structure
2.                Figure Global Positron Emission Tomography (PET) System Market Growth 2016-2020, by Type, in USD Million
3.                Figure Global Positron Emission Tomography (PET) System Market Growth 2016-2020, by Type, in Volume
4.                Figure Global Positron Emission Tomography (PET) System Sales Revenue Share in 2020, by Company, in USD Million
5.                Figure Global Positron Emission Tomography (PET) System Sales Volume Share in 2020, by Company, in Volume
6.                Figure North America Positron Emission Tomography (PET) System Market Concentration, in 2020
7.                Figure Europe Positron Emission Tomography (PET) System Market Market Concentration, in 2020
8.                Figure Asia-Pacific Positron Emission Tomography (PET) System MMarket Concentration, in 2020
9.                Figure South America Positron Emission Tomography (PET) System Market Concentration, in 2020
10.                Figure Middle East & Africa Positron Emission Tomography (PET) System Market Concentration, in 2020
11.                Figure Positron Emission Tomography (PET) System Demand in Tumor Diagnosis, 2016-2020, in USD Million
12.                Figure Positron Emission Tomography (PET) System Demand in Tumor Diagnosis, 2016-2020, in Volume
13.                Figure Positron Emission Tomography (PET) System Demand in Coronary Heart Disease (CHD) Diagnosis, 2016-2020, in USD Million
14.                Figure Positron Emission Tomography (PET) System Demand in Coronary Heart Disease (CHD) Diagnosis, 2016-2020, in Volume
15.                Figure Positron Emission Tomography (PET) System Demand in Brain Disease Diagnosis, 2016-2020, in USD Million
16.                Figure Positron Emission Tomography (PET) System Demand in Brain Disease Diagnosis, 2016-2020, in Volume
17.                Figure Positron Emission Tomography (PET) System Market Growth 2021-2026, by Application, in USD Million
18.                Figure Positron Emission Tomography (PET) System Market Share in 2026, by Application, in USD Million
19.                Figure North America Positron Emission Tomography (PET) System Market Size and Growth 2016-2020, in USD Million
20.                Figure North America Positron Emission Tomography (PET) System Market Size and Growth 2016-2020, in Volume
21.                Figure Europe Positron Emission Tomography (PET) System Market Size and Growth 2016-2020, in USD Million
22.                Figure Europe Positron Emission Tomography (PET) System Market Size and Growth 2016-2020, in Volume
23.                Figure Asia-Pacific Positron Emission Tomography (PET) System Market Size and Growth 2016-2020, in USD Million
24.                Figure Asia-Pacific Positron Emission Tomography (PET) System Market Size and Growth 2016-2020, in Volume
25.                Figure South America Positron Emission Tomography (PET) System Market Size and Growth 2016-2020, in USD Million
26.                Figure South America Positron Emission Tomography (PET) System Market Size and Growth 2016-2020, in Volume
27.                Figure Middle East & Africa Positron Emission Tomography (PET) System Market Size and Growth 2016-2020, in USD Million
28.                Figure Middle East & Africa Positron Emission Tomography (PET) System Market Size and Growth 2016-2020, in Volume
29.                Figure Marketing Channels Overview","$2,980 ","$5,960 ","$5,960 ",99SGL298Lif20210200024807
7-Apr-21,"Life & Medical","Global EVAR Stent Grafts Market Analysis 2016-2020 and Forecast 2021-2026","Snapshot
The global EVAR Stent Grafts market size is estimated at xxx million USD with a CAGR xx% from 2016-2020 and is expected to reach xxx Million USD in 2021 with a CAGR xx% from 2021 to 2026. The report begins from overview of Industry Chain structure, and describes industry environment, then analyses market size and forecast of EVAR Stent Grafts by product, region and application, in addition, this report introduces market competition situation among the vendors and company profile, besides, market price analysis and value chain features are covered in this report.
Product Type Coverage (Market Size & Forecast, Major Company of Product Type etc.):
        Abdominal Aortic Stent Grafts
        Thoracic Aortic Stent Grafts
Company Coverage (Company Profile, Sales Revenue, Price, Gross Margin, Main Products etc.):
        Medtronic
        Terumo(Vascutek)
        Cook
        Boston Scientific
        Cardinal Health(Cordis?
        Endologix?Inc
        TriVascular
        MicroPort Scientific Corporation
Application Coverage (Market Size & Forecast, Different Demand Market by Region, Main Consumer Profile etc.):
        Ruptured AAA treatment
        Traumatic aortic injury treatment
Region Coverage (Regional Production, Demand & Forecast by Countries etc.):
        North America (U.S., Canada, Mexico)
        Europe (Germany, U.K., France, Italy, Russia, Spain etc.)
        Asia-Pacific (China, India, Japan, Southeast Asia etc.)
        South America (Brazil, Argentina etc.)
        Middle East & Africa (Saudi Arabia, South Africa etc.)",90,"Table of Contents
1 Industry Overview
    1.1 EVAR Stent Grafts Industry
                Figure EVAR Stent Grafts Industry Chain Structure
        1.1.1 Overview
        1.1.2 Development of EVAR Stent Grafts
    1.2 Market Segment
        1.2.1 Upstream
                Table Upstream Segment of EVAR Stent Grafts
        1.2.2 Downstream
                Table Application Segment of EVAR Stent Grafts
                Table Global EVAR Stent Grafts Market 2016-2026, by Application, in USD Million
        1.2.3 COVID-19 Impact
    1.3 Cost Analysis
2 Industry Environment (PEST Analysis)
    2.1 Policy
    2.2 Economics
    2.3 Sociology
    2.4 Technology
3 EVAR Stent Grafts Market by Type
    3.1 By Type
        3.1.1 Abdominal Aortic Stent Grafts
                Table Major Company List of Abdominal Aortic Stent Grafts
        3.1.2 Thoracic Aortic Stent Grafts
                Table Major Company List of Thoracic Aortic Stent Grafts
    3.2 Market Size
                Table Global EVAR Stent Grafts Market 2016-2020, by Type, in USD Million
                Figure Global EVAR Stent Grafts Market Growth 2016-2020, by Type, in USD Million
                Table Global EVAR Stent Grafts Market 2016-2020, by Type, in Kilo Units
                Figure Global EVAR Stent Grafts Market Growth 2016-2020, by Type, in Kilo Units
    3.3 Market Forecast
                Table Global EVAR Stent Grafts Market Forecast 2021-2026, by Type, in USD Million
                Table Global EVAR Stent Grafts Market Forecast 2021-2026, by Type, in Kilo Units
4 Major Companies List
    4.1 Medtronic (Company Profile, Sales Data etc.)
        4.1.1 Medtronic Profile
                Table Medtronic Overview List
        4.1.2 Medtronic Products & Services
        4.1.3 Medtronic Business Operation Conditions
                Table Business Operation of Medtronic (Sales Revenue, Sales Volume, Price, Cost, Gross Margin)
    4.2 Terumo(Vascutek) (Company Profile, Sales Data etc.)
        4.2.1 Terumo(Vascutek) Profile
                Table Terumo(Vascutek) Overview List
        4.2.2 Terumo(Vascutek) Products & Services
        4.2.3 Terumo(Vascutek) Business Operation Conditions
                Table Business Operation of Terumo(Vascutek) (Sales Revenue, Sales Volume, Price, Cost, Gross Margin)
    4.3 Cook (Company Profile, Sales Data etc.)
        4.3.1 Cook Profile
                Table Cook Overview List
        4.3.2 Cook Products & Services
        4.3.3 Cook Business Operation Conditions
                Table Business Operation of Cook (Sales Revenue, Sales Volume, Price, Cost, Gross Margin)
    4.4 Boston Scientific (Company Profile, Sales Data etc.)
        4.4.1 Boston Scientific Profile
                Table Boston Scientific Overview List
        4.4.2 Boston Scientific Products & Services
        4.4.3 Boston Scientific Business Operation Conditions
                Table Business Operation of Boston Scientific (Sales Revenue, Sales Volume, Price, Cost, Gross Margin)
    4.5 Cardinal Health(Cordis? (Company Profile, Sales Data etc.)
        4.5.1 Cardinal Health(Cordis? Profile
                Table Cardinal Health(Cordis? Overview List
        4.5.2 Cardinal Health(Cordis? Products & Services
        4.5.3 Cardinal Health(Cordis? Business Operation Conditions
                Table Business Operation of Cardinal Health(Cordis? (Sales Revenue, Sales Volume, Price, Cost, Gross Margin)
    4.6 Endologix?Inc (Company Profile, Sales Data etc.)
        4.6.1 Endologix?Inc Profile
                Table Endologix?Inc Overview List
        4.6.2 Endologix?Inc Products & Services
        4.6.3 Endologix?Inc Business Operation Conditions
                Table Business Operation of Endologix?Inc (Sales Revenue, Sales Volume, Price, Cost, Gross Margin)
    4.7 TriVascular (Company Profile, Sales Data etc.)
        4.7.1 TriVascular Profile
                Table TriVascular Overview List
        4.7.2 TriVascular Products & Services
        4.7.3 TriVascular Business Operation Conditions
                Table Business Operation of TriVascular (Sales Revenue, Sales Volume, Price, Cost, Gross Margin)
    4.8 MicroPort Scientific Corporation (Company Profile, Sales Data etc.)
        4.8.1 MicroPort Scientific Corporation Profile
                Table MicroPort Scientific Corporation Overview List
        4.8.2 MicroPort Scientific Corporation Products & Services
        4.8.3 MicroPort Scientific Corporation Business Operation Conditions
                Table Business Operation of MicroPort Scientific Corporation (Sales Revenue, Sales Volume, Price, Cost, Gross Margin)
5 Market Competition
    5.1 Company Competition
                Table Global EVAR Stent Grafts Sales Revenue 2016-2020, by Company, in USD Million
                Table Global EVAR Stent Grafts Sales Revenue Share 2016-2020, by Company, in USD Million
                Figure Global EVAR Stent Grafts Sales Revenue Share in 2020, by Company, in USD Million
                Table Global EVAR Stent Grafts Sales Volume 2016-2020, by Company, in Kilo Units
                Table Global EVAR Stent Grafts Sales Volume Share 2016-2020, by Company, in Kilo Units
                Figure Global EVAR Stent Grafts Sales Volume Share in 2020, by Company, in Kilo Units
    5.2 Regional Market by Company
                Figure North America EVAR Stent Grafts Market Concentration, in 2020
                Figure Europe EVAR Stent Grafts Market Market Concentration, in 2020
                Figure Asia-Pacific EVAR Stent Grafts MMarket Concentration, in 2020
                Figure South America EVAR Stent Grafts Market Concentration, in 2020
                Figure Middle East & Africa EVAR Stent Grafts Market Concentration, in 2020
6 Demand by End Market
    6.1 Demand Situation
        6.1.1 Demand in Ruptured AAA treatment
                Figure EVAR Stent Grafts Demand in Ruptured AAA treatment, 2016-2020, in USD Million
                Figure EVAR Stent Grafts Demand in Ruptured AAA treatment, 2016-2020, in Kilo Units
        6.1.2 Demand in Traumatic aortic injury treatment
                Figure EVAR Stent Grafts Demand in Traumatic aortic injury treatment, 2016-2020, in USD Million
                Figure EVAR Stent Grafts Demand in Traumatic aortic injury treatment, 2016-2020, in Kilo Units
    6.2 Regional Demand Comparison
                Table Regional Demand Comparison List
                Table Major Application in Different Regions
    6.3 Demand Forecast
                Table EVAR Stent Grafts Demand Forecast 2021-2026, by Application, in USD Million
                Figure EVAR Stent Grafts Market Growth 2021-2026, by Application, in USD Million
                Figure EVAR Stent Grafts Market Share in 2026, by Application, in USD Million
                Table EVAR Stent Grafts Demand Forecast 2021-2026, by Application, in Kilo Units
                Table EVAR Stent Grafts Market Growth 2021-2026, by Application, in Kilo Units
                Table EVAR Stent Grafts Market Share in 2026, by Application, in Kilo Units
    6.4 Impact of the COVID-19 on the Demand
7 Region Operation
    7.1 Regional Production
                Table EVAR Stent Grafts Production 2016-2020, by Region, in USD Million
                Table EVAR Stent Grafts Production 2016-2020, by Region, in Kilo Units
    7.2 Regional Market
                Table Global EVAR Stent Grafts Market 2016-2020, by Region, in USD Million
                Table Global EVAR Stent Grafts Market Share 2016-2020, by Region, in USD Million
                Table Global EVAR Stent Grafts Market 2016-2020, by Region, in Kilo Units
                Table Global EVAR Stent Grafts Market Share 2016-2020, by Region, in Kilo Units
    7.3 by Region
        7.3.1 North America
            7.3.1.1 Overview
                Figure North America EVAR Stent Grafts Market Size and Growth 2016-2020, in USD Million
                Figure North America EVAR Stent Grafts Market Size and Growth 2016-2020, in Kilo Units
            7.3.1.2 by Country (U.S., Canada, Mexico)
                Table North America EVAR Stent Grafts Market Size 2016-2020, by Country, in USD Million
                Table North America EVAR Stent Grafts Market Size 2016-2020, by Country, in Kilo Units
        7.3.2 Europe
            7.3.2.1 Overview
                Figure Europe EVAR Stent Grafts Market Size and Growth 2016-2020, in USD Million
                Figure Europe EVAR Stent Grafts Market Size and Growth 2016-2020, in Kilo Units
            7.3.2.2 by Country (Germany, U.K., France, Italy, Russia, Spain etc.)
                Table Europe EVAR Stent Grafts Market Size 2016-2020, by Country, in USD Million
                Table Europe EVAR Stent Grafts Market Size 2016-2020, by Country, in Kilo Units
        7.3.3 Asia-Pacific
            7.3.3.1 Overview
                Figure Asia-Pacific EVAR Stent Grafts Market Size and Growth 2016-2020, in USD Million
                Figure Asia-Pacific EVAR Stent Grafts Market Size and Growth 2016-2020, in Kilo Units
            7.3.3.2 by Country (China, India, Japan, Southeast Asia etc.)
                Table Asia-Pacific EVAR Stent Grafts Market Size 2016-2020, by Country, in USD Million
                Table Asia-Pacific EVAR Stent Grafts Market Size 2016-2020, by Country, in Kilo Units
        7.3.4 South America
            7.3.4.1 Overview
                Figure South America EVAR Stent Grafts Market Size and Growth 2016-2020, in USD Million
                Figure South America EVAR Stent Grafts Market Size and Growth 2016-2020, in Kilo Units
            7.3.4.2 by Country (Brazil, Argentina etc.)
                Table South America EVAR Stent Grafts Market Size 2016-2020, by Country, in USD Million
                Table South America EVAR Stent Grafts Market Size 2016-2020, by Country, in Kilo Units
        7.3.5 Middle East & Africa
            7.3.5.1 Overview
                Figure Middle East & Africa EVAR Stent Grafts Market Size and Growth 2016-2020, in USD Million
                Figure Middle East & Africa EVAR Stent Grafts Market Size and Growth 2016-2020, in Kilo Units
            7.3.5.2 by Country (Saudi Arabia, South Africa etc.)
                Table Middle East & Africa EVAR Stent Grafts Market Size 2016-2020, by Country, in USD Million
                Table Middle East & Africa EVAR Stent Grafts Market Size 2016-2020, by Country, in Kilo Units
    7.4 Regional Import & Export
    7.5 Regional Forecast
                Table EVAR Stent Grafts Market Forecast 2021-2026, by Region, in USD Million
                Table EVAR Stent Grafts Market Forecast 2021-2026, by Region, in Kilo Units
8 Marketing & Price
    8.1 Price and Margin
        8.1.1 Price Trends
        8.1.2 Factors of Price Change
                Table Price Factors List
        8.1.3 Manufacturers Gross Margin Analysis
    8.2 Marketing Channel
                Figure Marketing Channels Overview
9 Research Conclusion","List of Table
1.                Table Upstream Segment of EVAR Stent Grafts
2.                Table Application Segment of EVAR Stent Grafts
3.                Table Global EVAR Stent Grafts Market 2016-2026, by Application, in USD Million
4.                Table Major Company List of Thoracic Aortic Stent Grafts
5.                Table Global EVAR Stent Grafts Market 2016-2020, by Type, in USD Million
6.                Table Global EVAR Stent Grafts Market 2016-2020, by Type, in Kilo Units
7.                Table Global EVAR Stent Grafts Market Forecast 2021-2026, by Type, in USD Million
8.                Table Global EVAR Stent Grafts Market Forecast 2021-2026, by Type, in Kilo Units
9.                Table Medtronic Overview List
10.                Table Business Operation of Medtronic (Sales Revenue, Sales Volume, Price, Cost, Gross Margin)
11.                Table Terumo(Vascutek) Overview List
12.                Table Business Operation of Terumo(Vascutek) (Sales Revenue, Sales Volume, Price, Cost, Gross Margin)
13.                Table Cook Overview List
14.                Table Business Operation of Cook (Sales Revenue, Sales Volume, Price, Cost, Gross Margin)
15.                Table Boston Scientific Overview List
16.                Table Business Operation of Boston Scientific (Sales Revenue, Sales Volume, Price, Cost, Gross Margin)
17.                Table Cardinal Health(Cordis? Overview List
18.                Table Business Operation of Cardinal Health(Cordis? (Sales Revenue, Sales Volume, Price, Cost, Gross Margin)
19.                Table Endologix?Inc Overview List
20.                Table Business Operation of Endologix?Inc (Sales Revenue, Sales Volume, Price, Cost, Gross Margin)
21.                Table TriVascular Overview List
22.                Table Business Operation of TriVascular (Sales Revenue, Sales Volume, Price, Cost, Gross Margin)
23.                Table MicroPort Scientific Corporation Overview List
24.                Table Business Operation of MicroPort Scientific Corporation (Sales Revenue, Sales Volume, Price, Cost, Gross Margin)
25.                Table Global EVAR Stent Grafts Sales Revenue 2016-2020, by Company, in USD Million
26.                Table Global EVAR Stent Grafts Sales Revenue Share 2016-2020, by Company, in USD Million
27.                Table Global EVAR Stent Grafts Sales Volume 2016-2020, by Company, in Kilo Units
28.                Table Global EVAR Stent Grafts Sales Volume Share 2016-2020, by Company, in Kilo Units
29.                Table Regional Demand Comparison List
30.                Table Major Application in Different Regions
31.                Table EVAR Stent Grafts Demand Forecast 2021-2026, by Application, in USD Million
32.                Table EVAR Stent Grafts Demand Forecast 2021-2026, by Application, in Kilo Units
33.                Table EVAR Stent Grafts Market Growth 2021-2026, by Application, in Kilo Units
34.                Table EVAR Stent Grafts Market Share in 2026, by Application, in Kilo Units
35.                Table EVAR Stent Grafts Production 2016-2020, by Region, in USD Million
36.                Table EVAR Stent Grafts Production 2016-2020, by Region, in Kilo Units
37.                Table Global EVAR Stent Grafts Market 2016-2020, by Region, in USD Million
38.                Table Global EVAR Stent Grafts Market Share 2016-2020, by Region, in USD Million
39.                Table Global EVAR Stent Grafts Market 2016-2020, by Region, in Kilo Units
40.                Table Global EVAR Stent Grafts Market Share 2016-2020, by Region, in Kilo Units
41.                Table North America EVAR Stent Grafts Market Size 2016-2020, by Country, in USD Million
42.                Table North America EVAR Stent Grafts Market Size 2016-2020, by Country, in Kilo Units
43.                Table Europe EVAR Stent Grafts Market Size 2016-2020, by Country, in USD Million
44.                Table Europe EVAR Stent Grafts Market Size 2016-2020, by Country, in Kilo Units
45.                Table Asia-Pacific EVAR Stent Grafts Market Size 2016-2020, by Country, in USD Million
46.                Table Asia-Pacific EVAR Stent Grafts Market Size 2016-2020, by Country, in Kilo Units
47.                Table South America EVAR Stent Grafts Market Size 2016-2020, by Country, in USD Million
48.                Table South America EVAR Stent Grafts Market Size 2016-2020, by Country, in Kilo Units
49.                Table Middle East & Africa EVAR Stent Grafts Market Size 2016-2020, by Country, in USD Million
50.                Table Middle East & Africa EVAR Stent Grafts Market Size 2016-2020, by Country, in Kilo Units
51.                Table EVAR Stent Grafts Market Forecast 2021-2026, by Region, in USD Million
52.                Table EVAR Stent Grafts Market Forecast 2021-2026, by Region, in Kilo Units
53.                Table Price Factors List","List of Figure
1.                Figure EVAR Stent Grafts Industry Chain Structure
2.                Figure Global EVAR Stent Grafts Market Growth 2016-2020, by Type, in USD Million
3.                Figure Global EVAR Stent Grafts Market Growth 2016-2020, by Type, in Kilo Units
4.                Figure Global EVAR Stent Grafts Sales Revenue Share in 2020, by Company, in USD Million
5.                Figure Global EVAR Stent Grafts Sales Volume Share in 2020, by Company, in Kilo Units
6.                Figure North America EVAR Stent Grafts Market Concentration, in 2020
7.                Figure Europe EVAR Stent Grafts Market Market Concentration, in 2020
8.                Figure Asia-Pacific EVAR Stent Grafts MMarket Concentration, in 2020
9.                Figure South America EVAR Stent Grafts Market Concentration, in 2020
10.                Figure Middle East & Africa EVAR Stent Grafts Market Concentration, in 2020
11.                Figure EVAR Stent Grafts Demand in Ruptured AAA treatment, 2016-2020, in USD Million
12.                Figure EVAR Stent Grafts Demand in Ruptured AAA treatment, 2016-2020, in Kilo Units
13.                Figure EVAR Stent Grafts Demand in Traumatic aortic injury treatment, 2016-2020, in USD Million
14.                Figure EVAR Stent Grafts Demand in Traumatic aortic injury treatment, 2016-2020, in Kilo Units
15.                Figure EVAR Stent Grafts Market Growth 2021-2026, by Application, in USD Million
16.                Figure EVAR Stent Grafts Market Share in 2026, by Application, in USD Million
17.                Figure North America EVAR Stent Grafts Market Size and Growth 2016-2020, in USD Million
18.                Figure North America EVAR Stent Grafts Market Size and Growth 2016-2020, in Kilo Units
19.                Figure Europe EVAR Stent Grafts Market Size and Growth 2016-2020, in USD Million
20.                Figure Europe EVAR Stent Grafts Market Size and Growth 2016-2020, in Kilo Units
21.                Figure Asia-Pacific EVAR Stent Grafts Market Size and Growth 2016-2020, in USD Million
22.                Figure Asia-Pacific EVAR Stent Grafts Market Size and Growth 2016-2020, in Kilo Units
23.                Figure South America EVAR Stent Grafts Market Size and Growth 2016-2020, in USD Million
24.                Figure South America EVAR Stent Grafts Market Size and Growth 2016-2020, in Kilo Units
25.                Figure Middle East & Africa EVAR Stent Grafts Market Size and Growth 2016-2020, in USD Million
26.                Figure Middle East & Africa EVAR Stent Grafts Market Size and Growth 2016-2020, in Kilo Units
27.                Figure Marketing Channels Overview","$2,980 ","$5,960 ","$5,960 ",99SGL298Lif20210200024808
7-Apr-21,"Life & Medical","Global Endoscopic Devices Maintenance Market Analysis 2016-2020 and Forecast 2021-2026","Snapshot
The global Endoscopic Devices Maintenance market size is estimated at xxx million USD with a CAGR xx% from 2016-2020 and is expected to reach xxx Million USD in 2021 with a CAGR xx% from 2021 to 2026. The report begins from overview of Industry Chain structure, and describes industry environment, then analyses market size and forecast of Endoscopic Devices Maintenance by product, region and application, in addition, this report introduces market competition situation among the vendors and company profile, besides, market price analysis and value chain features are covered in this report.
Product Type Coverage (Market Size & Forecast, Major Company of Product Type etc.):
        Preventive Maintenance
        Corrective Maintenance
        Operational Maintenance
Company Coverage (Company Profile, Sales Revenue, Price, Gross Margin, Main Products etc.):
        GE Healthcare (U.S.)
        Koninklijke Philips N.V. (Netherlands)
        Siemens Healthineers (Germany)
        Toshiba Medical Systems Europe (Germany)
        Dragerwerk AG & Co. KGaA (Germany)
        TBS Group S.p.A. (Italy)
        Alliance Medical Group (U.K.)
        Pantheon Group (Italy)
        Technologie Sanitarie S.p.A. (Italy)
        Avensys UK Ltd. (U.K.)
        Grupo Empresarial Electromedico (Spain)
Application Coverage (Market Size & Forecast, Different Demand Market by Region, Main Consumer Profile etc.):
        Public-sector Organizations
        Private-sector Organizations
Region Coverage (Regional Production, Demand & Forecast by Countries etc.):
        North America (U.S., Canada, Mexico)
        Europe (Germany, U.K., France, Italy, Russia, Spain etc.)
        Asia-Pacific (China, India, Japan, Southeast Asia etc.)
        South America (Brazil, Argentina etc.)
        Middle East & Africa (Saudi Arabia, South Africa etc.)",85,"Table of Contents
1 Industry Overview
    1.1 Endoscopic Devices Maintenance Industry
                Figure Endoscopic Devices Maintenance Industry Chain Structure
        1.1.1 Overview
        1.1.2 Development of Endoscopic Devices Maintenance
    1.2 Market Segment
        1.2.1 Upstream
                Table Upstream Segment of Endoscopic Devices Maintenance
        1.2.2 Downstream
                Table Application Segment of Endoscopic Devices Maintenance
                Table Global Endoscopic Devices Maintenance Market 2016-2026, by Application, in USD Million
        1.2.3 COVID-19 Impact
    1.3 Cost Analysis
2 Industry Environment (PEST Analysis)
    2.1 Policy
    2.2 Economics
    2.3 Sociology
    2.4 Technology
3 Endoscopic Devices Maintenance Market by Type
    3.1 By Type
        3.1.1 Preventive Maintenance
                Table Major Company List of Preventive Maintenance
        3.1.2 Corrective Maintenance
                Table Major Company List of Corrective Maintenance
        3.1.3 Operational Maintenance
                Table Major Company List of Operational Maintenance
    3.2 Market Size
                Table Global Endoscopic Devices Maintenance Market 2016-2020, by Type, in USD Million
                Figure Global Endoscopic Devices Maintenance Market Growth 2016-2020, by Type, in USD Million
                Table Global Endoscopic Devices Maintenance Market 2016-2020, by Type, in Volume
                Figure Global Endoscopic Devices Maintenance Market Growth 2016-2020, by Type, in Volume
    3.3 Market Forecast
                Table Global Endoscopic Devices Maintenance Market Forecast 2021-2026, by Type, in USD Million
                Table Global Endoscopic Devices Maintenance Market Forecast 2021-2026, by Type, in Volume
4 Major Companies List
    4.1 GE Healthcare (U.S.) (Company Profile, Sales Data etc.)
        4.1.1 GE Healthcare (U.S.) Profile
                Table GE Healthcare (U.S.) Overview List
        4.1.2 GE Healthcare (U.S.) Products & Services
        4.1.3 GE Healthcare (U.S.) Business Operation Conditions
                Table Business Operation of GE Healthcare (U.S.) (Sales Revenue, Sales Volume, Price, Cost, Gross Margin)
    4.2 Koninklijke Philips N.V. (Netherlands) (Company Profile, Sales Data etc.)
        4.2.1 Koninklijke Philips N.V. (Netherlands) Profile
                Table Koninklijke Philips N.V. (Netherlands) Overview List
        4.2.2 Koninklijke Philips N.V. (Netherlands) Products & Services
        4.2.3 Koninklijke Philips N.V. (Netherlands) Business Operation Conditions
                Table Business Operation of Koninklijke Philips N.V. (Netherlands) (Sales Revenue, Sales Volume, Price, Cost, Gross Margin)
    4.3 Siemens Healthineers (Germany) (Company Profile, Sales Data etc.)
        4.3.1 Siemens Healthineers (Germany) Profile
                Table Siemens Healthineers (Germany) Overview List
        4.3.2 Siemens Healthineers (Germany) Products & Services
        4.3.3 Siemens Healthineers (Germany) Business Operation Conditions
                Table Business Operation of Siemens Healthineers (Germany) (Sales Revenue, Sales Volume, Price, Cost, Gross Margin)
    4.4 Toshiba Medical Systems Europe (Germany) (Company Profile, Sales Data etc.)
        4.4.1 Toshiba Medical Systems Europe (Germany) Profile
                Table Toshiba Medical Systems Europe (Germany) Overview List
        4.4.2 Toshiba Medical Systems Europe (Germany) Products & Services
        4.4.3 Toshiba Medical Systems Europe (Germany) Business Operation Conditions
                Table Business Operation of Toshiba Medical Systems Europe (Germany) (Sales Revenue, Sales Volume, Price, Cost, Gross Margin)
    4.5 Dragerwerk AG & Co. KGaA (Germany) (Company Profile, Sales Data etc.)
        4.5.1 Dragerwerk AG & Co. KGaA (Germany) Profile
                Table Dragerwerk AG & Co. KGaA (Germany) Overview List
        4.5.2 Dragerwerk AG & Co. KGaA (Germany) Products & Services
        4.5.3 Dragerwerk AG & Co. KGaA (Germany) Business Operation Conditions
                Table Business Operation of Dragerwerk AG & Co. KGaA (Germany) (Sales Revenue, Sales Volume, Price, Cost, Gross Margin)
    4.6 TBS Group S.p.A. (Italy) (Company Profile, Sales Data etc.)
        4.6.1 TBS Group S.p.A. (Italy) Profile
                Table TBS Group S.p.A. (Italy) Overview List
        4.6.2 TBS Group S.p.A. (Italy) Products & Services
        4.6.3 TBS Group S.p.A. (Italy) Business Operation Conditions
                Table Business Operation of TBS Group S.p.A. (Italy) (Sales Revenue, Sales Volume, Price, Cost, Gross Margin)
    4.7 Alliance Medical Group (U.K.) (Company Profile, Sales Data etc.)
        4.7.1 Alliance Medical Group (U.K.) Profile
                Table Alliance Medical Group (U.K.) Overview List
        4.7.2 Alliance Medical Group (U.K.) Products & Services
        4.7.3 Alliance Medical Group (U.K.) Business Operation Conditions
                Table Business Operation of Alliance Medical Group (U.K.) (Sales Revenue, Sales Volume, Price, Cost, Gross Margin)
    4.8 Pantheon Group (Italy) (Company Profile, Sales Data etc.)
        4.8.1 Pantheon Group (Italy) Profile
                Table Pantheon Group (Italy) Overview List
        4.8.2 Pantheon Group (Italy) Products & Services
        4.8.3 Pantheon Group (Italy) Business Operation Conditions
                Table Business Operation of Pantheon Group (Italy) (Sales Revenue, Sales Volume, Price, Cost, Gross Margin)
    4.9 Technologie Sanitarie S.p.A. (Italy) (Company Profile, Sales Data etc.)
        4.9.1 Technologie Sanitarie S.p.A. (Italy) Profile
                Table Technologie Sanitarie S.p.A. (Italy) Overview List
        4.9.2 Technologie Sanitarie S.p.A. (Italy) Products & Services
        4.9.3 Technologie Sanitarie S.p.A. (Italy) Business Operation Conditions
                Table Business Operation of Technologie Sanitarie S.p.A. (Italy) (Sales Revenue, Sales Volume, Price, Cost, Gross Margin)
    4.10 Avensys UK Ltd. (U.K.) (Company Profile, Sales Data etc.)
        4.10.1 Avensys UK Ltd. (U.K.) Profile
                Table Avensys UK Ltd. (U.K.) Overview List
        4.10.2 Avensys UK Ltd. (U.K.) Products & Services
        4.10.3 Avensys UK Ltd. (U.K.) Business Operation Conditions
                Table Business Operation of Avensys UK Ltd. (U.K.) (Sales Revenue, Sales Volume, Price, Cost, Gross Margin)
    4.11 Grupo Empresarial Electromedico (Spain) (Company Profile, Sales Data etc.)
        4.11.1 Grupo Empresarial Electromedico (Spain) Profile
                Table Grupo Empresarial Electromedico (Spain) Overview List
        4.11.2 Grupo Empresarial Electromedico (Spain) Products & Services
        4.11.3 Grupo Empresarial Electromedico (Spain) Business Operation Conditions
                Table Business Operation of Grupo Empresarial Electromedico (Spain) (Sales Revenue, Sales Volume, Price, Cost, Gross Margin)
5 Market Competition
    5.1 Company Competition
                Table Global Endoscopic Devices Maintenance Sales Revenue 2016-2020, by Company, in USD Million
                Table Global Endoscopic Devices Maintenance Sales Revenue Share 2016-2020, by Company, in USD Million
                Figure Global Endoscopic Devices Maintenance Sales Revenue Share in 2020, by Company, in USD Million
                Table Global Endoscopic Devices Maintenance Sales Volume 2016-2020, by Company, in Volume
                Table Global Endoscopic Devices Maintenance Sales Volume Share 2016-2020, by Company, in Volume
                Figure Global Endoscopic Devices Maintenance Sales Volume Share in 2020, by Company, in Volume
    5.2 Regional Market by Company
                Figure North America Endoscopic Devices Maintenance Market Concentration, in 2020
                Figure Europe Endoscopic Devices Maintenance Market Market Concentration, in 2020
                Figure Asia-Pacific Endoscopic Devices Maintenance MMarket Concentration, in 2020
                Figure South America Endoscopic Devices Maintenance Market Concentration, in 2020
                Figure Middle East & Africa Endoscopic Devices Maintenance Market Concentration, in 2020
6 Demand by End Market
    6.1 Demand Situation
        6.1.1 Demand in Public-sector Organizations
                Figure Endoscopic Devices Maintenance Demand in Public-sector Organizations, 2016-2020, in USD Million
                Figure Endoscopic Devices Maintenance Demand in Public-sector Organizations, 2016-2020, in Volume
        6.1.2 Demand in Private-sector Organizations
                Figure Endoscopic Devices Maintenance Demand in Private-sector Organizations, 2016-2020, in USD Million
                Figure Endoscopic Devices Maintenance Demand in Private-sector Organizations, 2016-2020, in Volume
    6.2 Regional Demand Comparison
                Table Regional Demand Comparison List
                Table Major Application in Different Regions
    6.3 Demand Forecast
                Table Endoscopic Devices Maintenance Demand Forecast 2021-2026, by Application, in USD Million
                Figure Endoscopic Devices Maintenance Market Growth 2021-2026, by Application, in USD Million
                Figure Endoscopic Devices Maintenance Market Share in 2026, by Application, in USD Million
                Table Endoscopic Devices Maintenance Demand Forecast 2021-2026, by Application, in Volume
                Table Endoscopic Devices Maintenance Market Growth 2021-2026, by Application, in Volume
                Table Endoscopic Devices Maintenance Market Share in 2026, by Application, in Volume
    6.4 Impact of the COVID-19 on the Demand
7 Region Operation
    7.1 Regional Production
                Table Endoscopic Devices Maintenance Production 2016-2020, by Region, in USD Million
                Table Endoscopic Devices Maintenance Production 2016-2020, by Region, in Volume
    7.2 Regional Market
                Table Global Endoscopic Devices Maintenance Market 2016-2020, by Region, in USD Million
                Table Global Endoscopic Devices Maintenance Market Share 2016-2020, by Region, in USD Million
                Table Global Endoscopic Devices Maintenance Market 2016-2020, by Region, in Volume
                Table Global Endoscopic Devices Maintenance Market Share 2016-2020, by Region, in Volume
    7.3 by Region
        7.3.1 North America
            7.3.1.1 Overview
                Figure North America Endoscopic Devices Maintenance Market Size and Growth 2016-2020, in USD Million
                Figure North America Endoscopic Devices Maintenance Market Size and Growth 2016-2020, in Volume
            7.3.1.2 by Country (U.S., Canada, Mexico)
                Table North America Endoscopic Devices Maintenance Market Size 2016-2020, by Country, in USD Million
                Table North America Endoscopic Devices Maintenance Market Size 2016-2020, by Country, in Volume
        7.3.2 Europe
            7.3.2.1 Overview
                Figure Europe Endoscopic Devices Maintenance Market Size and Growth 2016-2020, in USD Million
                Figure Europe Endoscopic Devices Maintenance Market Size and Growth 2016-2020, in Volume
            7.3.2.2 by Country (Germany, U.K., France, Italy, Russia, Spain etc.)
                Table Europe Endoscopic Devices Maintenance Market Size 2016-2020, by Country, in USD Million
                Table Europe Endoscopic Devices Maintenance Market Size 2016-2020, by Country, in Volume
        7.3.3 Asia-Pacific
            7.3.3.1 Overview
                Figure Asia-Pacific Endoscopic Devices Maintenance Market Size and Growth 2016-2020, in USD Million
                Figure Asia-Pacific Endoscopic Devices Maintenance Market Size and Growth 2016-2020, in Volume
            7.3.3.2 by Country (China, India, Japan, Southeast Asia etc.)
                Table Asia-Pacific Endoscopic Devices Maintenance Market Size 2016-2020, by Country, in USD Million
                Table Asia-Pacific Endoscopic Devices Maintenance Market Size 2016-2020, by Country, in Volume
        7.3.4 South America
            7.3.4.1 Overview
                Figure South America Endoscopic Devices Maintenance Market Size and Growth 2016-2020, in USD Million
                Figure South America Endoscopic Devices Maintenance Market Size and Growth 2016-2020, in Volume
            7.3.4.2 by Country (Brazil, Argentina etc.)
                Table South America Endoscopic Devices Maintenance Market Size 2016-2020, by Country, in USD Million
                Table South America Endoscopic Devices Maintenance Market Size 2016-2020, by Country, in Volume
        7.3.5 Middle East & Africa
            7.3.5.1 Overview
                Figure Middle East & Africa Endoscopic Devices Maintenance Market Size and Growth 2016-2020, in USD Million
                Figure Middle East & Africa Endoscopic Devices Maintenance Market Size and Growth 2016-2020, in Volume
            7.3.5.2 by Country (Saudi Arabia, South Africa etc.)
                Table Middle East & Africa Endoscopic Devices Maintenance Market Size 2016-2020, by Country, in USD Million
                Table Middle East & Africa Endoscopic Devices Maintenance Market Size 2016-2020, by Country, in Volume
    7.4 Regional Import & Export
    7.5 Regional Forecast
                Table Endoscopic Devices Maintenance Market Forecast 2021-2026, by Region, in USD Million
                Table Endoscopic Devices Maintenance Market Forecast 2021-2026, by Region, in Volume
8 Marketing & Price
    8.1 Price and Margin
        8.1.1 Price Trends
        8.1.2 Factors of Price Change
                Table Price Factors List
        8.1.3 Manufacturers Gross Margin Analysis
    8.2 Marketing Channel
                Figure Marketing Channels Overview
9 Research Conclusion","List of Table
1.                Table Upstream Segment of Endoscopic Devices Maintenance
2.                Table Application Segment of Endoscopic Devices Maintenance
3.                Table Global Endoscopic Devices Maintenance Market 2016-2026, by Application, in USD Million
4.                Table Major Company List of Corrective Maintenance
5.                Table Major Company List of Operational Maintenance
6.                Table Global Endoscopic Devices Maintenance Market 2016-2020, by Type, in USD Million
7.                Table Global Endoscopic Devices Maintenance Market 2016-2020, by Type, in Volume
8.                Table Global Endoscopic Devices Maintenance Market Forecast 2021-2026, by Type, in USD Million
9.                Table Global Endoscopic Devices Maintenance Market Forecast 2021-2026, by Type, in Volume
10.                Table GE Healthcare (U.S.) Overview List
11.                Table Business Operation of GE Healthcare (U.S.) (Sales Revenue, Sales Volume, Price, Cost, Gross Margin)
12.                Table Koninklijke Philips N.V. (Netherlands) Overview List
13.                Table Business Operation of Koninklijke Philips N.V. (Netherlands) (Sales Revenue, Sales Volume, Price, Cost, Gross Margin)
14.                Table Siemens Healthineers (Germany) Overview List
15.                Table Business Operation of Siemens Healthineers (Germany) (Sales Revenue, Sales Volume, Price, Cost, Gross Margin)
16.                Table Toshiba Medical Systems Europe (Germany) Overview List
17.                Table Business Operation of Toshiba Medical Systems Europe (Germany) (Sales Revenue, Sales Volume, Price, Cost, Gross Margin)
18.                Table Dragerwerk AG & Co. KGaA (Germany) Overview List
19.                Table Business Operation of Dragerwerk AG & Co. KGaA (Germany) (Sales Revenue, Sales Volume, Price, Cost, Gross Margin)
20.                Table TBS Group S.p.A. (Italy) Overview List
21.                Table Business Operation of TBS Group S.p.A. (Italy) (Sales Revenue, Sales Volume, Price, Cost, Gross Margin)
22.                Table Alliance Medical Group (U.K.) Overview List
23.                Table Business Operation of Alliance Medical Group (U.K.) (Sales Revenue, Sales Volume, Price, Cost, Gross Margin)
24.                Table Pantheon Group (Italy) Overview List
25.                Table Business Operation of Pantheon Group (Italy) (Sales Revenue, Sales Volume, Price, Cost, Gross Margin)
26.                Table Technologie Sanitarie S.p.A. (Italy) Overview List
27.                Table Business Operation of Technologie Sanitarie S.p.A. (Italy) (Sales Revenue, Sales Volume, Price, Cost, Gross Margin)
28.                Table Avensys UK Ltd. (U.K.) Overview List
29.                Table Business Operation of Avensys UK Ltd. (U.K.) (Sales Revenue, Sales Volume, Price, Cost, Gross Margin)
30.                Table Grupo Empresarial Electromedico (Spain) Overview List
31.                Table Business Operation of Grupo Empresarial Electromedico (Spain) (Sales Revenue, Sales Volume, Price, Cost, Gross Margin)
32.                Table Global Endoscopic Devices Maintenance Sales Revenue 2016-2020, by Company, in USD Million
33.                Table Global Endoscopic Devices Maintenance Sales Revenue Share 2016-2020, by Company, in USD Million
34.                Table Global Endoscopic Devices Maintenance Sales Volume 2016-2020, by Company, in Volume
35.                Table Global Endoscopic Devices Maintenance Sales Volume Share 2016-2020, by Company, in Volume
36.                Table Regional Demand Comparison List
37.                Table Major Application in Different Regions
38.                Table Endoscopic Devices Maintenance Demand Forecast 2021-2026, by Application, in USD Million
39.                Table Endoscopic Devices Maintenance Demand Forecast 2021-2026, by Application, in Volume
40.                Table Endoscopic Devices Maintenance Market Growth 2021-2026, by Application, in Volume
41.                Table Endoscopic Devices Maintenance Market Share in 2026, by Application, in Volume
42.                Table Endoscopic Devices Maintenance Production 2016-2020, by Region, in USD Million
43.                Table Endoscopic Devices Maintenance Production 2016-2020, by Region, in Volume
44.                Table Global Endoscopic Devices Maintenance Market 2016-2020, by Region, in USD Million
45.                Table Global Endoscopic Devices Maintenance Market Share 2016-2020, by Region, in USD Million
46.                Table Global Endoscopic Devices Maintenance Market 2016-2020, by Region, in Volume
47.                Table Global Endoscopic Devices Maintenance Market Share 2016-2020, by Region, in Volume
48.                Table North America Endoscopic Devices Maintenance Market Size 2016-2020, by Country, in USD Million
49.                Table North America Endoscopic Devices Maintenance Market Size 2016-2020, by Country, in Volume
50.                Table Europe Endoscopic Devices Maintenance Market Size 2016-2020, by Country, in USD Million
51.                Table Europe Endoscopic Devices Maintenance Market Size 2016-2020, by Country, in Volume
52.                Table Asia-Pacific Endoscopic Devices Maintenance Market Size 2016-2020, by Country, in USD Million
53.                Table Asia-Pacific Endoscopic Devices Maintenance Market Size 2016-2020, by Country, in Volume
54.                Table South America Endoscopic Devices Maintenance Market Size 2016-2020, by Country, in USD Million
55.                Table South America Endoscopic Devices Maintenance Market Size 2016-2020, by Country, in Volume
56.                Table Middle East & Africa Endoscopic Devices Maintenance Market Size 2016-2020, by Country, in USD Million
57.                Table Middle East & Africa Endoscopic Devices Maintenance Market Size 2016-2020, by Country, in Volume
58.                Table Endoscopic Devices Maintenance Market Forecast 2021-2026, by Region, in USD Million
59.                Table Endoscopic Devices Maintenance Market Forecast 2021-2026, by Region, in Volume
60.                Table Price Factors List","List of Figure
1.                Figure Endoscopic Devices Maintenance Industry Chain Structure
2.                Figure Global Endoscopic Devices Maintenance Market Growth 2016-2020, by Type, in USD Million
3.                Figure Global Endoscopic Devices Maintenance Market Growth 2016-2020, by Type, in Volume
4.                Figure Global Endoscopic Devices Maintenance Sales Revenue Share in 2020, by Company, in USD Million
5.                Figure Global Endoscopic Devices Maintenance Sales Volume Share in 2020, by Company, in Volume
6.                Figure North America Endoscopic Devices Maintenance Market Concentration, in 2020
7.                Figure Europe Endoscopic Devices Maintenance Market Market Concentration, in 2020
8.                Figure Asia-Pacific Endoscopic Devices Maintenance MMarket Concentration, in 2020
9.                Figure South America Endoscopic Devices Maintenance Market Concentration, in 2020
10.                Figure Middle East & Africa Endoscopic Devices Maintenance Market Concentration, in 2020
11.                Figure Endoscopic Devices Maintenance Demand in Public-sector Organizations, 2016-2020, in USD Million
12.                Figure Endoscopic Devices Maintenance Demand in Public-sector Organizations, 2016-2020, in Volume
13.                Figure Endoscopic Devices Maintenance Demand in Private-sector Organizations, 2016-2020, in USD Million
14.                Figure Endoscopic Devices Maintenance Demand in Private-sector Organizations, 2016-2020, in Volume
15.                Figure Endoscopic Devices Maintenance Market Growth 2021-2026, by Application, in USD Million
16.                Figure Endoscopic Devices Maintenance Market Share in 2026, by Application, in USD Million
17.                Figure North America Endoscopic Devices Maintenance Market Size and Growth 2016-2020, in USD Million
18.                Figure North America Endoscopic Devices Maintenance Market Size and Growth 2016-2020, in Volume
19.                Figure Europe Endoscopic Devices Maintenance Market Size and Growth 2016-2020, in USD Million
20.                Figure Europe Endoscopic Devices Maintenance Market Size and Growth 2016-2020, in Volume
21.                Figure Asia-Pacific Endoscopic Devices Maintenance Market Size and Growth 2016-2020, in USD Million
22.                Figure Asia-Pacific Endoscopic Devices Maintenance Market Size and Growth 2016-2020, in Volume
23.                Figure South America Endoscopic Devices Maintenance Market Size and Growth 2016-2020, in USD Million
24.                Figure South America Endoscopic Devices Maintenance Market Size and Growth 2016-2020, in Volume
25.                Figure Middle East & Africa Endoscopic Devices Maintenance Market Size and Growth 2016-2020, in USD Million
26.                Figure Middle East & Africa Endoscopic Devices Maintenance Market Size and Growth 2016-2020, in Volume
27.                Figure Marketing Channels Overview","$2,980 ","$5,960 ","$5,960 ",99SGL298Lif20210200024809
7-Apr-21,"Chemical & Material","Global Polymeric Adhesive Market Analysis 2016-2020 and Forecast 2021-2026","Snapshot
The global Polymeric Adhesive market size is estimated at xxx million USD with a CAGR xx% from 2016-2020 and is expected to reach xxx Million USD in 2021 with a CAGR xx% from 2021 to 2026. The report begins from overview of Industry Chain structure, and describes industry environment, then analyses market size and forecast of Polymeric Adhesive by product, region and application, in addition, this report introduces market competition situation among the vendors and company profile, besides, market price analysis and value chain features are covered in this report.
Product Type Coverage (Market Size & Forecast, Major Company of Product Type etc.):
        Thermosetting Adhesive
        Thermoplastic Adhesive
        Others
Company Coverage (Company Profile, Sales Revenue, Price, Gross Margin, Main Products etc.):
        3M
        H.B. Fuller
        BASF
        Ashland
        Dow Corning
        Hexcel
        RLA
        Devcon
        GS Polymers
        Laticrete
        Royal Adhesives
Application Coverage (Market Size & Forecast, Different Demand Market by Region, Main Consumer Profile etc.):
        Aerospace
        Mechanics
        Textile
Region Coverage (Regional Production, Demand & Forecast by Countries etc.):
        North America (U.S., Canada, Mexico)
        Europe (Germany, U.K., France, Italy, Russia, Spain etc.)
        Asia-Pacific (China, India, Japan, Southeast Asia etc.)
        South America (Brazil, Argentina etc.)
        Middle East & Africa (Saudi Arabia, South Africa etc.)",96,"Table of Contents
1 Industry Overview
    1.1 Polymeric Adhesive Industry
                Figure Polymeric Adhesive Industry Chain Structure
        1.1.1 Overview
        1.1.2 Development of Polymeric Adhesive
    1.2 Market Segment
        1.2.1 Upstream
                Table Upstream Segment of Polymeric Adhesive
        1.2.2 Downstream
                Table Application Segment of Polymeric Adhesive
                Table Global Polymeric Adhesive Market 2016-2026, by Application, in USD Million
        1.2.3 COVID-19 Impact
    1.3 Cost Analysis
2 Industry Environment (PEST Analysis)
    2.1 Policy
    2.2 Economics
    2.3 Sociology
    2.4 Technology
3 Polymeric Adhesive Market by Type
    3.1 By Type
        3.1.1 Thermosetting Adhesive
                Table Major Company List of Thermosetting Adhesive
        3.1.2 Thermoplastic Adhesive
                Table Major Company List of Thermoplastic Adhesive
        3.1.3 Others
                Table Major Company List of Others
    3.2 Market Size
                Table Global Polymeric Adhesive Market 2016-2020, by Type, in USD Million
                Figure Global Polymeric Adhesive Market Growth 2016-2020, by Type, in USD Million
                Table Global Polymeric Adhesive Market 2016-2020, by Type, in Volume
                Figure Global Polymeric Adhesive Market Growth 2016-2020, by Type, in Volume
    3.3 Market Forecast
                Table Global Polymeric Adhesive Market Forecast 2021-2026, by Type, in USD Million
                Table Global Polymeric Adhesive Market Forecast 2021-2026, by Type, in Volume
4 Major Companies List
    4.1 3M (Company Profile, Sales Data etc.)
        4.1.1 3M Profile
                Table 3M Overview List
        4.1.2 3M Products & Services
        4.1.3 3M Business Operation Conditions
                Table Business Operation of 3M (Sales Revenue, Sales Volume, Price, Cost, Gross Margin)
    4.2 H.B. Fuller (Company Profile, Sales Data etc.)
        4.2.1 H.B. Fuller Profile
                Table H.B. Fuller Overview List
        4.2.2 H.B. Fuller Products & Services
        4.2.3 H.B. Fuller Business Operation Conditions
                Table Business Operation of H.B. Fuller (Sales Revenue, Sales Volume, Price, Cost, Gross Margin)
    4.3 BASF (Company Profile, Sales Data etc.)
        4.3.1 BASF Profile
                Table BASF Overview List
        4.3.2 BASF Products & Services
        4.3.3 BASF Business Operation Conditions
                Table Business Operation of BASF (Sales Revenue, Sales Volume, Price, Cost, Gross Margin)
    4.4 Ashland (Company Profile, Sales Data etc.)
        4.4.1 Ashland Profile
                Table Ashland Overview List
        4.4.2 Ashland Products & Services
        4.4.3 Ashland Business Operation Conditions
                Table Business Operation of Ashland (Sales Revenue, Sales Volume, Price, Cost, Gross Margin)
    4.5 Dow Corning (Company Profile, Sales Data etc.)
        4.5.1 Dow Corning Profile
                Table Dow Corning Overview List
        4.5.2 Dow Corning Products & Services
        4.5.3 Dow Corning Business Operation Conditions
                Table Business Operation of Dow Corning (Sales Revenue, Sales Volume, Price, Cost, Gross Margin)
    4.6 Hexcel (Company Profile, Sales Data etc.)
        4.6.1 Hexcel Profile
                Table Hexcel Overview List
        4.6.2 Hexcel Products & Services
        4.6.3 Hexcel Business Operation Conditions
                Table Business Operation of Hexcel (Sales Revenue, Sales Volume, Price, Cost, Gross Margin)
    4.7 RLA (Company Profile, Sales Data etc.)
        4.7.1 RLA Profile
                Table RLA Overview List
        4.7.2 RLA Products & Services
        4.7.3 RLA Business Operation Conditions
                Table Business Operation of RLA (Sales Revenue, Sales Volume, Price, Cost, Gross Margin)
    4.8 Devcon (Company Profile, Sales Data etc.)
        4.8.1 Devcon Profile
                Table Devcon Overview List
        4.8.2 Devcon Products & Services
        4.8.3 Devcon Business Operation Conditions
                Table Business Operation of Devcon (Sales Revenue, Sales Volume, Price, Cost, Gross Margin)
    4.9 GS Polymers (Company Profile, Sales Data etc.)
        4.9.1 GS Polymers Profile
                Table GS Polymers Overview List
        4.9.2 GS Polymers Products & Services
        4.9.3 GS Polymers Business Operation Conditions
                Table Business Operation of GS Polymers (Sales Revenue, Sales Volume, Price, Cost, Gross Margin)
    4.10 Laticrete (Company Profile, Sales Data etc.)
        4.10.1 Laticrete Profile
                Table Laticrete Overview List
        4.10.2 Laticrete Products & Services
        4.10.3 Laticrete Business Operation Conditions
                Table Business Operation of Laticrete (Sales Revenue, Sales Volume, Price, Cost, Gross Margin)
    4.11 Royal Adhesives (Company Profile, Sales Data etc.)
        4.11.1 Royal Adhesives Profile
                Table Royal Adhesives Overview List
        4.11.2 Royal Adhesives Products & Services
        4.11.3 Royal Adhesives Business Operation Conditions
                Table Business Operation of Royal Adhesives (Sales Revenue, Sales Volume, Price, Cost, Gross Margin)
5 Market Competition
    5.1 Company Competition
                Table Global Polymeric Adhesive Sales Revenue 2016-2020, by Company, in USD Million
                Table Global Polymeric Adhesive Sales Revenue Share 2016-2020, by Company, in USD Million
                Figure Global Polymeric Adhesive Sales Revenue Share in 2020, by Company, in USD Million
                Table Global Polymeric Adhesive Sales Volume 2016-2020, by Company, in Volume
                Table Global Polymeric Adhesive Sales Volume Share 2016-2020, by Company, in Volume
                Figure Global Polymeric Adhesive Sales Volume Share in 2020, by Company, in Volume
    5.2 Regional Market by Company
                Figure North America Polymeric Adhesive Market Concentration, in 2020
                Figure Europe Polymeric Adhesive Market Market Concentration, in 2020
                Figure Asia-Pacific Polymeric Adhesive MMarket Concentration, in 2020
                Figure South America Polymeric Adhesive Market Concentration, in 2020
                Figure Middle East & Africa Polymeric Adhesive Market Concentration, in 2020
6 Demand by End Market
    6.1 Demand Situation
        6.1.1 Demand in Aerospace
                Figure Polymeric Adhesive Demand in Aerospace, 2016-2020, in USD Million
                Figure Polymeric Adhesive Demand in Aerospace, 2016-2020, in Volume
        6.1.2 Demand in Mechanics
                Figure Polymeric Adhesive Demand in Mechanics, 2016-2020, in USD Million
                Figure Polymeric Adhesive Demand in Mechanics, 2016-2020, in Volume
        6.1.3 Demand in Textile
                Figure Polymeric Adhesive Demand in Textile, 2016-2020, in USD Million
                Figure Polymeric Adhesive Demand in Textile, 2016-2020, in Volume
    6.2 Regional Demand Comparison
                Table Regional Demand Comparison List
                Table Major Application in Different Regions
    6.3 Demand Forecast
                Table Polymeric Adhesive Demand Forecast 2021-2026, by Application, in USD Million
                Figure Polymeric Adhesive Market Growth 2021-2026, by Application, in USD Million
                Figure Polymeric Adhesive Market Share in 2026, by Application, in USD Million
                Table Polymeric Adhesive Demand Forecast 2021-2026, by Application, in Volume
                Table Polymeric Adhesive Market Growth 2021-2026, by Application, in Volume
                Table Polymeric Adhesive Market Share in 2026, by Application, in Volume
    6.4 Impact of the COVID-19 on the Demand
7 Region Operation
    7.1 Regional Production
                Table Polymeric Adhesive Production 2016-2020, by Region, in USD Million
                Table Polymeric Adhesive Production 2016-2020, by Region, in Volume
    7.2 Regional Market
                Table Global Polymeric Adhesive Market 2016-2020, by Region, in USD Million
                Table Global Polymeric Adhesive Market Share 2016-2020, by Region, in USD Million
                Table Global Polymeric Adhesive Market 2016-2020, by Region, in Volume
                Table Global Polymeric Adhesive Market Share 2016-2020, by Region, in Volume
    7.3 by Region
        7.3.1 North America
            7.3.1.1 Overview
                Figure North America Polymeric Adhesive Market Size and Growth 2016-2020, in USD Million
                Figure North America Polymeric Adhesive Market Size and Growth 2016-2020, in Volume
            7.3.1.2 by Country (U.S., Canada, Mexico)
                Table North America Polymeric Adhesive Market Size 2016-2020, by Country, in USD Million
                Table North America Polymeric Adhesive Market Size 2016-2020, by Country, in Volume
        7.3.2 Europe
            7.3.2.1 Overview
                Figure Europe Polymeric Adhesive Market Size and Growth 2016-2020, in USD Million
                Figure Europe Polymeric Adhesive Market Size and Growth 2016-2020, in Volume
            7.3.2.2 by Country (Germany, U.K., France, Italy, Russia, Spain etc.)
                Table Europe Polymeric Adhesive Market Size 2016-2020, by Country, in USD Million
                Table Europe Polymeric Adhesive Market Size 2016-2020, by Country, in Volume
        7.3.3 Asia-Pacific
            7.3.3.1 Overview
                Figure Asia-Pacific Polymeric Adhesive Market Size and Growth 2016-2020, in USD Million
                Figure Asia-Pacific Polymeric Adhesive Market Size and Growth 2016-2020, in Volume
            7.3.3.2 by Country (China, India, Japan, Southeast Asia etc.)
                Table Asia-Pacific Polymeric Adhesive Market Size 2016-2020, by Country, in USD Million
                Table Asia-Pacific Polymeric Adhesive Market Size 2016-2020, by Country, in Volume
        7.3.4 South America
            7.3.4.1 Overview
                Figure South America Polymeric Adhesive Market Size and Growth 2016-2020, in USD Million
                Figure South America Polymeric Adhesive Market Size and Growth 2016-2020, in Volume
            7.3.4.2 by Country (Brazil, Argentina etc.)
                Table South America Polymeric Adhesive Market Size 2016-2020, by Country, in USD Million
                Table South America Polymeric Adhesive Market Size 2016-2020, by Country, in Volume
        7.3.5 Middle East & Africa
            7.3.5.1 Overview
                Figure Middle East & Africa Polymeric Adhesive Market Size and Growth 2016-2020, in USD Million
                Figure Middle East & Africa Polymeric Adhesive Market Size and Growth 2016-2020, in Volume
            7.3.5.2 by Country (Saudi Arabia, South Africa etc.)
                Table Middle East & Africa Polymeric Adhesive Market Size 2016-2020, by Country, in USD Million
                Table Middle East & Africa Polymeric Adhesive Market Size 2016-2020, by Country, in Volume
    7.4 Regional Import & Export
    7.5 Regional Forecast
                Table Polymeric Adhesive Market Forecast 2021-2026, by Region, in USD Million
                Table Polymeric Adhesive Market Forecast 2021-2026, by Region, in Volume
8 Marketing & Price
    8.1 Price and Margin
        8.1.1 Price Trends
        8.1.2 Factors of Price Change
                Table Price Factors List
        8.1.3 Manufacturers Gross Margin Analysis
    8.2 Marketing Channel
                Figure Marketing Channels Overview
9 Research Conclusion","List of Table
1.                Table Upstream Segment of Polymeric Adhesive
2.                Table Application Segment of Polymeric Adhesive
3.                Table Global Polymeric Adhesive Market 2016-2026, by Application, in USD Million
4.                Table Major Company List of Thermoplastic Adhesive
5.                Table Major Company List of Others
6.                Table Global Polymeric Adhesive Market 2016-2020, by Type, in USD Million
7.                Table Global Polymeric Adhesive Market 2016-2020, by Type, in Volume
8.                Table Global Polymeric Adhesive Market Forecast 2021-2026, by Type, in USD Million
9.                Table Global Polymeric Adhesive Market Forecast 2021-2026, by Type, in Volume
10.                Table 3M Overview List
11.                Table Business Operation of 3M (Sales Revenue, Sales Volume, Price, Cost, Gross Margin)
12.                Table H.B. Fuller Overview List
13.                Table Business Operation of H.B. Fuller (Sales Revenue, Sales Volume, Price, Cost, Gross Margin)
14.                Table BASF Overview List
15.                Table Business Operation of BASF (Sales Revenue, Sales Volume, Price, Cost, Gross Margin)
16.                Table Ashland Overview List
17.                Table Business Operation of Ashland (Sales Revenue, Sales Volume, Price, Cost, Gross Margin)
18.                Table Dow Corning Overview List
19.                Table Business Operation of Dow Corning (Sales Revenue, Sales Volume, Price, Cost, Gross Margin)
20.                Table Hexcel Overview List
21.                Table Business Operation of Hexcel (Sales Revenue, Sales Volume, Price, Cost, Gross Margin)
22.                Table RLA Overview List
23.                Table Business Operation of RLA (Sales Revenue, Sales Volume, Price, Cost, Gross Margin)
24.                Table Devcon Overview List
25.                Table Business Operation of Devcon (Sales Revenue, Sales Volume, Price, Cost, Gross Margin)
26.                Table GS Polymers Overview List
27.                Table Business Operation of GS Polymers (Sales Revenue, Sales Volume, Price, Cost, Gross Margin)
28.                Table Laticrete Overview List
29.                Table Business Operation of Laticrete (Sales Revenue, Sales Volume, Price, Cost, Gross Margin)
30.                Table Royal Adhesives Overview List
31.                Table Business Operation of Royal Adhesives (Sales Revenue, Sales Volume, Price, Cost, Gross Margin)
32.                Table Global Polymeric Adhesive Sales Revenue 2016-2020, by Company, in USD Million
33.                Table Global Polymeric Adhesive Sales Revenue Share 2016-2020, by Company, in USD Million
34.                Table Global Polymeric Adhesive Sales Volume 2016-2020, by Company, in Volume
35.                Table Global Polymeric Adhesive Sales Volume Share 2016-2020, by Company, in Volume
36.                Table Regional Demand Comparison List
37.                Table Major Application in Different Regions
38.                Table Polymeric Adhesive Demand Forecast 2021-2026, by Application, in USD Million
39.                Table Polymeric Adhesive Demand Forecast 2021-2026, by Application, in Volume
40.                Table Polymeric Adhesive Market Growth 2021-2026, by Application, in Volume
41.                Table Polymeric Adhesive Market Share in 2026, by Application, in Volume
42.                Table Polymeric Adhesive Production 2016-2020, by Region, in USD Million
43.                Table Polymeric Adhesive Production 2016-2020, by Region, in Volume
44.                Table Global Polymeric Adhesive Market 2016-2020, by Region, in USD Million
45.                Table Global Polymeric Adhesive Market Share 2016-2020, by Region, in USD Million
46.                Table Global Polymeric Adhesive Market 2016-2020, by Region, in Volume
47.                Table Global Polymeric Adhesive Market Share 2016-2020, by Region, in Volume
48.                Table North America Polymeric Adhesive Market Size 2016-2020, by Country, in USD Million
49.                Table North America Polymeric Adhesive Market Size 2016-2020, by Country, in Volume
50.                Table Europe Polymeric Adhesive Market Size 2016-2020, by Country, in USD Million
51.                Table Europe Polymeric Adhesive Market Size 2016-2020, by Country, in Volume
52.                Table Asia-Pacific Polymeric Adhesive Market Size 2016-2020, by Country, in USD Million
53.                Table Asia-Pacific Polymeric Adhesive Market Size 2016-2020, by Country, in Volume
54.                Table South America Polymeric Adhesive Market Size 2016-2020, by Country, in USD Million
55.                Table South America Polymeric Adhesive Market Size 2016-2020, by Country, in Volume
56.                Table Middle East & Africa Polymeric Adhesive Market Size 2016-2020, by Country, in USD Million
57.                Table Middle East & Africa Polymeric Adhesive Market Size 2016-2020, by Country, in Volume
58.                Table Polymeric Adhesive Market Forecast 2021-2026, by Region, in USD Million
59.                Table Polymeric Adhesive Market Forecast 2021-2026, by Region, in Volume
60.                Table Price Factors List","List of Figure
1.                Figure Polymeric Adhesive Industry Chain Structure
2.                Figure Global Polymeric Adhesive Market Growth 2016-2020, by Type, in USD Million
3.                Figure Global Polymeric Adhesive Market Growth 2016-2020, by Type, in Volume
4.                Figure Global Polymeric Adhesive Sales Revenue Share in 2020, by Company, in USD Million
5.                Figure Global Polymeric Adhesive Sales Volume Share in 2020, by Company, in Volume
6.                Figure North America Polymeric Adhesive Market Concentration, in 2020
7.                Figure Europe Polymeric Adhesive Market Market Concentration, in 2020
8.                Figure Asia-Pacific Polymeric Adhesive MMarket Concentration, in 2020
9.                Figure South America Polymeric Adhesive Market Concentration, in 2020
10.                Figure Middle East & Africa Polymeric Adhesive Market Concentration, in 2020
11.                Figure Polymeric Adhesive Demand in Aerospace, 2016-2020, in USD Million
12.                Figure Polymeric Adhesive Demand in Aerospace, 2016-2020, in Volume
13.                Figure Polymeric Adhesive Demand in Mechanics, 2016-2020, in USD Million
14.                Figure Polymeric Adhesive Demand in Mechanics, 2016-2020, in Volume
15.                Figure Polymeric Adhesive Demand in Textile, 2016-2020, in USD Million
16.                Figure Polymeric Adhesive Demand in Textile, 2016-2020, in Volume
17.                Figure Polymeric Adhesive Market Growth 2021-2026, by Application, in USD Million
18.                Figure Polymeric Adhesive Market Share in 2026, by Application, in USD Million
19.                Figure North America Polymeric Adhesive Market Size and Growth 2016-2020, in USD Million
20.                Figure North America Polymeric Adhesive Market Size and Growth 2016-2020, in Volume
21.                Figure Europe Polymeric Adhesive Market Size and Growth 2016-2020, in USD Million
22.                Figure Europe Polymeric Adhesive Market Size and Growth 2016-2020, in Volume
23.                Figure Asia-Pacific Polymeric Adhesive Market Size and Growth 2016-2020, in USD Million
24.                Figure Asia-Pacific Polymeric Adhesive Market Size and Growth 2016-2020, in Volume
25.                Figure South America Polymeric Adhesive Market Size and Growth 2016-2020, in USD Million
26.                Figure South America Polymeric Adhesive Market Size and Growth 2016-2020, in Volume
27.                Figure Middle East & Africa Polymeric Adhesive Market Size and Growth 2016-2020, in USD Million
28.                Figure Middle East & Africa Polymeric Adhesive Market Size and Growth 2016-2020, in Volume
29.                Figure Marketing Channels Overview","$2,980 ","$5,960 ","$5,960 ",99SGL298Che20210200024810
7-Apr-21,"Life & Medical","Global Endodontics Treatments Market Analysis 2016-2020 and Forecast 2021-2026","Snapshot
The global Endodontics Treatments market size is estimated at xxx million USD with a CAGR xx% from 2016-2020 and is expected to reach xxx Million USD in 2021 with a CAGR xx% from 2021 to 2026. The report begins from overview of Industry Chain structure, and describes industry environment, then analyses market size and forecast of Endodontics Treatments by product, region and application, in addition, this report introduces market competition situation among the vendors and company profile, besides, market price analysis and value chain features are covered in this report.
Product Type Coverage (Market Size & Forecast, Major Company of Product Type etc.):
        Root Canal Therapy
        Fixing Broken Teeth
        Dental Trauma
Company Coverage (Company Profile, Sales Revenue, Price, Gross Margin, Main Products etc.):
        Danaher
        Coltene Holding
        Dentsply International
        Ultradent Products
        Brasseler USA
        Kerr
        DMG
        DENTSPLY
Application Coverage (Market Size & Forecast, Different Demand Market by Region, Main Consumer Profile etc.):
        Hospitals
        Dental Clinic
Region Coverage (Regional Production, Demand & Forecast by Countries etc.):
        North America (U.S., Canada, Mexico)
        Europe (Germany, U.K., France, Italy, Russia, Spain etc.)
        Asia-Pacific (China, India, Japan, Southeast Asia etc.)
        South America (Brazil, Argentina etc.)
        Middle East & Africa (Saudi Arabia, South Africa etc.)",96,"Table of Contents
1 Industry Overview
    1.1 Endodontics Treatments Industry
                Figure Endodontics Treatments Industry Chain Structure
        1.1.1 Overview
        1.1.2 Development of Endodontics Treatments
    1.2 Market Segment
        1.2.1 Upstream
                Table Upstream Segment of Endodontics Treatments
        1.2.2 Downstream
                Table Application Segment of Endodontics Treatments
                Table Global Endodontics Treatments Market 2016-2026, by Application, in USD Million
        1.2.3 COVID-19 Impact
    1.3 Cost Analysis
2 Industry Environment (PEST Analysis)
    2.1 Policy
    2.2 Economics
    2.3 Sociology
    2.4 Technology
3 Endodontics Treatments Market by Type
    3.1 By Type
        3.1.1 Root Canal Therapy
                Table Major Company List of Root Canal Therapy
        3.1.2 Fixing Broken Teeth
                Table Major Company List of Fixing Broken Teeth
        3.1.3 Dental Trauma
                Table Major Company List of Dental Trauma
    3.2 Market Size
                Table Global Endodontics Treatments Market 2016-2020, by Type, in USD Million
                Figure Global Endodontics Treatments Market Growth 2016-2020, by Type, in USD Million
                Table Global Endodontics Treatments Market 2016-2020, by Type, in Volume
                Figure Global Endodontics Treatments Market Growth 2016-2020, by Type, in Volume
    3.3 Market Forecast
                Table Global Endodontics Treatments Market Forecast 2021-2026, by Type, in USD Million
                Table Global Endodontics Treatments Market Forecast 2021-2026, by Type, in Volume
4 Major Companies List
    4.1 Danaher (Company Profile, Sales Data etc.)
        4.1.1 Danaher Profile
                Table Danaher Overview List
        4.1.2 Danaher Products & Services
        4.1.3 Danaher Business Operation Conditions
                Table Business Operation of Danaher (Sales Revenue, Sales Volume, Price, Cost, Gross Margin)
    4.2 Coltene Holding (Company Profile, Sales Data etc.)
        4.2.1 Coltene Holding Profile
                Table Coltene Holding Overview List
        4.2.2 Coltene Holding Products & Services
        4.2.3 Coltene Holding Business Operation Conditions
                Table Business Operation of Coltene Holding (Sales Revenue, Sales Volume, Price, Cost, Gross Margin)
    4.3 Dentsply International (Company Profile, Sales Data etc.)
        4.3.1 Dentsply International Profile
                Table Dentsply International Overview List
        4.3.2 Dentsply International Products & Services
        4.3.3 Dentsply International Business Operation Conditions
                Table Business Operation of Dentsply International (Sales Revenue, Sales Volume, Price, Cost, Gross Margin)
    4.4 Ultradent Products (Company Profile, Sales Data etc.)
        4.4.1 Ultradent Products Profile
                Table Ultradent Products Overview List
        4.4.2 Ultradent Products Products & Services
        4.4.3 Ultradent Products Business Operation Conditions
                Table Business Operation of Ultradent Products (Sales Revenue, Sales Volume, Price, Cost, Gross Margin)
    4.5 Brasseler USA (Company Profile, Sales Data etc.)
        4.5.1 Brasseler USA Profile
                Table Brasseler USA Overview List
        4.5.2 Brasseler USA Products & Services
        4.5.3 Brasseler USA Business Operation Conditions
                Table Business Operation of Brasseler USA (Sales Revenue, Sales Volume, Price, Cost, Gross Margin)
    4.6 Kerr (Company Profile, Sales Data etc.)
        4.6.1 Kerr Profile
                Table Kerr Overview List
        4.6.2 Kerr Products & Services
        4.6.3 Kerr Business Operation Conditions
                Table Business Operation of Kerr (Sales Revenue, Sales Volume, Price, Cost, Gross Margin)
    4.7 DMG (Company Profile, Sales Data etc.)
        4.7.1 DMG Profile
                Table DMG Overview List
        4.7.2 DMG Products & Services
        4.7.3 DMG Business Operation Conditions
                Table Business Operation of DMG (Sales Revenue, Sales Volume, Price, Cost, Gross Margin)
    4.8 DENTSPLY (Company Profile, Sales Data etc.)
        4.8.1 DENTSPLY Profile
                Table DENTSPLY Overview List
        4.8.2 DENTSPLY Products & Services
        4.8.3 DENTSPLY Business Operation Conditions
                Table Business Operation of DENTSPLY (Sales Revenue, Sales Volume, Price, Cost, Gross Margin)
5 Market Competition
    5.1 Company Competition
                Table Global Endodontics Treatments Sales Revenue 2016-2020, by Company, in USD Million
                Table Global Endodontics Treatments Sales Revenue Share 2016-2020, by Company, in USD Million
                Figure Global Endodontics Treatments Sales Revenue Share in 2020, by Company, in USD Million
                Table Global Endodontics Treatments Sales Volume 2016-2020, by Company, in Volume
                Table Global Endodontics Treatments Sales Volume Share 2016-2020, by Company, in Volume
                Figure Global Endodontics Treatments Sales Volume Share in 2020, by Company, in Volume
    5.2 Regional Market by Company
                Figure North America Endodontics Treatments Market Concentration, in 2020
                Figure Europe Endodontics Treatments Market Market Concentration, in 2020
                Figure Asia-Pacific Endodontics Treatments MMarket Concentration, in 2020
                Figure South America Endodontics Treatments Market Concentration, in 2020
                Figure Middle East & Africa Endodontics Treatments Market Concentration, in 2020
6 Demand by End Market
    6.1 Demand Situation
        6.1.1 Demand in Hospitals
                Figure Endodontics Treatments Demand in Hospitals, 2016-2020, in USD Million
                Figure Endodontics Treatments Demand in Hospitals, 2016-2020, in Volume
        6.1.2 Demand in Dental Clinic
                Figure Endodontics Treatments Demand in Dental Clinic, 2016-2020, in USD Million
                Figure Endodontics Treatments Demand in Dental Clinic, 2016-2020, in Volume
    6.2 Regional Demand Comparison
                Table Regional Demand Comparison List
                Table Major Application in Different Regions
    6.3 Demand Forecast
                Table Endodontics Treatments Demand Forecast 2021-2026, by Application, in USD Million
                Figure Endodontics Treatments Market Growth 2021-2026, by Application, in USD Million
                Figure Endodontics Treatments Market Share in 2026, by Application, in USD Million
                Table Endodontics Treatments Demand Forecast 2021-2026, by Application, in Volume
                Table Endodontics Treatments Market Growth 2021-2026, by Application, in Volume
                Table Endodontics Treatments Market Share in 2026, by Application, in Volume
    6.4 Impact of the COVID-19 on the Demand
7 Region Operation
    7.1 Regional Production
                Table Endodontics Treatments Production 2016-2020, by Region, in USD Million
                Table Endodontics Treatments Production 2016-2020, by Region, in Volume
    7.2 Regional Market
                Table Global Endodontics Treatments Market 2016-2020, by Region, in USD Million
                Table Global Endodontics Treatments Market Share 2016-2020, by Region, in USD Million
                Table Global Endodontics Treatments Market 2016-2020, by Region, in Volume
                Table Global Endodontics Treatments Market Share 2016-2020, by Region, in Volume
    7.3 by Region
        7.3.1 North America
            7.3.1.1 Overview
                Figure North America Endodontics Treatments Market Size and Growth 2016-2020, in USD Million
                Figure North America Endodontics Treatments Market Size and Growth 2016-2020, in Volume
            7.3.1.2 by Country (U.S., Canada, Mexico)
                Table North America Endodontics Treatments Market Size 2016-2020, by Country, in USD Million
                Table North America Endodontics Treatments Market Size 2016-2020, by Country, in Volume
        7.3.2 Europe
            7.3.2.1 Overview
                Figure Europe Endodontics Treatments Market Size and Growth 2016-2020, in USD Million
                Figure Europe Endodontics Treatments Market Size and Growth 2016-2020, in Volume
            7.3.2.2 by Country (Germany, U.K., France, Italy, Russia, Spain etc.)
                Table Europe Endodontics Treatments Market Size 2016-2020, by Country, in USD Million
                Table Europe Endodontics Treatments Market Size 2016-2020, by Country, in Volume
        7.3.3 Asia-Pacific
            7.3.3.1 Overview
                Figure Asia-Pacific Endodontics Treatments Market Size and Growth 2016-2020, in USD Million
                Figure Asia-Pacific Endodontics Treatments Market Size and Growth 2016-2020, in Volume
            7.3.3.2 by Country (China, India, Japan, Southeast Asia etc.)
                Table Asia-Pacific Endodontics Treatments Market Size 2016-2020, by Country, in USD Million
                Table Asia-Pacific Endodontics Treatments Market Size 2016-2020, by Country, in Volume
        7.3.4 South America
            7.3.4.1 Overview
                Figure South America Endodontics Treatments Market Size and Growth 2016-2020, in USD Million
                Figure South America Endodontics Treatments Market Size and Growth 2016-2020, in Volume
            7.3.4.2 by Country (Brazil, Argentina etc.)
                Table South America Endodontics Treatments Market Size 2016-2020, by Country, in USD Million
                Table South America Endodontics Treatments Market Size 2016-2020, by Country, in Volume
        7.3.5 Middle East & Africa
            7.3.5.1 Overview
                Figure Middle East & Africa Endodontics Treatments Market Size and Growth 2016-2020, in USD Million
                Figure Middle East & Africa Endodontics Treatments Market Size and Growth 2016-2020, in Volume
            7.3.5.2 by Country (Saudi Arabia, South Africa etc.)
                Table Middle East & Africa Endodontics Treatments Market Size 2016-2020, by Country, in USD Million
                Table Middle East & Africa Endodontics Treatments Market Size 2016-2020, by Country, in Volume
    7.4 Regional Import & Export
    7.5 Regional Forecast
                Table Endodontics Treatments Market Forecast 2021-2026, by Region, in USD Million
                Table Endodontics Treatments Market Forecast 2021-2026, by Region, in Volume
8 Marketing & Price
    8.1 Price and Margin
        8.1.1 Price Trends
        8.1.2 Factors of Price Change
                Table Price Factors List
        8.1.3 Manufacturers Gross Margin Analysis
    8.2 Marketing Channel
                Figure Marketing Channels Overview
9 Research Conclusion","List of Table
1.                Table Upstream Segment of Endodontics Treatments
2.                Table Application Segment of Endodontics Treatments
3.                Table Global Endodontics Treatments Market 2016-2026, by Application, in USD Million
4.                Table Major Company List of Fixing Broken Teeth
5.                Table Major Company List of Dental Trauma
6.                Table Global Endodontics Treatments Market 2016-2020, by Type, in USD Million
7.                Table Global Endodontics Treatments Market 2016-2020, by Type, in Volume
8.                Table Global Endodontics Treatments Market Forecast 2021-2026, by Type, in USD Million
9.                Table Global Endodontics Treatments Market Forecast 2021-2026, by Type, in Volume
10.                Table Danaher Overview List
11.                Table Business Operation of Danaher (Sales Revenue, Sales Volume, Price, Cost, Gross Margin)
12.                Table Coltene Holding Overview List
13.                Table Business Operation of Coltene Holding (Sales Revenue, Sales Volume, Price, Cost, Gross Margin)
14.                Table Dentsply International Overview List
15.                Table Business Operation of Dentsply International (Sales Revenue, Sales Volume, Price, Cost, Gross Margin)
16.                Table Ultradent Products Overview List
17.                Table Business Operation of Ultradent Products (Sales Revenue, Sales Volume, Price, Cost, Gross Margin)
18.                Table Brasseler USA Overview List
19.                Table Business Operation of Brasseler USA (Sales Revenue, Sales Volume, Price, Cost, Gross Margin)
20.                Table Kerr Overview List
21.                Table Business Operation of Kerr (Sales Revenue, Sales Volume, Price, Cost, Gross Margin)
22.                Table DMG Overview List
23.                Table Business Operation of DMG (Sales Revenue, Sales Volume, Price, Cost, Gross Margin)
24.                Table DENTSPLY Overview List
25.                Table Business Operation of DENTSPLY (Sales Revenue, Sales Volume, Price, Cost, Gross Margin)
26.                Table Global Endodontics Treatments Sales Revenue 2016-2020, by Company, in USD Million
27.                Table Global Endodontics Treatments Sales Revenue Share 2016-2020, by Company, in USD Million
28.                Table Global Endodontics Treatments Sales Volume 2016-2020, by Company, in Volume
29.                Table Global Endodontics Treatments Sales Volume Share 2016-2020, by Company, in Volume
30.                Table Regional Demand Comparison List
31.                Table Major Application in Different Regions
32.                Table Endodontics Treatments Demand Forecast 2021-2026, by Application, in USD Million
33.                Table Endodontics Treatments Demand Forecast 2021-2026, by Application, in Volume
34.                Table Endodontics Treatments Market Growth 2021-2026, by Application, in Volume
35.                Table Endodontics Treatments Market Share in 2026, by Application, in Volume
36.                Table Endodontics Treatments Production 2016-2020, by Region, in USD Million
37.                Table Endodontics Treatments Production 2016-2020, by Region, in Volume
38.                Table Global Endodontics Treatments Market 2016-2020, by Region, in USD Million
39.                Table Global Endodontics Treatments Market Share 2016-2020, by Region, in USD Million
40.                Table Global Endodontics Treatments Market 2016-2020, by Region, in Volume
41.                Table Global Endodontics Treatments Market Share 2016-2020, by Region, in Volume
42.                Table North America Endodontics Treatments Market Size 2016-2020, by Country, in USD Million
43.                Table North America Endodontics Treatments Market Size 2016-2020, by Country, in Volume
44.                Table Europe Endodontics Treatments Market Size 2016-2020, by Country, in USD Million
45.                Table Europe Endodontics Treatments Market Size 2016-2020, by Country, in Volume
46.                Table Asia-Pacific Endodontics Treatments Market Size 2016-2020, by Country, in USD Million
47.                Table Asia-Pacific Endodontics Treatments Market Size 2016-2020, by Country, in Volume
48.                Table South America Endodontics Treatments Market Size 2016-2020, by Country, in USD Million
49.                Table South America Endodontics Treatments Market Size 2016-2020, by Country, in Volume
50.                Table Middle East & Africa Endodontics Treatments Market Size 2016-2020, by Country, in USD Million
51.                Table Middle East & Africa Endodontics Treatments Market Size 2016-2020, by Country, in Volume
52.                Table Endodontics Treatments Market Forecast 2021-2026, by Region, in USD Million
53.                Table Endodontics Treatments Market Forecast 2021-2026, by Region, in Volume
54.                Table Price Factors List","List of Figure
1.                Figure Endodontics Treatments Industry Chain Structure
2.                Figure Global Endodontics Treatments Market Growth 2016-2020, by Type, in USD Million
3.                Figure Global Endodontics Treatments Market Growth 2016-2020, by Type, in Volume
4.                Figure Global Endodontics Treatments Sales Revenue Share in 2020, by Company, in USD Million
5.                Figure Global Endodontics Treatments Sales Volume Share in 2020, by Company, in Volume
6.                Figure North America Endodontics Treatments Market Concentration, in 2020
7.                Figure Europe Endodontics Treatments Market Market Concentration, in 2020
8.                Figure Asia-Pacific Endodontics Treatments MMarket Concentration, in 2020
9.                Figure South America Endodontics Treatments Market Concentration, in 2020
10.                Figure Middle East & Africa Endodontics Treatments Market Concentration, in 2020
11.                Figure Endodontics Treatments Demand in Hospitals, 2016-2020, in USD Million
12.                Figure Endodontics Treatments Demand in Hospitals, 2016-2020, in Volume
13.                Figure Endodontics Treatments Demand in Dental Clinic, 2016-2020, in USD Million
14.                Figure Endodontics Treatments Demand in Dental Clinic, 2016-2020, in Volume
15.                Figure Endodontics Treatments Market Growth 2021-2026, by Application, in USD Million
16.                Figure Endodontics Treatments Market Share in 2026, by Application, in USD Million
17.                Figure North America Endodontics Treatments Market Size and Growth 2016-2020, in USD Million
18.                Figure North America Endodontics Treatments Market Size and Growth 2016-2020, in Volume
19.                Figure Europe Endodontics Treatments Market Size and Growth 2016-2020, in USD Million
20.                Figure Europe Endodontics Treatments Market Size and Growth 2016-2020, in Volume
21.                Figure Asia-Pacific Endodontics Treatments Market Size and Growth 2016-2020, in USD Million
22.                Figure Asia-Pacific Endodontics Treatments Market Size and Growth 2016-2020, in Volume
23.                Figure South America Endodontics Treatments Market Size and Growth 2016-2020, in USD Million
24.                Figure South America Endodontics Treatments Market Size and Growth 2016-2020, in Volume
25.                Figure Middle East & Africa Endodontics Treatments Market Size and Growth 2016-2020, in USD Million
26.                Figure Middle East & Africa Endodontics Treatments Market Size and Growth 2016-2020, in Volume
27.                Figure Marketing Channels Overview","$2,980 ","$5,960 ","$5,960 ",99SGL298Lif20210200024811
7-Apr-21,"Life & Medical","Global Empty Capsules Market Analysis 2016-2020 and Forecast 2021-2026","Snapshot
The global Empty Capsules market size is estimated at xxx million USD with a CAGR xx% from 2016-2020 and is expected to reach xxx Million USD in 2021 with a CAGR xx% from 2021 to 2026. The report begins from overview of Industry Chain structure, and describes industry environment, then analyses market size and forecast of Empty Capsules by product, region and application, in addition, this report introduces market competition situation among the vendors and company profile, besides, market price analysis and value chain features are covered in this report.
Product Type Coverage (Market Size & Forecast, Major Company of Product Type etc.):
        Gelatin (Porcine, Bovine, Bone Meal)
        Non-Gelatin (HPMC, Pullulan))
Company Coverage (Company Profile, Sales Revenue, Price, Gross Margin, Main Products etc.):
        Capsugel
        Medi-Caps
        Capsugel
        Bright Pharmacaps
        Qualicaps
        Acg Worldwide
        Roxlor
        Capscanada
        Sunil Healthcare
        Snail Pharma Industry
Application Coverage (Market Size & Forecast, Different Demand Market by Region, Main Consumer Profile etc.):
        Pharmaceutical
        Nutraceutical
        Cosmetics
Region Coverage (Regional Production, Demand & Forecast by Countries etc.):
        North America (U.S., Canada, Mexico)
        Europe (Germany, U.K., France, Italy, Russia, Spain etc.)
        Asia-Pacific (China, India, Japan, Southeast Asia etc.)
        South America (Brazil, Argentina etc.)
        Middle East & Africa (Saudi Arabia, South Africa etc.)",90,"Table of Contents
1 Industry Overview
    1.1 Empty Capsules Industry
                Figure Empty Capsules Industry Chain Structure
        1.1.1 Overview
        1.1.2 Development of Empty Capsules
    1.2 Market Segment
        1.2.1 Upstream
                Table Upstream Segment of Empty Capsules
        1.2.2 Downstream
                Table Application Segment of Empty Capsules
                Table Global Empty Capsules Market 2016-2026, by Application, in USD Million
        1.2.3 COVID-19 Impact
    1.3 Cost Analysis
2 Industry Environment (PEST Analysis)
    2.1 Policy
    2.2 Economics
    2.3 Sociology
    2.4 Technology
3 Empty Capsules Market by Type
    3.1 By Type
        3.1.1 Gelatin (Porcine, Bovine, Bone Meal)
                Table Major Company List of Gelatin (Porcine, Bovine, Bone Meal)
        3.1.2 Non-Gelatin (HPMC, Pullulan))
                Table Major Company List of Non-Gelatin (HPMC, Pullulan))
    3.2 Market Size
                Table Global Empty Capsules Market 2016-2020, by Type, in USD Million
                Figure Global Empty Capsules Market Growth 2016-2020, by Type, in USD Million
                Table Global Empty Capsules Market 2016-2020, by Type, in Volume
                Figure Global Empty Capsules Market Growth 2016-2020, by Type, in Volume
    3.3 Market Forecast
                Table Global Empty Capsules Market Forecast 2021-2026, by Type, in USD Million
                Table Global Empty Capsules Market Forecast 2021-2026, by Type, in Volume
4 Major Companies List
    4.1 Capsugel (Company Profile, Sales Data etc.)
        4.1.1 Capsugel Profile
                Table Capsugel Overview List
        4.1.2 Capsugel Products & Services
        4.1.3 Capsugel Business Operation Conditions
                Table Business Operation of Capsugel (Sales Revenue, Sales Volume, Price, Cost, Gross Margin)
    4.2 Medi-Caps (Company Profile, Sales Data etc.)
        4.2.1 Medi-Caps Profile
                Table Medi-Caps Overview List
        4.2.2 Medi-Caps Products & Services
        4.2.3 Medi-Caps Business Operation Conditions
                Table Business Operation of Medi-Caps (Sales Revenue, Sales Volume, Price, Cost, Gross Margin)
    4.3 Capsugel (Company Profile, Sales Data etc.)
        4.3.1 Capsugel Profile
                Table Capsugel Overview List
        4.3.2 Capsugel Products & Services
        4.3.3 Capsugel Business Operation Conditions
                Table Business Operation of Capsugel (Sales Revenue, Sales Volume, Price, Cost, Gross Margin)
    4.4 Bright Pharmacaps (Company Profile, Sales Data etc.)
        4.4.1 Bright Pharmacaps Profile
                Table Bright Pharmacaps Overview List
        4.4.2 Bright Pharmacaps Products & Services
        4.4.3 Bright Pharmacaps Business Operation Conditions
                Table Business Operation of Bright Pharmacaps (Sales Revenue, Sales Volume, Price, Cost, Gross Margin)
    4.5 Qualicaps (Company Profile, Sales Data etc.)
        4.5.1 Qualicaps Profile
                Table Qualicaps Overview List
        4.5.2 Qualicaps Products & Services
        4.5.3 Qualicaps Business Operation Conditions
                Table Business Operation of Qualicaps (Sales Revenue, Sales Volume, Price, Cost, Gross Margin)
    4.6 Acg Worldwide (Company Profile, Sales Data etc.)
        4.6.1 Acg Worldwide Profile
                Table Acg Worldwide Overview List
        4.6.2 Acg Worldwide Products & Services
        4.6.3 Acg Worldwide Business Operation Conditions
                Table Business Operation of Acg Worldwide (Sales Revenue, Sales Volume, Price, Cost, Gross Margin)
    4.7 Roxlor (Company Profile, Sales Data etc.)
        4.7.1 Roxlor Profile
                Table Roxlor Overview List
        4.7.2 Roxlor Products & Services
        4.7.3 Roxlor Business Operation Conditions
                Table Business Operation of Roxlor (Sales Revenue, Sales Volume, Price, Cost, Gross Margin)
    4.8 Capscanada (Company Profile, Sales Data etc.)
        4.8.1 Capscanada Profile
                Table Capscanada Overview List
        4.8.2 Capscanada Products & Services
        4.8.3 Capscanada Business Operation Conditions
                Table Business Operation of Capscanada (Sales Revenue, Sales Volume, Price, Cost, Gross Margin)
    4.9 Sunil Healthcare (Company Profile, Sales Data etc.)
        4.9.1 Sunil Healthcare Profile
                Table Sunil Healthcare Overview List
        4.9.2 Sunil Healthcare Products & Services
        4.9.3 Sunil Healthcare Business Operation Conditions
                Table Business Operation of Sunil Healthcare (Sales Revenue, Sales Volume, Price, Cost, Gross Margin)
    4.10 Snail Pharma Industry (Company Profile, Sales Data etc.)
        4.10.1 Snail Pharma Industry Profile
                Table Snail Pharma Industry Overview List
        4.10.2 Snail Pharma Industry Products & Services
        4.10.3 Snail Pharma Industry Business Operation Conditions
                Table Business Operation of Snail Pharma Industry (Sales Revenue, Sales Volume, Price, Cost, Gross Margin)
5 Market Competition
    5.1 Company Competition
                Table Global Empty Capsules Sales Revenue 2016-2020, by Company, in USD Million
                Table Global Empty Capsules Sales Revenue Share 2016-2020, by Company, in USD Million
                Figure Global Empty Capsules Sales Revenue Share in 2020, by Company, in USD Million
                Table Global Empty Capsules Sales Volume 2016-2020, by Company, in Volume
                Table Global Empty Capsules Sales Volume Share 2016-2020, by Company, in Volume
                Figure Global Empty Capsules Sales Volume Share in 2020, by Company, in Volume
    5.2 Regional Market by Company
                Figure North America Empty Capsules Market Concentration, in 2020
                Figure Europe Empty Capsules Market Market Concentration, in 2020
                Figure Asia-Pacific Empty Capsules MMarket Concentration, in 2020
                Figure South America Empty Capsules Market Concentration, in 2020
                Figure Middle East & Africa Empty Capsules Market Concentration, in 2020
6 Demand by End Market
    6.1 Demand Situation
        6.1.1 Demand in Pharmaceutical
                Figure Empty Capsules Demand in Pharmaceutical, 2016-2020, in USD Million
                Figure Empty Capsules Demand in Pharmaceutical, 2016-2020, in Volume
        6.1.2 Demand in Nutraceutical
                Figure Empty Capsules Demand in Nutraceutical, 2016-2020, in USD Million
                Figure Empty Capsules Demand in Nutraceutical, 2016-2020, in Volume
        6.1.3 Demand in Cosmetics
                Figure Empty Capsules Demand in Cosmetics, 2016-2020, in USD Million
                Figure Empty Capsules Demand in Cosmetics, 2016-2020, in Volume
    6.2 Regional Demand Comparison
                Table Regional Demand Comparison List
                Table Major Application in Different Regions
    6.3 Demand Forecast
                Table Empty Capsules Demand Forecast 2021-2026, by Application, in USD Million
                Figure Empty Capsules Market Growth 2021-2026, by Application, in USD Million
                Figure Empty Capsules Market Share in 2026, by Application, in USD Million
                Table Empty Capsules Demand Forecast 2021-2026, by Application, in Volume
                Table Empty Capsules Market Growth 2021-2026, by Application, in Volume
                Table Empty Capsules Market Share in 2026, by Application, in Volume
    6.4 Impact of the COVID-19 on the Demand
7 Region Operation
    7.1 Regional Production
                Table Empty Capsules Production 2016-2020, by Region, in USD Million
                Table Empty Capsules Production 2016-2020, by Region, in Volume
    7.2 Regional Market
                Table Global Empty Capsules Market 2016-2020, by Region, in USD Million
                Table Global Empty Capsules Market Share 2016-2020, by Region, in USD Million
                Table Global Empty Capsules Market 2016-2020, by Region, in Volume
                Table Global Empty Capsules Market Share 2016-2020, by Region, in Volume
    7.3 by Region
        7.3.1 North America
            7.3.1.1 Overview
                Figure North America Empty Capsules Market Size and Growth 2016-2020, in USD Million
                Figure North America Empty Capsules Market Size and Growth 2016-2020, in Volume
            7.3.1.2 by Country (U.S., Canada, Mexico)
                Table North America Empty Capsules Market Size 2016-2020, by Country, in USD Million
                Table North America Empty Capsules Market Size 2016-2020, by Country, in Volume
        7.3.2 Europe
            7.3.2.1 Overview
                Figure Europe Empty Capsules Market Size and Growth 2016-2020, in USD Million
                Figure Europe Empty Capsules Market Size and Growth 2016-2020, in Volume
            7.3.2.2 by Country (Germany, U.K., France, Italy, Russia, Spain etc.)
                Table Europe Empty Capsules Market Size 2016-2020, by Country, in USD Million
                Table Europe Empty Capsules Market Size 2016-2020, by Country, in Volume
        7.3.3 Asia-Pacific
            7.3.3.1 Overview
                Figure Asia-Pacific Empty Capsules Market Size and Growth 2016-2020, in USD Million
                Figure Asia-Pacific Empty Capsules Market Size and Growth 2016-2020, in Volume
            7.3.3.2 by Country (China, India, Japan, Southeast Asia etc.)
                Table Asia-Pacific Empty Capsules Market Size 2016-2020, by Country, in USD Million
                Table Asia-Pacific Empty Capsules Market Size 2016-2020, by Country, in Volume
        7.3.4 South America
            7.3.4.1 Overview
                Figure South America Empty Capsules Market Size and Growth 2016-2020, in USD Million
                Figure South America Empty Capsules Market Size and Growth 2016-2020, in Volume
            7.3.4.2 by Country (Brazil, Argentina etc.)
                Table South America Empty Capsules Market Size 2016-2020, by Country, in USD Million
                Table South America Empty Capsules Market Size 2016-2020, by Country, in Volume
        7.3.5 Middle East & Africa
            7.3.5.1 Overview
                Figure Middle East & Africa Empty Capsules Market Size and Growth 2016-2020, in USD Million
                Figure Middle East & Africa Empty Capsules Market Size and Growth 2016-2020, in Volume
            7.3.5.2 by Country (Saudi Arabia, South Africa etc.)
                Table Middle East & Africa Empty Capsules Market Size 2016-2020, by Country, in USD Million
                Table Middle East & Africa Empty Capsules Market Size 2016-2020, by Country, in Volume
    7.4 Regional Import & Export
    7.5 Regional Forecast
                Table Empty Capsules Market Forecast 2021-2026, by Region, in USD Million
                Table Empty Capsules Market Forecast 2021-2026, by Region, in Volume
8 Marketing & Price
    8.1 Price and Margin
        8.1.1 Price Trends
        8.1.2 Factors of Price Change
                Table Price Factors List
        8.1.3 Manufacturers Gross Margin Analysis
    8.2 Marketing Channel
                Figure Marketing Channels Overview
9 Research Conclusion","List of Table
1.                Table Upstream Segment of Empty Capsules
2.                Table Application Segment of Empty Capsules
3.                Table Global Empty Capsules Market 2016-2026, by Application, in USD Million
4.                Table Major Company List of Non-Gelatin (HPMC, Pullulan))
5.                Table Global Empty Capsules Market 2016-2020, by Type, in USD Million
6.                Table Global Empty Capsules Market 2016-2020, by Type, in Volume
7.                Table Global Empty Capsules Market Forecast 2021-2026, by Type, in USD Million
8.                Table Global Empty Capsules Market Forecast 2021-2026, by Type, in Volume
9.                Table Capsugel Overview List
10.                Table Business Operation of Capsugel (Sales Revenue, Sales Volume, Price, Cost, Gross Margin)
11.                Table Medi-Caps Overview List
12.                Table Business Operation of Medi-Caps (Sales Revenue, Sales Volume, Price, Cost, Gross Margin)
13.                Table Capsugel Overview List
14.                Table Business Operation of Capsugel (Sales Revenue, Sales Volume, Price, Cost, Gross Margin)
15.                Table Bright Pharmacaps Overview List
16.                Table Business Operation of Bright Pharmacaps (Sales Revenue, Sales Volume, Price, Cost, Gross Margin)
17.                Table Qualicaps Overview List
18.                Table Business Operation of Qualicaps (Sales Revenue, Sales Volume, Price, Cost, Gross Margin)
19.                Table Acg Worldwide Overview List
20.                Table Business Operation of Acg Worldwide (Sales Revenue, Sales Volume, Price, Cost, Gross Margin)
21.                Table Roxlor Overview List
22.                Table Business Operation of Roxlor (Sales Revenue, Sales Volume, Price, Cost, Gross Margin)
23.                Table Capscanada Overview List
24.                Table Business Operation of Capscanada (Sales Revenue, Sales Volume, Price, Cost, Gross Margin)
25.                Table Sunil Healthcare Overview List
26.                Table Business Operation of Sunil Healthcare (Sales Revenue, Sales Volume, Price, Cost, Gross Margin)
27.                Table Snail Pharma Industry Overview List
28.                Table Business Operation of Snail Pharma Industry (Sales Revenue, Sales Volume, Price, Cost, Gross Margin)
29.                Table Global Empty Capsules Sales Revenue 2016-2020, by Company, in USD Million
30.                Table Global Empty Capsules Sales Revenue Share 2016-2020, by Company, in USD Million
31.                Table Global Empty Capsules Sales Volume 2016-2020, by Company, in Volume
32.                Table Global Empty Capsules Sales Volume Share 2016-2020, by Company, in Volume
33.                Table Regional Demand Comparison List
34.                Table Major Application in Different Regions
35.                Table Empty Capsules Demand Forecast 2021-2026, by Application, in USD Million
36.                Table Empty Capsules Demand Forecast 2021-2026, by Application, in Volume
37.                Table Empty Capsules Market Growth 2021-2026, by Application, in Volume
38.                Table Empty Capsules Market Share in 2026, by Application, in Volume
39.                Table Empty Capsules Production 2016-2020, by Region, in USD Million
40.                Table Empty Capsules Production 2016-2020, by Region, in Volume
41.                Table Global Empty Capsules Market 2016-2020, by Region, in USD Million
42.                Table Global Empty Capsules Market Share 2016-2020, by Region, in USD Million
43.                Table Global Empty Capsules Market 2016-2020, by Region, in Volume
44.                Table Global Empty Capsules Market Share 2016-2020, by Region, in Volume
45.                Table North America Empty Capsules Market Size 2016-2020, by Country, in USD Million
46.                Table North America Empty Capsules Market Size 2016-2020, by Country, in Volume
47.                Table Europe Empty Capsules Market Size 2016-2020, by Country, in USD Million
48.                Table Europe Empty Capsules Market Size 2016-2020, by Country, in Volume
49.                Table Asia-Pacific Empty Capsules Market Size 2016-2020, by Country, in USD Million
50.                Table Asia-Pacific Empty Capsules Market Size 2016-2020, by Country, in Volume
51.                Table South America Empty Capsules Market Size 2016-2020, by Country, in USD Million
52.                Table South America Empty Capsules Market Size 2016-2020, by Country, in Volume
53.                Table Middle East & Africa Empty Capsules Market Size 2016-2020, by Country, in USD Million
54.                Table Middle East & Africa Empty Capsules Market Size 2016-2020, by Country, in Volume
55.                Table Empty Capsules Market Forecast 2021-2026, by Region, in USD Million
56.                Table Empty Capsules Market Forecast 2021-2026, by Region, in Volume
57.                Table Price Factors List","List of Figure
1.                Figure Empty Capsules Industry Chain Structure
2.                Figure Global Empty Capsules Market Growth 2016-2020, by Type, in USD Million
3.                Figure Global Empty Capsules Market Growth 2016-2020, by Type, in Volume
4.                Figure Global Empty Capsules Sales Revenue Share in 2020, by Company, in USD Million
5.                Figure Global Empty Capsules Sales Volume Share in 2020, by Company, in Volume
6.                Figure North America Empty Capsules Market Concentration, in 2020
7.                Figure Europe Empty Capsules Market Market Concentration, in 2020
8.                Figure Asia-Pacific Empty Capsules MMarket Concentration, in 2020
9.                Figure South America Empty Capsules Market Concentration, in 2020
10.                Figure Middle East & Africa Empty Capsules Market Concentration, in 2020
11.                Figure Empty Capsules Demand in Pharmaceutical, 2016-2020, in USD Million
12.                Figure Empty Capsules Demand in Pharmaceutical, 2016-2020, in Volume
13.                Figure Empty Capsules Demand in Nutraceutical, 2016-2020, in USD Million
14.                Figure Empty Capsules Demand in Nutraceutical, 2016-2020, in Volume
15.                Figure Empty Capsules Demand in Cosmetics, 2016-2020, in USD Million
16.                Figure Empty Capsules Demand in Cosmetics, 2016-2020, in Volume
17.                Figure Empty Capsules Market Growth 2021-2026, by Application, in USD Million
18.                Figure Empty Capsules Market Share in 2026, by Application, in USD Million
19.                Figure North America Empty Capsules Market Size and Growth 2016-2020, in USD Million
20.                Figure North America Empty Capsules Market Size and Growth 2016-2020, in Volume
21.                Figure Europe Empty Capsules Market Size and Growth 2016-2020, in USD Million
22.                Figure Europe Empty Capsules Market Size and Growth 2016-2020, in Volume
23.                Figure Asia-Pacific Empty Capsules Market Size and Growth 2016-2020, in USD Million
24.                Figure Asia-Pacific Empty Capsules Market Size and Growth 2016-2020, in Volume
25.                Figure South America Empty Capsules Market Size and Growth 2016-2020, in USD Million
26.                Figure South America Empty Capsules Market Size and Growth 2016-2020, in Volume
27.                Figure Middle East & Africa Empty Capsules Market Size and Growth 2016-2020, in USD Million
28.                Figure Middle East & Africa Empty Capsules Market Size and Growth 2016-2020, in Volume
29.                Figure Marketing Channels Overview","$2,980 ","$5,960 ","$5,960 ",99SGL298Lif20210200024812
7-Apr-21,"Machinery & Equipment","Global Gas Chromatography Market Analysis 2016-2020 and Forecast 2021-2026","Snapshot
The global Gas Chromatography market size is estimated at xxx million USD with a CAGR xx% from 2016-2020 and is expected to reach xxx Million USD in 2021 with a CAGR xx% from 2021 to 2026. The report begins from overview of Industry Chain structure, and describes industry environment, then analyses market size and forecast of Gas Chromatography by product, region and application, in addition, this report introduces market competition situation among the vendors and company profile, besides, market price analysis and value chain features are covered in this report.
Product Type Coverage (Market Size & Forecast, Major Company of Product Type etc.):
        Gas-solid chromatography (GSC)
        Gas-liquid chromatography (GLC)
Company Coverage (Company Profile, Sales Revenue, Price, Gross Margin, Main Products etc.):
        Restek
        Shimadzu
        Bruker Daltonics
        Agilent Technologies
        Thermo Fisher Scientific
        Perkin Elmer
        Ellutia
        Bio-Rad Laboratories
        Angstrom Advance
        Peak Laboratories
        APIX
        CDS Analytical
        Falcon Analytical
        GenTech
        GOW-MAC
        Horizon Instrument Group
        Inrag
        JEOL
        LECO
        OI Analytical (Xylem)
        Parker Balston
        Quadrex
        Teledyne Tekmar
        Torion
        Waters
        Zoex
Application Coverage (Market Size & Forecast, Different Demand Market by Region, Main Consumer Profile etc.):
        Pharmaceutical
        Laboratories
        Food & Beverage
        Cosmetics
        Environmental Agencies
        Nutraceutical Industry
        Others
Region Coverage (Regional Production, Demand & Forecast by Countries etc.):
        North America (U.S., Canada, Mexico)
        Europe (Germany, U.K., France, Italy, Russia, Spain etc.)
        Asia-Pacific (China, India, Japan, Southeast Asia etc.)
        South America (Brazil, Argentina etc.)
        Middle East & Africa (Saudi Arabia, South Africa etc.)",148,"Table of Contents
1 Industry Overview
    1.1 Gas Chromatography Industry
                Figure Gas Chromatography Industry Chain Structure
        1.1.1 Overview
        1.1.2 Development of Gas Chromatography
    1.2 Market Segment
        1.2.1 Upstream
                Table Upstream Segment of Gas Chromatography
        1.2.2 Downstream
                Table Application Segment of Gas Chromatography
                Table Global Gas Chromatography Market 2016-2026, by Application, in USD Million
        1.2.3 COVID-19 Impact
    1.3 Cost Analysis
2 Industry Environment (PEST Analysis)
    2.1 Policy
    2.2 Economics
    2.3 Sociology
    2.4 Technology
3 Gas Chromatography Market by Type
    3.1 By Type
        3.1.1 Gas-solid chromatography (GSC)
                Table Major Company List of Gas-solid chromatography (GSC)
        3.1.2 Gas-liquid chromatography (GLC)
                Table Major Company List of Gas-liquid chromatography (GLC)
    3.2 Market Size
                Table Global Gas Chromatography Market 2016-2020, by Type, in USD Million
                Figure Global Gas Chromatography Market Growth 2016-2020, by Type, in USD Million
                Table Global Gas Chromatography Market 2016-2020, by Type, in Volume
                Figure Global Gas Chromatography Market Growth 2016-2020, by Type, in Volume
    3.3 Market Forecast
                Table Global Gas Chromatography Market Forecast 2021-2026, by Type, in USD Million
                Table Global Gas Chromatography Market Forecast 2021-2026, by Type, in Volume
4 Major Companies List
    4.1 Restek (Company Profile, Sales Data etc.)
        4.1.1 Restek Profile
                Table Restek Overview List
        4.1.2 Restek Products & Services
        4.1.3 Restek Business Operation Conditions
                Table Business Operation of Restek (Sales Revenue, Sales Volume, Price, Cost, Gross Margin)
    4.2 Shimadzu (Company Profile, Sales Data etc.)
        4.2.1 Shimadzu Profile
                Table Shimadzu Overview List
        4.2.2 Shimadzu Products & Services
        4.2.3 Shimadzu Business Operation Conditions
                Table Business Operation of Shimadzu (Sales Revenue, Sales Volume, Price, Cost, Gross Margin)
    4.3 Bruker Daltonics (Company Profile, Sales Data etc.)
        4.3.1 Bruker Daltonics Profile
                Table Bruker Daltonics Overview List
        4.3.2 Bruker Daltonics Products & Services
        4.3.3 Bruker Daltonics Business Operation Conditions
                Table Business Operation of Bruker Daltonics (Sales Revenue, Sales Volume, Price, Cost, Gross Margin)
    4.4 Agilent Technologies (Company Profile, Sales Data etc.)
        4.4.1 Agilent Technologies Profile
                Table Agilent Technologies Overview List
        4.4.2 Agilent Technologies Products & Services
        4.4.3 Agilent Technologies Business Operation Conditions
                Table Business Operation of Agilent Technologies (Sales Revenue, Sales Volume, Price, Cost, Gross Margin)
    4.5 Thermo Fisher Scientific (Company Profile, Sales Data etc.)
        4.5.1 Thermo Fisher Scientific Profile
                Table Thermo Fisher Scientific Overview List
        4.5.2 Thermo Fisher Scientific Products & Services
        4.5.3 Thermo Fisher Scientific Business Operation Conditions
                Table Business Operation of Thermo Fisher Scientific (Sales Revenue, Sales Volume, Price, Cost, Gross Margin)
    4.6 Perkin Elmer (Company Profile, Sales Data etc.)
        4.6.1 Perkin Elmer Profile
                Table Perkin Elmer Overview List
        4.6.2 Perkin Elmer Products & Services
        4.6.3 Perkin Elmer Business Operation Conditions
                Table Business Operation of Perkin Elmer (Sales Revenue, Sales Volume, Price, Cost, Gross Margin)
    4.7 Ellutia (Company Profile, Sales Data etc.)
        4.7.1 Ellutia Profile
                Table Ellutia Overview List
        4.7.2 Ellutia Products & Services
        4.7.3 Ellutia Business Operation Conditions
                Table Business Operation of Ellutia (Sales Revenue, Sales Volume, Price, Cost, Gross Margin)
    4.8 Bio-Rad Laboratories (Company Profile, Sales Data etc.)
        4.8.1 Bio-Rad Laboratories Profile
                Table Bio-Rad Laboratories Overview List
        4.8.2 Bio-Rad Laboratories Products & Services
        4.8.3 Bio-Rad Laboratories Business Operation Conditions
                Table Business Operation of Bio-Rad Laboratories (Sales Revenue, Sales Volume, Price, Cost, Gross Margin)
    4.9 Angstrom Advance (Company Profile, Sales Data etc.)
        4.9.1 Angstrom Advance Profile
                Table Angstrom Advance Overview List
        4.9.2 Angstrom Advance Products & Services
        4.9.3 Angstrom Advance Business Operation Conditions
                Table Business Operation of Angstrom Advance (Sales Revenue, Sales Volume, Price, Cost, Gross Margin)
    4.10 Peak Laboratories (Company Profile, Sales Data etc.)
        4.10.1 Peak Laboratories Profile
                Table Peak Laboratories Overview List
        4.10.2 Peak Laboratories Products & Services
        4.10.3 Peak Laboratories Business Operation Conditions
                Table Business Operation of Peak Laboratories (Sales Revenue, Sales Volume, Price, Cost, Gross Margin)
    4.11 APIX (Company Profile, Sales Data etc.)
        4.11.1 APIX Profile
                Table APIX Overview List
        4.11.2 APIX Products & Services
        4.11.3 APIX Business Operation Conditions
                Table Business Operation of APIX (Sales Revenue, Sales Volume, Price, Cost, Gross Margin)
    4.12 CDS Analytical (Company Profile, Sales Data etc.)
        4.12.1 CDS Analytical Profile
                Table CDS Analytical Overview List
        4.12.2 CDS Analytical Products & Services
        4.12.3 CDS Analytical Business Operation Conditions
                Table Business Operation of CDS Analytical (Sales Revenue, Cost, Gross Margin)
    4.13 Falcon Analytical (Company Profile, Sales Data etc.)
        4.13.1 Falcon Analytical Profile
                Table Falcon Analytical Overview List
        4.13.2 Falcon Analytical Products & Services
        4.13.3 Falcon Analytical Business Operation Conditions
                Table Business Operation of Falcon Analytical (Sales Revenue, Sales Volume, Price, Cost, Gross Margin)
    4.14 GenTech (Company Profile, Sales Data etc.)
        4.14.1 GenTech Profile
                Table GenTech Overview List
        4.14.2 GenTech Products & Services
        4.14.3 GenTech Business Operation Conditions
                Table Business Operation of GenTech (Sales Revenue, Cost, Gross Margin)
    4.15 GOW-MAC (Company Profile, Sales Data etc.)
        4.15.1 GOW-MAC Profile
                Table GOW-MAC Overview List
        4.15.2 GOW-MAC Products & Services
        4.15.3 GOW-MAC Business Operation Conditions
                Table Business Operation of GOW-MAC (Sales Revenue, Cost, Gross Margin)
    4.16 Horizon Instrument Group (Company Profile, Sales Data etc.)
        4.16.1 Horizon Instrument Group Profile
                Table Horizon Instrument Group Overview List
        4.16.2 Horizon Instrument Group Products & Services
        4.16.3 Horizon Instrument Group Business Operation Conditions
                Table Business Operation of Horizon Instrument Group (Sales Revenue, Cost, Gross Margin)
    4.17 Inrag (Company Profile, Sales Data etc.)
        4.17.1 Inrag Profile
                Table Inrag Overview List
        4.17.2 Inrag Products & Services
        4.17.3 Inrag Business Operation Conditions
                Table Business Operation of Inrag (Sales Revenue, Cost, Gross Margin)
    4.18 JEOL (Company Profile, Sales Data etc.)
        4.18.1 JEOL Profile
                Table JEOL Overview List
        4.18.2 JEOL Products & Services
        4.18.3 JEOL Business Operation Conditions
                Table Business Operation of JEOL (Sales Revenue, Cost, Gross Margin)
    4.19 LECO (Company Profile, Sales Data etc.)
        4.19.1 LECO Profile
                Table LECO Overview List
        4.19.2 LECO Products & Services
        4.19.3 LECO Business Operation Conditions
                Table Business Operation of LECO (Sales Revenue, Cost, Gross Margin)
    4.20 OI Analytical (Xylem) (Company Profile, Sales Data etc.)
        4.20.1 OI Analytical (Xylem) Profile
                Table OI Analytical (Xylem) Overview List
        4.20.2 OI Analytical (Xylem) Products & Services
        4.20.3 OI Analytical (Xylem) Business Operation Conditions
                Table Business Operation of OI Analytical (Xylem) (Sales Revenue, Cost, Gross Margin)
    4.21 Parker Balston (Company Profile, Sales Data etc.)
        4.21.1 Parker Balston Profile
                Table Parker Balston Overview List
        4.21.2 Parker Balston Products & Services
        4.21.3 Parker Balston Business Operation Conditions
                Table Business Operation of Parker Balston (Sales Revenue, Cost, Gross Margin)
    4.22 Quadrex (Company Profile, Sales Data etc.)
        4.22.1 Quadrex Profile
                Table Quadrex Overview List
        4.22.2 Quadrex Products & Services
        4.22.3 Quadrex Business Operation Conditions
                Table Business Operation of Quadrex (Sales Revenue, Cost, Gross Margin)
    4.23 Teledyne Tekmar (Company Profile, Sales Data etc.)
        4.23.1 Teledyne Tekmar Profile
                Table Teledyne Tekmar Overview List
        4.23.2 Teledyne Tekmar Products & Services
        4.23.3 Teledyne Tekmar Business Operation Conditions
                Table Business Operation of Teledyne Tekmar (Sales Revenue, Cost, Gross Margin)
    4.24 Torion (Company Profile, Sales Data etc.)
        4.24.1 Torion Profile
                Table Torion Overview List
        4.24.2 Torion Products & Services
        4.24.3 Torion Business Operation Conditions
                Table Business Operation of Torion (Sales Revenue, Cost, Gross Margin)
    4.25 Waters (Company Profile, Sales Data etc.)
        4.25.1 Waters Profile
                Table Waters Overview List
        4.25.2 Waters Products & Services
        4.25.3 Waters Business Operation Conditions
                Table Business Operation of Waters (Sales Revenue, Cost, Gross Margin)
    4.26 Zoex (Company Profile, Sales Data etc.)
        4.26.1 Zoex Profile
                Table Zoex Overview List
        4.26.2 Zoex Products & Services
        4.26.3 Zoex Business Operation Conditions
                Table Business Operation of Zoex (Sales Revenue, Cost, Gross Margin)
5 Market Competition
    5.1 Company Competition
                Table Global Gas Chromatography Sales Revenue 2016-2020, by Company, in USD Million
                Table Global Gas Chromatography Sales Revenue Share 2016-2020, by Company, in USD Million
                Figure Global Gas Chromatography Sales Revenue Share in 2020, by Company, in USD Million
                Table Global Gas Chromatography Sales Volume 2016-2020, by Company, in Volume
                Table Global Gas Chromatography Sales Volume Share 2016-2020, by Company, in Volume
                Figure Global Gas Chromatography Sales Volume Share in 2020, by Company, in Volume
    5.2 Regional Market by Company
                Figure North America Gas Chromatography Market Concentration, in 2020
                Figure Europe Gas Chromatography Market Market Concentration, in 2020
                Figure Asia-Pacific Gas Chromatography MMarket Concentration, in 2020
                Figure South America Gas Chromatography Market Concentration, in 2020
                Figure Middle East & Africa Gas Chromatography Market Concentration, in 2020
6 Demand by End Market
    6.1 Demand Situation
        6.1.1 Demand in Pharmaceutical
                Figure Gas Chromatography Demand in Pharmaceutical, 2016-2020, in USD Million
                Figure Gas Chromatography Demand in Pharmaceutical, 2016-2020, in Volume
        6.1.2 Demand in Laboratories
                Figure Gas Chromatography Demand in Laboratories, 2016-2020, in USD Million
                Figure Gas Chromatography Demand in Laboratories, 2016-2020, in Volume
        6.1.3 Demand in Food & Beverage
                Figure Gas Chromatography Demand in Food & Beverage, 2016-2020, in USD Million
                Figure Gas Chromatography Demand in Food & Beverage, 2016-2020, in Volume
        6.1.4 Demand in Cosmetics
                Figure Gas Chromatography Demand in Cosmetics, 2016-2020, in USD Million
                Figure Gas Chromatography Demand in Cosmetics, 2016-2020, in Volume
        6.1.5 Demand in Environmental Agencies
                Figure Gas Chromatography Demand in Environmental Agencies, 2016-2020, in USD Million
                Figure Gas Chromatography Demand in Environmental Agencies, 2016-2020, in Volume
        6.1.6 Demand in Nutraceutical Industry
                Figure Gas Chromatography Demand in Nutraceutical Industry, 2016-2020, in USD Million
                Figure Gas Chromatography Demand in Nutraceutical Industry, 2016-2020, in Volume
        6.1.7 Demand in Others
                Figure Gas Chromatography Demand in Others, 2016-2020, in USD Million
                Figure Gas Chromatography Demand in Others, 2016-2020, in Volume
    6.2 Regional Demand Comparison
                Table Regional Demand Comparison List
                Table Major Application in Different Regions
    6.3 Demand Forecast
                Table Gas Chromatography Demand Forecast 2021-2026, by Application, in USD Million
                Figure Gas Chromatography Market Growth 2021-2026, by Application, in USD Million
                Figure Gas Chromatography Market Share in 2026, by Application, in USD Million
                Table Gas Chromatography Demand Forecast 2021-2026, by Application, in Volume
                Table Gas Chromatography Market Growth 2021-2026, by Application, in Volume
                Table Gas Chromatography Market Share in 2026, by Application, in Volume
    6.4 Impact of the COVID-19 on the Demand
7 Region Operation
    7.1 Regional Production
                Table Gas Chromatography Production 2016-2020, by Region, in USD Million
                Table Gas Chromatography Production 2016-2020, by Region, in Volume
    7.2 Regional Market
                Table Global Gas Chromatography Market 2016-2020, by Region, in USD Million
                Table Global Gas Chromatography Market Share 2016-2020, by Region, in USD Million
                Table Global Gas Chromatography Market 2016-2020, by Region, in Volume
                Table Global Gas Chromatography Market Share 2016-2020, by Region, in Volume
    7.3 by Region
        7.3.1 North America
            7.3.1.1 Overview
                Figure North America Gas Chromatography Market Size and Growth 2016-2020, in USD Million
                Figure North America Gas Chromatography Market Size and Growth 2016-2020, in Volume
            7.3.1.2 by Country (U.S., Canada, Mexico)
                Table North America Gas Chromatography Market Size 2016-2020, by Country, in USD Million
                Table North America Gas Chromatography Market Size 2016-2020, by Country, in Volume
        7.3.2 Europe
            7.3.2.1 Overview
                Figure Europe Gas Chromatography Market Size and Growth 2016-2020, in USD Million
                Figure Europe Gas Chromatography Market Size and Growth 2016-2020, in Volume
            7.3.2.2 by Country (Germany, U.K., France, Italy, Russia, Spain etc.)
                Table Europe Gas Chromatography Market Size 2016-2020, by Country, in USD Million
                Table Europe Gas Chromatography Market Size 2016-2020, by Country, in Volume
        7.3.3 Asia-Pacific
            7.3.3.1 Overview
                Figure Asia-Pacific Gas Chromatography Market Size and Growth 2016-2020, in USD Million
                Figure Asia-Pacific Gas Chromatography Market Size and Growth 2016-2020, in Volume
            7.3.3.2 by Country (China, India, Japan, Southeast Asia etc.)
                Table Asia-Pacific Gas Chromatography Market Size 2016-2020, by Country, in USD Million
                Table Asia-Pacific Gas Chromatography Market Size 2016-2020, by Country, in Volume
        7.3.4 South America
            7.3.4.1 Overview
                Figure South America Gas Chromatography Market Size and Growth 2016-2020, in USD Million
                Figure South America Gas Chromatography Market Size and Growth 2016-2020, in Volume
            7.3.4.2 by Country (Brazil, Argentina etc.)
                Table South America Gas Chromatography Market Size 2016-2020, by Country, in USD Million
                Table South America Gas Chromatography Market Size 2016-2020, by Country, in Volume
        7.3.5 Middle East & Africa
            7.3.5.1 Overview
                Figure Middle East & Africa Gas Chromatography Market Size and Growth 2016-2020, in USD Million
                Figure Middle East & Africa Gas Chromatography Market Size and Growth 2016-2020, in Volume
            7.3.5.2 by Country (Saudi Arabia, South Africa etc.)
                Table Middle East & Africa Gas Chromatography Market Size 2016-2020, by Country, in USD Million
                Table Middle East & Africa Gas Chromatography Market Size 2016-2020, by Country, in Volume
    7.4 Regional Import & Export
    7.5 Regional Forecast
                Table Gas Chromatography Market Forecast 2021-2026, by Region, in USD Million
                Table Gas Chromatography Market Forecast 2021-2026, by Region, in Volume
8 Marketing & Price
    8.1 Price and Margin
        8.1.1 Price Trends
        8.1.2 Factors of Price Change
                Table Price Factors List
        8.1.3 Manufacturers Gross Margin Analysis
    8.2 Marketing Channel
                Figure Marketing Channels Overview
9 Research Conclusion","List of Table
1.                Table Upstream Segment of Gas Chromatography
2.                Table Application Segment of Gas Chromatography
3.                Table Global Gas Chromatography Market 2016-2026, by Application, in USD Million
4.                Table Major Company List of Gas-liquid chromatography (GLC)
5.                Table Global Gas Chromatography Market 2016-2020, by Type, in USD Million
6.                Table Global Gas Chromatography Market 2016-2020, by Type, in Volume
7.                Table Global Gas Chromatography Market Forecast 2021-2026, by Type, in USD Million
8.                Table Global Gas Chromatography Market Forecast 2021-2026, by Type, in Volume
9.                Table Restek Overview List
10.                Table Business Operation of Restek (Sales Revenue, Sales Volume, Price, Cost, Gross Margin)
11.                Table Shimadzu Overview List
12.                Table Business Operation of Shimadzu (Sales Revenue, Sales Volume, Price, Cost, Gross Margin)
13.                Table Bruker Daltonics Overview List
14.                Table Business Operation of Bruker Daltonics (Sales Revenue, Sales Volume, Price, Cost, Gross Margin)
15.                Table Agilent Technologies Overview List
16.                Table Business Operation of Agilent Technologies (Sales Revenue, Sales Volume, Price, Cost, Gross Margin)
17.                Table Thermo Fisher Scientific Overview List
18.                Table Business Operation of Thermo Fisher Scientific (Sales Revenue, Sales Volume, Price, Cost, Gross Margin)
19.                Table Perkin Elmer Overview List
20.                Table Business Operation of Perkin Elmer (Sales Revenue, Sales Volume, Price, Cost, Gross Margin)
21.                Table Ellutia Overview List
22.                Table Business Operation of Ellutia (Sales Revenue, Sales Volume, Price, Cost, Gross Margin)
23.                Table Bio-Rad Laboratories Overview List
24.                Table Business Operation of Bio-Rad Laboratories (Sales Revenue, Sales Volume, Price, Cost, Gross Margin)
25.                Table Angstrom Advance Overview List
26.                Table Business Operation of Angstrom Advance (Sales Revenue, Sales Volume, Price, Cost, Gross Margin)
27.                Table Peak Laboratories Overview List
28.                Table Business Operation of Peak Laboratories (Sales Revenue, Sales Volume, Price, Cost, Gross Margin)
29.                Table APIX Overview List
30.                Table Business Operation of APIX (Sales Revenue, Sales Volume, Price, Cost, Gross Margin)
31.                Table CDS Analytical Overview List
32.                Table Business Operation of CDS Analytical (Sales Revenue, Cost, Gross Margin)
33.                Table Falcon Analytical Overview List
34.                Table Business Operation of Falcon Analytical (Sales Revenue, Sales Volume, Price, Cost, Gross Margin)
35.                Table GenTech Overview List
36.                Table Business Operation of GenTech (Sales Revenue, Cost, Gross Margin)
37.                Table GOW-MAC Overview List
38.                Table Business Operation of GOW-MAC (Sales Revenue, Cost, Gross Margin)
39.                Table Horizon Instrument Group Overview List
40.                Table Business Operation of Horizon Instrument Group (Sales Revenue, Cost, Gross Margin)
41.                Table Inrag Overview List
42.                Table Business Operation of Inrag (Sales Revenue, Cost, Gross Margin)
43.                Table JEOL Overview List
44.                Table Business Operation of JEOL (Sales Revenue, Cost, Gross Margin)
45.                Table LECO Overview List
46.                Table Business Operation of LECO (Sales Revenue, Cost, Gross Margin)
47.                Table OI Analytical (Xylem) Overview List
48.                Table Business Operation of OI Analytical (Xylem) (Sales Revenue, Cost, Gross Margin)
49.                Table Parker Balston Overview List
50.                Table Business Operation of Parker Balston (Sales Revenue, Cost, Gross Margin)
51.                Table Quadrex Overview List
52.                Table Business Operation of Quadrex (Sales Revenue, Cost, Gross Margin)
53.                Table Teledyne Tekmar Overview List
54.                Table Business Operation of Teledyne Tekmar (Sales Revenue, Cost, Gross Margin)
55.                Table Torion Overview List
56.                Table Business Operation of Torion (Sales Revenue, Cost, Gross Margin)
57.                Table Waters Overview List
58.                Table Business Operation of Waters (Sales Revenue, Cost, Gross Margin)
59.                Table Zoex Overview List
60.                Table Business Operation of Zoex (Sales Revenue, Cost, Gross Margin)
61.                Table Global Gas Chromatography Sales Revenue 2016-2020, by Company, in USD Million
62.                Table Global Gas Chromatography Sales Revenue Share 2016-2020, by Company, in USD Million
63.                Table Global Gas Chromatography Sales Volume 2016-2020, by Company, in Volume
64.                Table Global Gas Chromatography Sales Volume Share 2016-2020, by Company, in Volume
65.                Table Regional Demand Comparison List
66.                Table Major Application in Different Regions
67.                Table Gas Chromatography Demand Forecast 2021-2026, by Application, in USD Million
68.                Table Gas Chromatography Demand Forecast 2021-2026, by Application, in Volume
69.                Table Gas Chromatography Market Growth 2021-2026, by Application, in Volume
70.                Table Gas Chromatography Market Share in 2026, by Application, in Volume
71.                Table Gas Chromatography Production 2016-2020, by Region, in USD Million
72.                Table Gas Chromatography Production 2016-2020, by Region, in Volume
73.                Table Global Gas Chromatography Market 2016-2020, by Region, in USD Million
74.                Table Global Gas Chromatography Market Share 2016-2020, by Region, in USD Million
75.                Table Global Gas Chromatography Market 2016-2020, by Region, in Volume
76.                Table Global Gas Chromatography Market Share 2016-2020, by Region, in Volume
77.                Table North America Gas Chromatography Market Size 2016-2020, by Country, in USD Million
78.                Table North America Gas Chromatography Market Size 2016-2020, by Country, in Volume
79.                Table Europe Gas Chromatography Market Size 2016-2020, by Country, in USD Million
80.                Table Europe Gas Chromatography Market Size 2016-2020, by Country, in Volume
81.                Table Asia-Pacific Gas Chromatography Market Size 2016-2020, by Country, in USD Million
82.                Table Asia-Pacific Gas Chromatography Market Size 2016-2020, by Country, in Volume
83.                Table South America Gas Chromatography Market Size 2016-2020, by Country, in USD Million
84.                Table South America Gas Chromatography Market Size 2016-2020, by Country, in Volume
85.                Table Middle East & Africa Gas Chromatography Market Size 2016-2020, by Country, in USD Million
86.                Table Middle East & Africa Gas Chromatography Market Size 2016-2020, by Country, in Volume
87.                Table Gas Chromatography Market Forecast 2021-2026, by Region, in USD Million
88.                Table Gas Chromatography Market Forecast 2021-2026, by Region, in Volume
89.                Table Price Factors List","List of Figure
1.                Figure Gas Chromatography Industry Chain Structure
2.                Figure Global Gas Chromatography Market Growth 2016-2020, by Type, in USD Million
3.                Figure Global Gas Chromatography Market Growth 2016-2020, by Type, in Volume
4.                Figure Global Gas Chromatography Sales Revenue Share in 2020, by Company, in USD Million
5.                Figure Global Gas Chromatography Sales Volume Share in 2020, by Company, in Volume
6.                Figure North America Gas Chromatography Market Concentration, in 2020
7.                Figure Europe Gas Chromatography Market Market Concentration, in 2020
8.                Figure Asia-Pacific Gas Chromatography MMarket Concentration, in 2020
9.                Figure South America Gas Chromatography Market Concentration, in 2020
10.                Figure Middle East & Africa Gas Chromatography Market Concentration, in 2020
11.                Figure Gas Chromatography Demand in Pharmaceutical, 2016-2020, in USD Million
12.                Figure Gas Chromatography Demand in Pharmaceutical, 2016-2020, in Volume
13.                Figure Gas Chromatography Demand in Laboratories, 2016-2020, in USD Million
14.                Figure Gas Chromatography Demand in Laboratories, 2016-2020, in Volume
15.                Figure Gas Chromatography Demand in Food & Beverage, 2016-2020, in USD Million
16.                Figure Gas Chromatography Demand in Food & Beverage, 2016-2020, in Volume
17.                Figure Gas Chromatography Demand in Cosmetics, 2016-2020, in USD Million
18.                Figure Gas Chromatography Demand in Cosmetics, 2016-2020, in Volume
19.                Figure Gas Chromatography Demand in Environmental Agencies, 2016-2020, in USD Million
20.                Figure Gas Chromatography Demand in Environmental Agencies, 2016-2020, in Volume
21.                Figure Gas Chromatography Demand in Nutraceutical Industry, 2016-2020, in USD Million
22.                Figure Gas Chromatography Demand in Nutraceutical Industry, 2016-2020, in Volume
23.                Figure Gas Chromatography Demand in Others, 2016-2020, in USD Million
24.                Figure Gas Chromatography Demand in Others, 2016-2020, in Volume
25.                Figure Gas Chromatography Market Growth 2021-2026, by Application, in USD Million
26.                Figure Gas Chromatography Market Share in 2026, by Application, in USD Million
27.                Figure North America Gas Chromatography Market Size and Growth 2016-2020, in USD Million
28.                Figure North America Gas Chromatography Market Size and Growth 2016-2020, in Volume
29.                Figure Europe Gas Chromatography Market Size and Growth 2016-2020, in USD Million
30.                Figure Europe Gas Chromatography Market Size and Growth 2016-2020, in Volume
31.                Figure Asia-Pacific Gas Chromatography Market Size and Growth 2016-2020, in USD Million
32.                Figure Asia-Pacific Gas Chromatography Market Size and Growth 2016-2020, in Volume
33.                Figure South America Gas Chromatography Market Size and Growth 2016-2020, in USD Million
34.                Figure South America Gas Chromatography Market Size and Growth 2016-2020, in Volume
35.                Figure Middle East & Africa Gas Chromatography Market Size and Growth 2016-2020, in USD Million
36.                Figure Middle East & Africa Gas Chromatography Market Size and Growth 2016-2020, in Volume
37.                Figure Marketing Channels Overview","$2,980 ","$5,960 ","$5,960 ",99SGL298Mac20210200024813
7-Apr-21,"Life & Medical","Global Gastro Esophageal Reflux Disease Drug and Devices Market Analysis 2016-2020 and Forecast 2021-2026","Snapshot
The global Gastro Esophageal Reflux Disease Drug and Devices market size is estimated at xxx million USD with a CAGR xx% from 2016-2020 and is expected to reach xxx Million USD in 2021 with a CAGR xx% from 2021 to 2026. The report begins from overview of Industry Chain structure, and describes industry environment, then analyses market size and forecast of Gastro Esophageal Reflux Disease Drug and Devices by product, region and application, in addition, this report introduces market competition situation among the vendors and company profile, besides, market price analysis and value chain features are covered in this report.
Product Type Coverage (Market Size & Forecast, Major Company of Product Type etc.):
        Drugs
        Devices
Company Coverage (Company Profile, Sales Revenue, Price, Gross Margin, Main Products etc.):
        Endogastric Solutions
        Medigus
        Medtronic
        Carbon Medical technologies
        Johnson & Johnson
Application Coverage (Market Size & Forecast, Different Demand Market by Region, Main Consumer Profile etc.):
        Drugs Treatment
        Surgical Treatment
        Minimally Invasive Treatment
Region Coverage (Regional Production, Demand & Forecast by Countries etc.):
        North America (U.S., Canada, Mexico)
        Europe (Germany, U.K., France, Italy, Russia, Spain etc.)
        Asia-Pacific (China, India, Japan, Southeast Asia etc.)
        South America (Brazil, Argentina etc.)
        Middle East & Africa (Saudi Arabia, South Africa etc.)",90,"Table of Contents
1 Industry Overview
    1.1 Gastro Esophageal Reflux Disease Drug and Devices Industry
                Figure Gastro Esophageal Reflux Disease Drug and Devices Industry Chain Structure
        1.1.1 Overview
        1.1.2 Development of Gastro Esophageal Reflux Disease Drug and Devices
    1.2 Market Segment
        1.2.1 Upstream
                Table Upstream Segment of Gastro Esophageal Reflux Disease Drug and Devices
        1.2.2 Downstream
                Table Application Segment of Gastro Esophageal Reflux Disease Drug and Devices
                Table Global Gastro Esophageal Reflux Disease Drug and Devices Market 2016-2026, by Application, in USD Million
        1.2.3 COVID-19 Impact
    1.3 Cost Analysis
2 Industry Environment (PEST Analysis)
    2.1 Policy
    2.2 Economics
    2.3 Sociology
    2.4 Technology
3 Gastro Esophageal Reflux Disease Drug and Devices Market by Type
    3.1 By Type
        3.1.1 Drugs
                Table Major Company List of Drugs
        3.1.2 Devices
                Table Major Company List of Devices
    3.2 Market Size
                Table Global Gastro Esophageal Reflux Disease Drug and Devices Market 2016-2020, by Type, in USD Million
                Figure Global Gastro Esophageal Reflux Disease Drug and Devices Market Growth 2016-2020, by Type, in USD Million
                Table Global Gastro Esophageal Reflux Disease Drug and Devices Market 2016-2020, by Type, in Volume
                Figure Global Gastro Esophageal Reflux Disease Drug and Devices Market Growth 2016-2020, by Type, in Volume
    3.3 Market Forecast
                Table Global Gastro Esophageal Reflux Disease Drug and Devices Market Forecast 2021-2026, by Type, in USD Million
                Table Global Gastro Esophageal Reflux Disease Drug and Devices Market Forecast 2021-2026, by Type, in Volume
4 Major Companies List
    4.1 Endogastric Solutions (Company Profile, Sales Data etc.)
        4.1.1 Endogastric Solutions Profile
                Table Endogastric Solutions Overview List
        4.1.2 Endogastric Solutions Products & Services
        4.1.3 Endogastric Solutions Business Operation Conditions
                Table Business Operation of Endogastric Solutions (Sales Revenue, Sales Volume, Price, Cost, Gross Margin)
    4.2 Medigus (Company Profile, Sales Data etc.)
        4.2.1 Medigus Profile
                Table Medigus Overview List
        4.2.2 Medigus Products & Services
        4.2.3 Medigus Business Operation Conditions
                Table Business Operation of Medigus (Sales Revenue, Sales Volume, Price, Cost, Gross Margin)
    4.3 Medtronic (Company Profile, Sales Data etc.)
        4.3.1 Medtronic Profile
                Table Medtronic Overview List
        4.3.2 Medtronic Products & Services
        4.3.3 Medtronic Business Operation Conditions
                Table Business Operation of Medtronic (Sales Revenue, Sales Volume, Price, Cost, Gross Margin)
    4.4 Carbon Medical technologies (Company Profile, Sales Data etc.)
        4.4.1 Carbon Medical technologies Profile
                Table Carbon Medical technologies Overview List
        4.4.2 Carbon Medical technologies Products & Services
        4.4.3 Carbon Medical technologies Business Operation Conditions
                Table Business Operation of Carbon Medical technologies (Sales Revenue, Sales Volume, Price, Cost, Gross Margin)
    4.5 Johnson & Johnson (Company Profile, Sales Data etc.)
        4.5.1 Johnson & Johnson Profile
                Table Johnson & Johnson Overview List
        4.5.2 Johnson & Johnson Products & Services
        4.5.3 Johnson & Johnson Business Operation Conditions
                Table Business Operation of Johnson & Johnson (Sales Revenue, Sales Volume, Price, Cost, Gross Margin)
5 Market Competition
    5.1 Company Competition
                Table Global Gastro Esophageal Reflux Disease Drug and Devices Sales Revenue 2016-2020, by Company, in USD Million
                Table Global Gastro Esophageal Reflux Disease Drug and Devices Sales Revenue Share 2016-2020, by Company, in USD Million
                Figure Global Gastro Esophageal Reflux Disease Drug and Devices Sales Revenue Share in 2020, by Company, in USD Million
                Table Global Gastro Esophageal Reflux Disease Drug and Devices Sales Volume 2016-2020, by Company, in Volume
                Table Global Gastro Esophageal Reflux Disease Drug and Devices Sales Volume Share 2016-2020, by Company, in Volume
                Figure Global Gastro Esophageal Reflux Disease Drug and Devices Sales Volume Share in 2020, by Company, in Volume
    5.2 Regional Market by Company
                Figure North America Gastro Esophageal Reflux Disease Drug and Devices Market Concentration, in 2020
                Figure Europe Gastro Esophageal Reflux Disease Drug and Devices Market Market Concentration, in 2020
                Figure Asia-Pacific Gastro Esophageal Reflux Disease Drug and Devices MMarket Concentration, in 2020
                Figure South America Gastro Esophageal Reflux Disease Drug and Devices Market Concentration, in 2020
                Figure Middle East & Africa Gastro Esophageal Reflux Disease Drug and Devices Market Concentration, in 2020
6 Demand by End Market
    6.1 Demand Situation
        6.1.1 Demand in Drugs Treatment
                Figure Gastro Esophageal Reflux Disease Drug and Devices Demand in Drugs Treatment, 2016-2020, in USD Million
                Figure Gastro Esophageal Reflux Disease Drug and Devices Demand in Drugs Treatment, 2016-2020, in Volume
        6.1.2 Demand in Surgical Treatment
                Figure Gastro Esophageal Reflux Disease Drug and Devices Demand in Surgical Treatment, 2016-2020, in USD Million
                Figure Gastro Esophageal Reflux Disease Drug and Devices Demand in Surgical Treatment, 2016-2020, in Volume
        6.1.3 Demand in Minimally Invasive Treatment
                Figure Gastro Esophageal Reflux Disease Drug and Devices Demand in Minimally Invasive Treatment, 2016-2020, in USD Million
                Figure Gastro Esophageal Reflux Disease Drug and Devices Demand in Minimally Invasive Treatment, 2016-2020, in Volume
    6.2 Regional Demand Comparison
                Table Regional Demand Comparison List
                Table Major Application in Different Regions
    6.3 Demand Forecast
                Table Gastro Esophageal Reflux Disease Drug and Devices Demand Forecast 2021-2026, by Application, in USD Million
                Figure Gastro Esophageal Reflux Disease Drug and Devices Market Growth 2021-2026, by Application, in USD Million
                Figure Gastro Esophageal Reflux Disease Drug and Devices Market Share in 2026, by Application, in USD Million
                Table Gastro Esophageal Reflux Disease Drug and Devices Demand Forecast 2021-2026, by Application, in Volume
                Table Gastro Esophageal Reflux Disease Drug and Devices Market Growth 2021-2026, by Application, in Volume
                Table Gastro Esophageal Reflux Disease Drug and Devices Market Share in 2026, by Application, in Volume
    6.4 Impact of the COVID-19 on the Demand
7 Region Operation
    7.1 Regional Production
                Table Gastro Esophageal Reflux Disease Drug and Devices Production 2016-2020, by Region, in USD Million
                Table Gastro Esophageal Reflux Disease Drug and Devices Production 2016-2020, by Region, in Volume
    7.2 Regional Market
                Table Global Gastro Esophageal Reflux Disease Drug and Devices Market 2016-2020, by Region, in USD Million
                Table Global Gastro Esophageal Reflux Disease Drug and Devices Market Share 2016-2020, by Region, in USD Million
                Table Global Gastro Esophageal Reflux Disease Drug and Devices Market 2016-2020, by Region, in Volume
                Table Global Gastro Esophageal Reflux Disease Drug and Devices Market Share 2016-2020, by Region, in Volume
    7.3 by Region
        7.3.1 North America
            7.3.1.1 Overview
                Figure North America Gastro Esophageal Reflux Disease Drug and Devices Market Size and Growth 2016-2020, in USD Million
                Figure North America Gastro Esophageal Reflux Disease Drug and Devices Market Size and Growth 2016-2020, in Volume
            7.3.1.2 by Country (U.S., Canada, Mexico)
                Table North America Gastro Esophageal Reflux Disease Drug and Devices Market Size 2016-2020, by Country, in USD Million
                Table North America Gastro Esophageal Reflux Disease Drug and Devices Market Size 2016-2020, by Country, in Volume
        7.3.2 Europe
            7.3.2.1 Overview
                Figure Europe Gastro Esophageal Reflux Disease Drug and Devices Market Size and Growth 2016-2020, in USD Million
                Figure Europe Gastro Esophageal Reflux Disease Drug and Devices Market Size and Growth 2016-2020, in Volume
            7.3.2.2 by Country (Germany, U.K., France, Italy, Russia, Spain etc.)
                Table Europe Gastro Esophageal Reflux Disease Drug and Devices Market Size 2016-2020, by Country, in USD Million
                Table Europe Gastro Esophageal Reflux Disease Drug and Devices Market Size 2016-2020, by Country, in Volume
        7.3.3 Asia-Pacific
            7.3.3.1 Overview
                Figure Asia-Pacific Gastro Esophageal Reflux Disease Drug and Devices Market Size and Growth 2016-2020, in USD Million
                Figure Asia-Pacific Gastro Esophageal Reflux Disease Drug and Devices Market Size and Growth 2016-2020, in Volume
            7.3.3.2 by Country (China, India, Japan, Southeast Asia etc.)
                Table Asia-Pacific Gastro Esophageal Reflux Disease Drug and Devices Market Size 2016-2020, by Country, in USD Million
                Table Asia-Pacific Gastro Esophageal Reflux Disease Drug and Devices Market Size 2016-2020, by Country, in Volume
        7.3.4 South America
            7.3.4.1 Overview
                Figure South America Gastro Esophageal Reflux Disease Drug and Devices Market Size and Growth 2016-2020, in USD Million
                Figure South America Gastro Esophageal Reflux Disease Drug and Devices Market Size and Growth 2016-2020, in Volume
            7.3.4.2 by Country (Brazil, Argentina etc.)
                Table South America Gastro Esophageal Reflux Disease Drug and Devices Market Size 2016-2020, by Country, in USD Million
                Table South America Gastro Esophageal Reflux Disease Drug and Devices Market Size 2016-2020, by Country, in Volume
        7.3.5 Middle East & Africa
            7.3.5.1 Overview
                Figure Middle East & Africa Gastro Esophageal Reflux Disease Drug and Devices Market Size and Growth 2016-2020, in USD Million
                Figure Middle East & Africa Gastro Esophageal Reflux Disease Drug and Devices Market Size and Growth 2016-2020, in Volume
            7.3.5.2 by Country (Saudi Arabia, South Africa etc.)
                Table Middle East & Africa Gastro Esophageal Reflux Disease Drug and Devices Market Size 2016-2020, by Country, in USD Million
                Table Middle East & Africa Gastro Esophageal Reflux Disease Drug and Devices Market Size 2016-2020, by Country, in Volume
    7.4 Regional Import & Export
    7.5 Regional Forecast
                Table Gastro Esophageal Reflux Disease Drug and Devices Market Forecast 2021-2026, by Region, in USD Million
                Table Gastro Esophageal Reflux Disease Drug and Devices Market Forecast 2021-2026, by Region, in Volume
8 Marketing & Price
    8.1 Price and Margin
        8.1.1 Price Trends
        8.1.2 Factors of Price Change
                Table Price Factors List
        8.1.3 Manufacturers Gross Margin Analysis
    8.2 Marketing Channel
                Figure Marketing Channels Overview
9 Research Conclusion","List of Table
1.                Table Upstream Segment of Gastro Esophageal Reflux Disease Drug and Devices
2.                Table Application Segment of Gastro Esophageal Reflux Disease Drug and Devices
3.                Table Global Gastro Esophageal Reflux Disease Drug and Devices Market 2016-2026, by Application, in USD Million
4.                Table Major Company List of Devices
5.                Table Global Gastro Esophageal Reflux Disease Drug and Devices Market 2016-2020, by Type, in USD Million
6.                Table Global Gastro Esophageal Reflux Disease Drug and Devices Market 2016-2020, by Type, in Volume
7.                Table Global Gastro Esophageal Reflux Disease Drug and Devices Market Forecast 2021-2026, by Type, in USD Million
8.                Table Global Gastro Esophageal Reflux Disease Drug and Devices Market Forecast 2021-2026, by Type, in Volume
9.                Table Endogastric Solutions Overview List
10.                Table Business Operation of Endogastric Solutions (Sales Revenue, Sales Volume, Price, Cost, Gross Margin)
11.                Table Medigus Overview List
12.                Table Business Operation of Medigus (Sales Revenue, Sales Volume, Price, Cost, Gross Margin)
13.                Table Medtronic Overview List
14.                Table Business Operation of Medtronic (Sales Revenue, Sales Volume, Price, Cost, Gross Margin)
15.                Table Carbon Medical technologies Overview List
16.                Table Business Operation of Carbon Medical technologies (Sales Revenue, Sales Volume, Price, Cost, Gross Margin)
17.                Table Johnson & Johnson Overview List
18.                Table Business Operation of Johnson & Johnson (Sales Revenue, Sales Volume, Price, Cost, Gross Margin)
19.                Table Global Gastro Esophageal Reflux Disease Drug and Devices Sales Revenue 2016-2020, by Company, in USD Million
20.                Table Global Gastro Esophageal Reflux Disease Drug and Devices Sales Revenue Share 2016-2020, by Company, in USD Million
21.                Table Global Gastro Esophageal Reflux Disease Drug and Devices Sales Volume 2016-2020, by Company, in Volume
22.                Table Global Gastro Esophageal Reflux Disease Drug and Devices Sales Volume Share 2016-2020, by Company, in Volume
23.                Table Regional Demand Comparison List
24.                Table Major Application in Different Regions
25.                Table Gastro Esophageal Reflux Disease Drug and Devices Demand Forecast 2021-2026, by Application, in USD Million
26.                Table Gastro Esophageal Reflux Disease Drug and Devices Demand Forecast 2021-2026, by Application, in Volume
27.                Table Gastro Esophageal Reflux Disease Drug and Devices Market Growth 2021-2026, by Application, in Volume
28.                Table Gastro Esophageal Reflux Disease Drug and Devices Market Share in 2026, by Application, in Volume
29.                Table Gastro Esophageal Reflux Disease Drug and Devices Production 2016-2020, by Region, in USD Million
30.                Table Gastro Esophageal Reflux Disease Drug and Devices Production 2016-2020, by Region, in Volume
31.                Table Global Gastro Esophageal Reflux Disease Drug and Devices Market 2016-2020, by Region, in USD Million
32.                Table Global Gastro Esophageal Reflux Disease Drug and Devices Market Share 2016-2020, by Region, in USD Million
33.                Table Global Gastro Esophageal Reflux Disease Drug and Devices Market 2016-2020, by Region, in Volume
34.                Table Global Gastro Esophageal Reflux Disease Drug and Devices Market Share 2016-2020, by Region, in Volume
35.                Table North America Gastro Esophageal Reflux Disease Drug and Devices Market Size 2016-2020, by Country, in USD Million
36.                Table North America Gastro Esophageal Reflux Disease Drug and Devices Market Size 2016-2020, by Country, in Volume
37.                Table Europe Gastro Esophageal Reflux Disease Drug and Devices Market Size 2016-2020, by Country, in USD Million
38.                Table Europe Gastro Esophageal Reflux Disease Drug and Devices Market Size 2016-2020, by Country, in Volume
39.                Table Asia-Pacific Gastro Esophageal Reflux Disease Drug and Devices Market Size 2016-2020, by Country, in USD Million
40.                Table Asia-Pacific Gastro Esophageal Reflux Disease Drug and Devices Market Size 2016-2020, by Country, in Volume
41.                Table South America Gastro Esophageal Reflux Disease Drug and Devices Market Size 2016-2020, by Country, in USD Million
42.                Table South America Gastro Esophageal Reflux Disease Drug and Devices Market Size 2016-2020, by Country, in Volume
43.                Table Middle East & Africa Gastro Esophageal Reflux Disease Drug and Devices Market Size 2016-2020, by Country, in USD Million
44.                Table Middle East & Africa Gastro Esophageal Reflux Disease Drug and Devices Market Size 2016-2020, by Country, in Volume
45.                Table Gastro Esophageal Reflux Disease Drug and Devices Market Forecast 2021-2026, by Region, in USD Million
46.                Table Gastro Esophageal Reflux Disease Drug and Devices Market Forecast 2021-2026, by Region, in Volume
47.                Table Price Factors List","List of Figure
1.                Figure Gastro Esophageal Reflux Disease Drug and Devices Industry Chain Structure
2.                Figure Global Gastro Esophageal Reflux Disease Drug and Devices Market Growth 2016-2020, by Type, in USD Million
3.                Figure Global Gastro Esophageal Reflux Disease Drug and Devices Market Growth 2016-2020, by Type, in Volume
4.                Figure Global Gastro Esophageal Reflux Disease Drug and Devices Sales Revenue Share in 2020, by Company, in USD Million
5.                Figure Global Gastro Esophageal Reflux Disease Drug and Devices Sales Volume Share in 2020, by Company, in Volume
6.                Figure North America Gastro Esophageal Reflux Disease Drug and Devices Market Concentration, in 2020
7.                Figure Europe Gastro Esophageal Reflux Disease Drug and Devices Market Market Concentration, in 2020
8.                Figure Asia-Pacific Gastro Esophageal Reflux Disease Drug and Devices MMarket Concentration, in 2020
9.                Figure South America Gastro Esophageal Reflux Disease Drug and Devices Market Concentration, in 2020
10.                Figure Middle East & Africa Gastro Esophageal Reflux Disease Drug and Devices Market Concentration, in 2020
11.                Figure Gastro Esophageal Reflux Disease Drug and Devices Demand in Drugs Treatment, 2016-2020, in USD Million
12.                Figure Gastro Esophageal Reflux Disease Drug and Devices Demand in Drugs Treatment, 2016-2020, in Volume
13.                Figure Gastro Esophageal Reflux Disease Drug and Devices Demand in Surgical Treatment, 2016-2020, in USD Million
14.                Figure Gastro Esophageal Reflux Disease Drug and Devices Demand in Surgical Treatment, 2016-2020, in Volume
15.                Figure Gastro Esophageal Reflux Disease Drug and Devices Demand in Minimally Invasive Treatment, 2016-2020, in USD Million
16.                Figure Gastro Esophageal Reflux Disease Drug and Devices Demand in Minimally Invasive Treatment, 2016-2020, in Volume
17.                Figure Gastro Esophageal Reflux Disease Drug and Devices Market Growth 2021-2026, by Application, in USD Million
18.                Figure Gastro Esophageal Reflux Disease Drug and Devices Market Share in 2026, by Application, in USD Million
19.                Figure North America Gastro Esophageal Reflux Disease Drug and Devices Market Size and Growth 2016-2020, in USD Million
20.                Figure North America Gastro Esophageal Reflux Disease Drug and Devices Market Size and Growth 2016-2020, in Volume
21.                Figure Europe Gastro Esophageal Reflux Disease Drug and Devices Market Size and Growth 2016-2020, in USD Million
22.                Figure Europe Gastro Esophageal Reflux Disease Drug and Devices Market Size and Growth 2016-2020, in Volume
23.                Figure Asia-Pacific Gastro Esophageal Reflux Disease Drug and Devices Market Size and Growth 2016-2020, in USD Million
24.                Figure Asia-Pacific Gastro Esophageal Reflux Disease Drug and Devices Market Size and Growth 2016-2020, in Volume
25.                Figure South America Gastro Esophageal Reflux Disease Drug and Devices Market Size and Growth 2016-2020, in USD Million
26.                Figure South America Gastro Esophageal Reflux Disease Drug and Devices Market Size and Growth 2016-2020, in Volume
27.                Figure Middle East & Africa Gastro Esophageal Reflux Disease Drug and Devices Market Size and Growth 2016-2020, in USD Million
28.                Figure Middle East & Africa Gastro Esophageal Reflux Disease Drug and Devices Market Size and Growth 2016-2020, in Volume
29.                Figure Marketing Channels Overview","$2,980 ","$5,960 ","$5,960 ",99SGL298Lif20210200024814
7-Apr-21,"Chemical & Material","Global Bromine Derivatives Market Analysis 2016-2020 and Forecast 2021-2026","Snapshot
The global Bromine Derivatives market size is estimated at xxx million USD with a CAGR xx% from 2016-2020 and is expected to reach xxx Million USD in 2021 with a CAGR xx% from 2021 to 2026. The report begins from overview of Industry Chain structure, and describes industry environment, then analyses market size and forecast of Bromine Derivatives by product, region and application, in addition, this report introduces market competition situation among the vendors and company profile, besides, market price analysis and value chain features are covered in this report.
Product Type Coverage (Market Size & Forecast, Major Company of Product Type etc.):
        Organobromine
        Hydrogen Bromide
        Clear Brine Fluid
Company Coverage (Company Profile, Sales Revenue, Price, Gross Margin, Main Products etc.):
        Albemarle Corporation
        Chemtura
        Jordan Bromine Ltd
        Tosoh Corporation
        Israel Chemical Ltd
        SANOFI SA
        HINDUSTAN SALTS LTD
        MORRE-TEC INDUSTRIES INC
        JORDAN BROMINE COMPANY LTD
        TETRA TECHNOLOGIES INC
Application Coverage (Market Size & Forecast, Different Demand Market by Region, Main Consumer Profile etc.):
        Oil & Gas
        Flame Retardants
        Biocide
        Plasma Etching
Region Coverage (Regional Production, Demand & Forecast by Countries etc.):
        North America (U.S., Canada, Mexico)
        Europe (Germany, U.K., France, Italy, Russia, Spain etc.)
        Asia-Pacific (China, India, Japan, Southeast Asia etc.)
        South America (Brazil, Argentina etc.)
        Middle East & Africa (Saudi Arabia, South Africa etc.)",91,"Table of Contents
1 Industry Overview
    1.1 Bromine Derivatives Industry
                Figure Bromine Derivatives Industry Chain Structure
        1.1.1 Overview
        1.1.2 Development of Bromine Derivatives
    1.2 Market Segment
        1.2.1 Upstream
                Table Upstream Segment of Bromine Derivatives
        1.2.2 Downstream
                Table Application Segment of Bromine Derivatives
                Table Global Bromine Derivatives Market 2016-2026, by Application, in USD Million
        1.2.3 COVID-19 Impact
    1.3 Cost Analysis
2 Industry Environment (PEST Analysis)
    2.1 Policy
    2.2 Economics
    2.3 Sociology
    2.4 Technology
3 Bromine Derivatives Market by Type
    3.1 By Type
        3.1.1 Organobromine
                Table Major Company List of Organobromine
        3.1.2 Hydrogen Bromide
                Table Major Company List of Hydrogen Bromide
        3.1.3 Clear Brine Fluid
                Table Major Company List of Clear Brine Fluid
    3.2 Market Size
                Table Global Bromine Derivatives Market 2016-2020, by Type, in USD Million
                Figure Global Bromine Derivatives Market Growth 2016-2020, by Type, in USD Million
                Table Global Bromine Derivatives Market 2016-2020, by Type, in Volume
                Figure Global Bromine Derivatives Market Growth 2016-2020, by Type, in Volume
    3.3 Market Forecast
                Table Global Bromine Derivatives Market Forecast 2021-2026, by Type, in USD Million
                Table Global Bromine Derivatives Market Forecast 2021-2026, by Type, in Volume
4 Major Companies List
    4.1 Albemarle Corporation (Company Profile, Sales Data etc.)
        4.1.1 Albemarle Corporation Profile
                Table Albemarle Corporation Overview List
        4.1.2 Albemarle Corporation Products & Services
        4.1.3 Albemarle Corporation Business Operation Conditions
                Table Business Operation of Albemarle Corporation (Sales Revenue, Sales Volume, Price, Cost, Gross Margin)
    4.2 Chemtura (Company Profile, Sales Data etc.)
        4.2.1 Chemtura Profile
                Table Chemtura Overview List
        4.2.2 Chemtura Products & Services
        4.2.3 Chemtura Business Operation Conditions
                Table Business Operation of Chemtura (Sales Revenue, Sales Volume, Price, Cost, Gross Margin)
    4.3 Jordan Bromine Ltd (Company Profile, Sales Data etc.)
        4.3.1 Jordan Bromine Ltd Profile
                Table Jordan Bromine Ltd Overview List
        4.3.2 Jordan Bromine Ltd Products & Services
        4.3.3 Jordan Bromine Ltd Business Operation Conditions
                Table Business Operation of Jordan Bromine Ltd (Sales Revenue, Sales Volume, Price, Cost, Gross Margin)
    4.4 Tosoh Corporation (Company Profile, Sales Data etc.)
        4.4.1 Tosoh Corporation Profile
                Table Tosoh Corporation Overview List
        4.4.2 Tosoh Corporation Products & Services
        4.4.3 Tosoh Corporation Business Operation Conditions
                Table Business Operation of Tosoh Corporation (Sales Revenue, Sales Volume, Price, Cost, Gross Margin)
    4.5 Israel Chemical Ltd (Company Profile, Sales Data etc.)
        4.5.1 Israel Chemical Ltd Profile
                Table Israel Chemical Ltd Overview List
        4.5.2 Israel Chemical Ltd Products & Services
        4.5.3 Israel Chemical Ltd Business Operation Conditions
                Table Business Operation of Israel Chemical Ltd (Sales Revenue, Sales Volume, Price, Cost, Gross Margin)
    4.6 SANOFI SA (Company Profile, Sales Data etc.)
        4.6.1 SANOFI SA Profile
                Table SANOFI SA Overview List
        4.6.2 SANOFI SA Products & Services
        4.6.3 SANOFI SA Business Operation Conditions
                Table Business Operation of SANOFI SA (Sales Revenue, Sales Volume, Price, Cost, Gross Margin)
    4.7 HINDUSTAN SALTS LTD (Company Profile, Sales Data etc.)
        4.7.1 HINDUSTAN SALTS LTD Profile
                Table HINDUSTAN SALTS LTD Overview List
        4.7.2 HINDUSTAN SALTS LTD Products & Services
        4.7.3 HINDUSTAN SALTS LTD Business Operation Conditions
                Table Business Operation of HINDUSTAN SALTS LTD (Sales Revenue, Sales Volume, Price, Cost, Gross Margin)
    4.8 MORRE-TEC INDUSTRIES INC (Company Profile, Sales Data etc.)
        4.8.1 MORRE-TEC INDUSTRIES INC Profile
                Table MORRE-TEC INDUSTRIES INC Overview List
        4.8.2 MORRE-TEC INDUSTRIES INC Products & Services
        4.8.3 MORRE-TEC INDUSTRIES INC Business Operation Conditions
                Table Business Operation of MORRE-TEC INDUSTRIES INC (Sales Revenue, Sales Volume, Price, Cost, Gross Margin)
    4.9 JORDAN BROMINE COMPANY LTD (Company Profile, Sales Data etc.)
        4.9.1 JORDAN BROMINE COMPANY LTD Profile
                Table JORDAN BROMINE COMPANY LTD Overview List
        4.9.2 JORDAN BROMINE COMPANY LTD Products & Services
        4.9.3 JORDAN BROMINE COMPANY LTD Business Operation Conditions
                Table Business Operation of JORDAN BROMINE COMPANY LTD (Sales Revenue, Sales Volume, Price, Cost, Gross Margin)
    4.10 TETRA TECHNOLOGIES INC (Company Profile, Sales Data etc.)
        4.10.1 TETRA TECHNOLOGIES INC Profile
                Table TETRA TECHNOLOGIES INC Overview List
        4.10.2 TETRA TECHNOLOGIES INC Products & Services
        4.10.3 TETRA TECHNOLOGIES INC Business Operation Conditions
                Table Business Operation of TETRA TECHNOLOGIES INC (Sales Revenue, Sales Volume, Price, Cost, Gross Margin)
5 Market Competition
    5.1 Company Competition
                Table Global Bromine Derivatives Sales Revenue 2016-2020, by Company, in USD Million
                Table Global Bromine Derivatives Sales Revenue Share 2016-2020, by Company, in USD Million
                Figure Global Bromine Derivatives Sales Revenue Share in 2020, by Company, in USD Million
                Table Global Bromine Derivatives Sales Volume 2016-2020, by Company, in Volume
                Table Global Bromine Derivatives Sales Volume Share 2016-2020, by Company, in Volume
                Figure Global Bromine Derivatives Sales Volume Share in 2020, by Company, in Volume
    5.2 Regional Market by Company
                Figure North America Bromine Derivatives Market Concentration, in 2020
                Figure Europe Bromine Derivatives Market Market Concentration, in 2020
                Figure Asia-Pacific Bromine Derivatives MMarket Concentration, in 2020
                Figure South America Bromine Derivatives Market Concentration, in 2020
                Figure Middle East & Africa Bromine Derivatives Market Concentration, in 2020
6 Demand by End Market
    6.1 Demand Situation
        6.1.1 Demand in Oil & Gas
                Figure Bromine Derivatives Demand in Oil & Gas, 2016-2020, in USD Million
                Figure Bromine Derivatives Demand in Oil & Gas, 2016-2020, in Volume
        6.1.2 Demand in Flame Retardants
                Figure Bromine Derivatives Demand in Flame Retardants, 2016-2020, in USD Million
                Figure Bromine Derivatives Demand in Flame Retardants, 2016-2020, in Volume
        6.1.3 Demand in Biocide
                Figure Bromine Derivatives Demand in Biocide, 2016-2020, in USD Million
                Figure Bromine Derivatives Demand in Biocide, 2016-2020, in Volume
        6.1.4 Demand in Plasma Etching
                Figure Bromine Derivatives Demand in Plasma Etching, 2016-2020, in USD Million
                Figure Bromine Derivatives Demand in Plasma Etching, 2016-2020, in Volume
    6.2 Regional Demand Comparison
                Table Regional Demand Comparison List
                Table Major Application in Different Regions
    6.3 Demand Forecast
                Table Bromine Derivatives Demand Forecast 2021-2026, by Application, in USD Million
                Figure Bromine Derivatives Market Growth 2021-2026, by Application, in USD Million
                Figure Bromine Derivatives Market Share in 2026, by Application, in USD Million
                Table Bromine Derivatives Demand Forecast 2021-2026, by Application, in Volume
                Table Bromine Derivatives Market Growth 2021-2026, by Application, in Volume
                Table Bromine Derivatives Market Share in 2026, by Application, in Volume
    6.4 Impact of the COVID-19 on the Demand
7 Region Operation
    7.1 Regional Production
                Table Bromine Derivatives Production 2016-2020, by Region, in USD Million
                Table Bromine Derivatives Production 2016-2020, by Region, in Volume
    7.2 Regional Market
                Table Global Bromine Derivatives Market 2016-2020, by Region, in USD Million
                Table Global Bromine Derivatives Market Share 2016-2020, by Region, in USD Million
                Table Global Bromine Derivatives Market 2016-2020, by Region, in Volume
                Table Global Bromine Derivatives Market Share 2016-2020, by Region, in Volume
    7.3 by Region
        7.3.1 North America
            7.3.1.1 Overview
                Figure North America Bromine Derivatives Market Size and Growth 2016-2020, in USD Million
                Figure North America Bromine Derivatives Market Size and Growth 2016-2020, in Volume
            7.3.1.2 by Country (U.S., Canada, Mexico)
                Table North America Bromine Derivatives Market Size 2016-2020, by Country, in USD Million
                Table North America Bromine Derivatives Market Size 2016-2020, by Country, in Volume
        7.3.2 Europe
            7.3.2.1 Overview
                Figure Europe Bromine Derivatives Market Size and Growth 2016-2020, in USD Million
                Figure Europe Bromine Derivatives Market Size and Growth 2016-2020, in Volume
            7.3.2.2 by Country (Germany, U.K., France, Italy, Russia, Spain etc.)
                Table Europe Bromine Derivatives Market Size 2016-2020, by Country, in USD Million
                Table Europe Bromine Derivatives Market Size 2016-2020, by Country, in Volume
        7.3.3 Asia-Pacific
            7.3.3.1 Overview
                Figure Asia-Pacific Bromine Derivatives Market Size and Growth 2016-2020, in USD Million
                Figure Asia-Pacific Bromine Derivatives Market Size and Growth 2016-2020, in Volume
            7.3.3.2 by Country (China, India, Japan, Southeast Asia etc.)
                Table Asia-Pacific Bromine Derivatives Market Size 2016-2020, by Country, in USD Million
                Table Asia-Pacific Bromine Derivatives Market Size 2016-2020, by Country, in Volume
        7.3.4 South America
            7.3.4.1 Overview
                Figure South America Bromine Derivatives Market Size and Growth 2016-2020, in USD Million
                Figure South America Bromine Derivatives Market Size and Growth 2016-2020, in Volume
            7.3.4.2 by Country (Brazil, Argentina etc.)
                Table South America Bromine Derivatives Market Size 2016-2020, by Country, in USD Million
                Table South America Bromine Derivatives Market Size 2016-2020, by Country, in Volume
        7.3.5 Middle East & Africa
            7.3.5.1 Overview
                Figure Middle East & Africa Bromine Derivatives Market Size and Growth 2016-2020, in USD Million
                Figure Middle East & Africa Bromine Derivatives Market Size and Growth 2016-2020, in Volume
            7.3.5.2 by Country (Saudi Arabia, South Africa etc.)
                Table Middle East & Africa Bromine Derivatives Market Size 2016-2020, by Country, in USD Million
                Table Middle East & Africa Bromine Derivatives Market Size 2016-2020, by Country, in Volume
    7.4 Regional Import & Export
    7.5 Regional Forecast
                Table Bromine Derivatives Market Forecast 2021-2026, by Region, in USD Million
                Table Bromine Derivatives Market Forecast 2021-2026, by Region, in Volume
8 Marketing & Price
    8.1 Price and Margin
        8.1.1 Price Trends
        8.1.2 Factors of Price Change
                Table Price Factors List
        8.1.3 Manufacturers Gross Margin Analysis
    8.2 Marketing Channel
                Figure Marketing Channels Overview
9 Research Conclusion","List of Table
1.                Table Upstream Segment of Bromine Derivatives
2.                Table Application Segment of Bromine Derivatives
3.                Table Global Bromine Derivatives Market 2016-2026, by Application, in USD Million
4.                Table Major Company List of Hydrogen Bromide
5.                Table Major Company List of Clear Brine Fluid
6.                Table Global Bromine Derivatives Market 2016-2020, by Type, in USD Million
7.                Table Global Bromine Derivatives Market 2016-2020, by Type, in Volume
8.                Table Global Bromine Derivatives Market Forecast 2021-2026, by Type, in USD Million
9.                Table Global Bromine Derivatives Market Forecast 2021-2026, by Type, in Volume
10.                Table Albemarle Corporation Overview List
11.                Table Business Operation of Albemarle Corporation (Sales Revenue, Sales Volume, Price, Cost, Gross Margin)
12.                Table Chemtura Overview List
13.                Table Business Operation of Chemtura (Sales Revenue, Sales Volume, Price, Cost, Gross Margin)
14.                Table Jordan Bromine Ltd Overview List
15.                Table Business Operation of Jordan Bromine Ltd (Sales Revenue, Sales Volume, Price, Cost, Gross Margin)
16.                Table Tosoh Corporation Overview List
17.                Table Business Operation of Tosoh Corporation (Sales Revenue, Sales Volume, Price, Cost, Gross Margin)
18.                Table Israel Chemical Ltd Overview List
19.                Table Business Operation of Israel Chemical Ltd (Sales Revenue, Sales Volume, Price, Cost, Gross Margin)
20.                Table SANOFI SA Overview List
21.                Table Business Operation of SANOFI SA (Sales Revenue, Sales Volume, Price, Cost, Gross Margin)
22.                Table HINDUSTAN SALTS LTD Overview List
23.                Table Business Operation of HINDUSTAN SALTS LTD (Sales Revenue, Sales Volume, Price, Cost, Gross Margin)
24.                Table MORRE-TEC INDUSTRIES INC Overview List
25.                Table Business Operation of MORRE-TEC INDUSTRIES INC (Sales Revenue, Sales Volume, Price, Cost, Gross Margin)
26.                Table JORDAN BROMINE COMPANY LTD Overview List
27.                Table Business Operation of JORDAN BROMINE COMPANY LTD (Sales Revenue, Sales Volume, Price, Cost, Gross Margin)
28.                Table TETRA TECHNOLOGIES INC Overview List
29.                Table Business Operation of TETRA TECHNOLOGIES INC (Sales Revenue, Sales Volume, Price, Cost, Gross Margin)
30.                Table Global Bromine Derivatives Sales Revenue 2016-2020, by Company, in USD Million
31.                Table Global Bromine Derivatives Sales Revenue Share 2016-2020, by Company, in USD Million
32.                Table Global Bromine Derivatives Sales Volume 2016-2020, by Company, in Volume
33.                Table Global Bromine Derivatives Sales Volume Share 2016-2020, by Company, in Volume
34.                Table Regional Demand Comparison List
35.                Table Major Application in Different Regions
36.                Table Bromine Derivatives Demand Forecast 2021-2026, by Application, in USD Million
37.                Table Bromine Derivatives Demand Forecast 2021-2026, by Application, in Volume
38.                Table Bromine Derivatives Market Growth 2021-2026, by Application, in Volume
39.                Table Bromine Derivatives Market Share in 2026, by Application, in Volume
40.                Table Bromine Derivatives Production 2016-2020, by Region, in USD Million
41.                Table Bromine Derivatives Production 2016-2020, by Region, in Volume
42.                Table Global Bromine Derivatives Market 2016-2020, by Region, in USD Million
43.                Table Global Bromine Derivatives Market Share 2016-2020, by Region, in USD Million
44.                Table Global Bromine Derivatives Market 2016-2020, by Region, in Volume
45.                Table Global Bromine Derivatives Market Share 2016-2020, by Region, in Volume
46.                Table North America Bromine Derivatives Market Size 2016-2020, by Country, in USD Million
47.                Table North America Bromine Derivatives Market Size 2016-2020, by Country, in Volume
48.                Table Europe Bromine Derivatives Market Size 2016-2020, by Country, in USD Million
49.                Table Europe Bromine Derivatives Market Size 2016-2020, by Country, in Volume
50.                Table Asia-Pacific Bromine Derivatives Market Size 2016-2020, by Country, in USD Million
51.                Table Asia-Pacific Bromine Derivatives Market Size 2016-2020, by Country, in Volume
52.                Table South America Bromine Derivatives Market Size 2016-2020, by Country, in USD Million
53.                Table South America Bromine Derivatives Market Size 2016-2020, by Country, in Volume
54.                Table Middle East & Africa Bromine Derivatives Market Size 2016-2020, by Country, in USD Million
55.                Table Middle East & Africa Bromine Derivatives Market Size 2016-2020, by Country, in Volume
56.                Table Bromine Derivatives Market Forecast 2021-2026, by Region, in USD Million
57.                Table Bromine Derivatives Market Forecast 2021-2026, by Region, in Volume
58.                Table Price Factors List","List of Figure
1.                Figure Bromine Derivatives Industry Chain Structure
2.                Figure Global Bromine Derivatives Market Growth 2016-2020, by Type, in USD Million
3.                Figure Global Bromine Derivatives Market Growth 2016-2020, by Type, in Volume
4.                Figure Global Bromine Derivatives Sales Revenue Share in 2020, by Company, in USD Million
5.                Figure Global Bromine Derivatives Sales Volume Share in 2020, by Company, in Volume
6.                Figure North America Bromine Derivatives Market Concentration, in 2020
7.                Figure Europe Bromine Derivatives Market Market Concentration, in 2020
8.                Figure Asia-Pacific Bromine Derivatives MMarket Concentration, in 2020
9.                Figure South America Bromine Derivatives Market Concentration, in 2020
10.                Figure Middle East & Africa Bromine Derivatives Market Concentration, in 2020
11.                Figure Bromine Derivatives Demand in Oil & Gas, 2016-2020, in USD Million
12.                Figure Bromine Derivatives Demand in Oil & Gas, 2016-2020, in Volume
13.                Figure Bromine Derivatives Demand in Flame Retardants, 2016-2020, in USD Million
14.                Figure Bromine Derivatives Demand in Flame Retardants, 2016-2020, in Volume
15.                Figure Bromine Derivatives Demand in Biocide, 2016-2020, in USD Million
16.                Figure Bromine Derivatives Demand in Biocide, 2016-2020, in Volume
17.                Figure Bromine Derivatives Demand in Plasma Etching, 2016-2020, in USD Million
18.                Figure Bromine Derivatives Demand in Plasma Etching, 2016-2020, in Volume
19.                Figure Bromine Derivatives Market Growth 2021-2026, by Application, in USD Million
20.                Figure Bromine Derivatives Market Share in 2026, by Application, in USD Million
21.                Figure North America Bromine Derivatives Market Size and Growth 2016-2020, in USD Million
22.                Figure North America Bromine Derivatives Market Size and Growth 2016-2020, in Volume
23.                Figure Europe Bromine Derivatives Market Size and Growth 2016-2020, in USD Million
24.                Figure Europe Bromine Derivatives Market Size and Growth 2016-2020, in Volume
25.                Figure Asia-Pacific Bromine Derivatives Market Size and Growth 2016-2020, in USD Million
26.                Figure Asia-Pacific Bromine Derivatives Market Size and Growth 2016-2020, in Volume
27.                Figure South America Bromine Derivatives Market Size and Growth 2016-2020, in USD Million
28.                Figure South America Bromine Derivatives Market Size and Growth 2016-2020, in Volume
29.                Figure Middle East & Africa Bromine Derivatives Market Size and Growth 2016-2020, in USD Million
30.                Figure Middle East & Africa Bromine Derivatives Market Size and Growth 2016-2020, in Volume
31.                Figure Marketing Channels Overview","$2,980 ","$5,960 ","$5,960 ",99SGL298Che20210200024815
7-Apr-21,"Chemical & Material","Global Industrial filament Market Analysis 2016-2020 and Forecast 2021-2026","Snapshot
The global Industrial filament market size is estimated at xxx million USD with a CAGR xx% from 2016-2020 and is expected to reach xxx Million USD in 2021 with a CAGR xx% from 2021 to 2026. The report begins from overview of Industry Chain structure, and describes industry environment, then analyses market size and forecast of Industrial filament by product, region and application, in addition, this report introduces market competition situation among the vendors and company profile, besides, market price analysis and value chain features are covered in this report.
Product Type Coverage (Market Size & Forecast, Major Company of Product Type etc.):
        Nylon filament
        Polyester filament
Company Coverage (Company Profile, Sales Revenue, Price, Gross Margin, Main Products etc.):
        Hyosung
        Kordsa Global
        Kolon Industries
        SRF Ltd
        Performance Fibers
        Firestone
        Maduratex
        Kordarna Plus A.S.
        Teijin
        Milliken & Company
Application Coverage (Market Size & Forecast, Different Demand Market by Region, Main Consumer Profile etc.):
        Tire Cord
        Clothes
        Others
Region Coverage (Regional Production, Demand & Forecast by Countries etc.):
        North America (U.S., Canada, Mexico)
        Europe (Germany, U.K., France, Italy, Russia, Spain etc.)
        Asia-Pacific (China, India, Japan, Southeast Asia etc.)
        South America (Brazil, Argentina etc.)
        Middle East & Africa (Saudi Arabia, South Africa etc.)",92,"Table of Contents
1 Industry Overview
    1.1 Industrial filament Industry
                Figure Industrial filament Industry Chain Structure
        1.1.1 Overview
        1.1.2 Development of Industrial filament
    1.2 Market Segment
        1.2.1 Upstream
                Table Upstream Segment of Industrial filament
        1.2.2 Downstream
                Table Application Segment of Industrial filament
                Table Global Industrial filament Market 2016-2026, by Application, in USD Million
        1.2.3 COVID-19 Impact
    1.3 Cost Analysis
2 Industry Environment (PEST Analysis)
    2.1 Policy
    2.2 Economics
    2.3 Sociology
    2.4 Technology
3 Industrial filament Market by Type
    3.1 By Type
        3.1.1 Nylon filament
                Table Major Company List of Nylon filament
        3.1.2 Polyester filament
                Table Major Company List of Polyester filament
    3.2 Market Size
                Table Global Industrial filament Market 2016-2020, by Type, in USD Million
                Figure Global Industrial filament Market Growth 2016-2020, by Type, in USD Million
                Table Global Industrial filament Market 2016-2020, by Type, in Volume
                Figure Global Industrial filament Market Growth 2016-2020, by Type, in Volume
    3.3 Market Forecast
                Table Global Industrial filament Market Forecast 2021-2026, by Type, in USD Million
                Table Global Industrial filament Market Forecast 2021-2026, by Type, in Volume
4 Major Companies List
    4.1 Hyosung (Company Profile, Sales Data etc.)
        4.1.1 Hyosung Profile
                Table Hyosung Overview List
        4.1.2 Hyosung Products & Services
        4.1.3 Hyosung Business Operation Conditions
                Table Business Operation of Hyosung (Sales Revenue, Sales Volume, Price, Cost, Gross Margin)
    4.2 Kordsa Global (Company Profile, Sales Data etc.)
        4.2.1 Kordsa Global Profile
                Table Kordsa Global Overview List
        4.2.2 Kordsa Global Products & Services
        4.2.3 Kordsa Global Business Operation Conditions
                Table Business Operation of Kordsa Global (Sales Revenue, Sales Volume, Price, Cost, Gross Margin)
    4.3 Kolon Industries (Company Profile, Sales Data etc.)
        4.3.1 Kolon Industries Profile
                Table Kolon Industries Overview List
        4.3.2 Kolon Industries Products & Services
        4.3.3 Kolon Industries Business Operation Conditions
                Table Business Operation of Kolon Industries (Sales Revenue, Sales Volume, Price, Cost, Gross Margin)
    4.4 SRF Ltd (Company Profile, Sales Data etc.)
        4.4.1 SRF Ltd Profile
                Table SRF Ltd Overview List
        4.4.2 SRF Ltd Products & Services
        4.4.3 SRF Ltd Business Operation Conditions
                Table Business Operation of SRF Ltd (Sales Revenue, Sales Volume, Price, Cost, Gross Margin)
    4.5 Performance Fibers (Company Profile, Sales Data etc.)
        4.5.1 Performance Fibers Profile
                Table Performance Fibers Overview List
        4.5.2 Performance Fibers Products & Services
        4.5.3 Performance Fibers Business Operation Conditions
                Table Business Operation of Performance Fibers (Sales Revenue, Sales Volume, Price, Cost, Gross Margin)
    4.6 Firestone (Company Profile, Sales Data etc.)
        4.6.1 Firestone Profile
                Table Firestone Overview List
        4.6.2 Firestone Products & Services
        4.6.3 Firestone Business Operation Conditions
                Table Business Operation of Firestone (Sales Revenue, Sales Volume, Price, Cost, Gross Margin)
    4.7 Maduratex (Company Profile, Sales Data etc.)
        4.7.1 Maduratex Profile
                Table Maduratex Overview List
        4.7.2 Maduratex Products & Services
        4.7.3 Maduratex Business Operation Conditions
                Table Business Operation of Maduratex (Sales Revenue, Sales Volume, Price, Cost, Gross Margin)
    4.8 Kordarna Plus A.S. (Company Profile, Sales Data etc.)
        4.8.1 Kordarna Plus A.S. Profile
                Table Kordarna Plus A.S. Overview List
        4.8.2 Kordarna Plus A.S. Products & Services
        4.8.3 Kordarna Plus A.S. Business Operation Conditions
                Table Business Operation of Kordarna Plus A.S. (Sales Revenue, Sales Volume, Price, Cost, Gross Margin)
    4.9 Teijin (Company Profile, Sales Data etc.)
        4.9.1 Teijin Profile
                Table Teijin Overview List
        4.9.2 Teijin Products & Services
        4.9.3 Teijin Business Operation Conditions
                Table Business Operation of Teijin (Sales Revenue, Sales Volume, Price, Cost, Gross Margin)
    4.10 Milliken & Company (Company Profile, Sales Data etc.)
        4.10.1 Milliken & Company Profile
                Table Milliken & Company Overview List
        4.10.2 Milliken & Company Products & Services
        4.10.3 Milliken & Company Business Operation Conditions
                Table Business Operation of Milliken & Company (Sales Revenue, Sales Volume, Price, Cost, Gross Margin)
5 Market Competition
    5.1 Company Competition
                Table Global Industrial filament Sales Revenue 2016-2020, by Company, in USD Million
                Table Global Industrial filament Sales Revenue Share 2016-2020, by Company, in USD Million
                Figure Global Industrial filament Sales Revenue Share in 2020, by Company, in USD Million
                Table Global Industrial filament Sales Volume 2016-2020, by Company, in Volume
                Table Global Industrial filament Sales Volume Share 2016-2020, by Company, in Volume
                Figure Global Industrial filament Sales Volume Share in 2020, by Company, in Volume
    5.2 Regional Market by Company
                Figure North America Industrial filament Market Concentration, in 2020
                Figure Europe Industrial filament Market Market Concentration, in 2020
                Figure Asia-Pacific Industrial filament MMarket Concentration, in 2020
                Figure South America Industrial filament Market Concentration, in 2020
                Figure Middle East & Africa Industrial filament Market Concentration, in 2020
6 Demand by End Market
    6.1 Demand Situation
        6.1.1 Demand in Tire Cord
                Figure Industrial filament Demand in Tire Cord, 2016-2020, in USD Million
                Figure Industrial filament Demand in Tire Cord, 2016-2020, in Volume
        6.1.2 Demand in Clothes
                Figure Industrial filament Demand in Clothes, 2016-2020, in USD Million
                Figure Industrial filament Demand in Clothes, 2016-2020, in Volume
        6.1.3 Demand in Others
                Figure Industrial filament Demand in Others, 2016-2020, in USD Million
                Figure Industrial filament Demand in Others, 2016-2020, in Volume
    6.2 Regional Demand Comparison
                Table Regional Demand Comparison List
                Table Major Application in Different Regions
    6.3 Demand Forecast
                Table Industrial filament Demand Forecast 2021-2026, by Application, in USD Million
                Figure Industrial filament Market Growth 2021-2026, by Application, in USD Million
                Figure Industrial filament Market Share in 2026, by Application, in USD Million
                Table Industrial filament Demand Forecast 2021-2026, by Application, in Volume
                Table Industrial filament Market Growth 2021-2026, by Application, in Volume
                Table Industrial filament Market Share in 2026, by Application, in Volume
    6.4 Impact of the COVID-19 on the Demand
7 Region Operation
    7.1 Regional Production
                Table Industrial filament Production 2016-2020, by Region, in USD Million
                Table Industrial filament Production 2016-2020, by Region, in Volume
    7.2 Regional Market
                Table Global Industrial filament Market 2016-2020, by Region, in USD Million
                Table Global Industrial filament Market Share 2016-2020, by Region, in USD Million
                Table Global Industrial filament Market 2016-2020, by Region, in Volume
                Table Global Industrial filament Market Share 2016-2020, by Region, in Volume
    7.3 by Region
        7.3.1 North America
            7.3.1.1 Overview
                Figure North America Industrial filament Market Size and Growth 2016-2020, in USD Million
                Figure North America Industrial filament Market Size and Growth 2016-2020, in Volume
            7.3.1.2 by Country (U.S., Canada, Mexico)
                Table North America Industrial filament Market Size 2016-2020, by Country, in USD Million
                Table North America Industrial filament Market Size 2016-2020, by Country, in Volume
        7.3.2 Europe
            7.3.2.1 Overview
                Figure Europe Industrial filament Market Size and Growth 2016-2020, in USD Million
                Figure Europe Industrial filament Market Size and Growth 2016-2020, in Volume
            7.3.2.2 by Country (Germany, U.K., France, Italy, Russia, Spain etc.)
                Table Europe Industrial filament Market Size 2016-2020, by Country, in USD Million
                Table Europe Industrial filament Market Size 2016-2020, by Country, in Volume
        7.3.3 Asia-Pacific
            7.3.3.1 Overview
                Figure Asia-Pacific Industrial filament Market Size and Growth 2016-2020, in USD Million
                Figure Asia-Pacific Industrial filament Market Size and Growth 2016-2020, in Volume
            7.3.3.2 by Country (China, India, Japan, Southeast Asia etc.)
                Table Asia-Pacific Industrial filament Market Size 2016-2020, by Country, in USD Million
                Table Asia-Pacific Industrial filament Market Size 2016-2020, by Country, in Volume
        7.3.4 South America
            7.3.4.1 Overview
                Figure South America Industrial filament Market Size and Growth 2016-2020, in USD Million
                Figure South America Industrial filament Market Size and Growth 2016-2020, in Volume
            7.3.4.2 by Country (Brazil, Argentina etc.)
                Table South America Industrial filament Market Size 2016-2020, by Country, in USD Million
                Table South America Industrial filament Market Size 2016-2020, by Country, in Volume
        7.3.5 Middle East & Africa
            7.3.5.1 Overview
                Figure Middle East & Africa Industrial filament Market Size and Growth 2016-2020, in USD Million
                Figure Middle East & Africa Industrial filament Market Size and Growth 2016-2020, in Volume
            7.3.5.2 by Country (Saudi Arabia, South Africa etc.)
                Table Middle East & Africa Industrial filament Market Size 2016-2020, by Country, in USD Million
                Table Middle East & Africa Industrial filament Market Size 2016-2020, by Country, in Volume
    7.4 Regional Import & Export
    7.5 Regional Forecast
                Table Industrial filament Market Forecast 2021-2026, by Region, in USD Million
                Table Industrial filament Market Forecast 2021-2026, by Region, in Volume
8 Marketing & Price
    8.1 Price and Margin
        8.1.1 Price Trends
        8.1.2 Factors of Price Change
                Table Price Factors List
        8.1.3 Manufacturers Gross Margin Analysis
    8.2 Marketing Channel
                Figure Marketing Channels Overview
9 Research Conclusion","List of Table
1.                Table Upstream Segment of Industrial filament
2.                Table Application Segment of Industrial filament
3.                Table Global Industrial filament Market 2016-2026, by Application, in USD Million
4.                Table Major Company List of Polyester filament
5.                Table Global Industrial filament Market 2016-2020, by Type, in USD Million
6.                Table Global Industrial filament Market 2016-2020, by Type, in Volume
7.                Table Global Industrial filament Market Forecast 2021-2026, by Type, in USD Million
8.                Table Global Industrial filament Market Forecast 2021-2026, by Type, in Volume
9.                Table Hyosung Overview List
10.                Table Business Operation of Hyosung (Sales Revenue, Sales Volume, Price, Cost, Gross Margin)
11.                Table Kordsa Global Overview List
12.                Table Business Operation of Kordsa Global (Sales Revenue, Sales Volume, Price, Cost, Gross Margin)
13.                Table Kolon Industries Overview List
14.                Table Business Operation of Kolon Industries (Sales Revenue, Sales Volume, Price, Cost, Gross Margin)
15.                Table SRF Ltd Overview List
16.                Table Business Operation of SRF Ltd (Sales Revenue, Sales Volume, Price, Cost, Gross Margin)
17.                Table Performance Fibers Overview List
18.                Table Business Operation of Performance Fibers (Sales Revenue, Sales Volume, Price, Cost, Gross Margin)
19.                Table Firestone Overview List
20.                Table Business Operation of Firestone (Sales Revenue, Sales Volume, Price, Cost, Gross Margin)
21.                Table Maduratex Overview List
22.                Table Business Operation of Maduratex (Sales Revenue, Sales Volume, Price, Cost, Gross Margin)
23.                Table Kordarna Plus A.S. Overview List
24.                Table Business Operation of Kordarna Plus A.S. (Sales Revenue, Sales Volume, Price, Cost, Gross Margin)
25.                Table Teijin Overview List
26.                Table Business Operation of Teijin (Sales Revenue, Sales Volume, Price, Cost, Gross Margin)
27.                Table Milliken & Company Overview List
28.                Table Business Operation of Milliken & Company (Sales Revenue, Sales Volume, Price, Cost, Gross Margin)
29.                Table Global Industrial filament Sales Revenue 2016-2020, by Company, in USD Million
30.                Table Global Industrial filament Sales Revenue Share 2016-2020, by Company, in USD Million
31.                Table Global Industrial filament Sales Volume 2016-2020, by Company, in Volume
32.                Table Global Industrial filament Sales Volume Share 2016-2020, by Company, in Volume
33.                Table Regional Demand Comparison List
34.                Table Major Application in Different Regions
35.                Table Industrial filament Demand Forecast 2021-2026, by Application, in USD Million
36.                Table Industrial filament Demand Forecast 2021-2026, by Application, in Volume
37.                Table Industrial filament Market Growth 2021-2026, by Application, in Volume
38.                Table Industrial filament Market Share in 2026, by Application, in Volume
39.                Table Industrial filament Production 2016-2020, by Region, in USD Million
40.                Table Industrial filament Production 2016-2020, by Region, in Volume
41.                Table Global Industrial filament Market 2016-2020, by Region, in USD Million
42.                Table Global Industrial filament Market Share 2016-2020, by Region, in USD Million
43.                Table Global Industrial filament Market 2016-2020, by Region, in Volume
44.                Table Global Industrial filament Market Share 2016-2020, by Region, in Volume
45.                Table North America Industrial filament Market Size 2016-2020, by Country, in USD Million
46.                Table North America Industrial filament Market Size 2016-2020, by Country, in Volume
47.                Table Europe Industrial filament Market Size 2016-2020, by Country, in USD Million
48.                Table Europe Industrial filament Market Size 2016-2020, by Country, in Volume
49.                Table Asia-Pacific Industrial filament Market Size 2016-2020, by Country, in USD Million
50.                Table Asia-Pacific Industrial filament Market Size 2016-2020, by Country, in Volume
51.                Table South America Industrial filament Market Size 2016-2020, by Country, in USD Million
52.                Table South America Industrial filament Market Size 2016-2020, by Country, in Volume
53.                Table Middle East & Africa Industrial filament Market Size 2016-2020, by Country, in USD Million
54.                Table Middle East & Africa Industrial filament Market Size 2016-2020, by Country, in Volume
55.                Table Industrial filament Market Forecast 2021-2026, by Region, in USD Million
56.                Table Industrial filament Market Forecast 2021-2026, by Region, in Volume
57.                Table Price Factors List","List of Figure
1.                Figure Industrial filament Industry Chain Structure
2.                Figure Global Industrial filament Market Growth 2016-2020, by Type, in USD Million
3.                Figure Global Industrial filament Market Growth 2016-2020, by Type, in Volume
4.                Figure Global Industrial filament Sales Revenue Share in 2020, by Company, in USD Million
5.                Figure Global Industrial filament Sales Volume Share in 2020, by Company, in Volume
6.                Figure North America Industrial filament Market Concentration, in 2020
7.                Figure Europe Industrial filament Market Market Concentration, in 2020
8.                Figure Asia-Pacific Industrial filament MMarket Concentration, in 2020
9.                Figure South America Industrial filament Market Concentration, in 2020
10.                Figure Middle East & Africa Industrial filament Market Concentration, in 2020
11.                Figure Industrial filament Demand in Tire Cord, 2016-2020, in USD Million
12.                Figure Industrial filament Demand in Tire Cord, 2016-2020, in Volume
13.                Figure Industrial filament Demand in Clothes, 2016-2020, in USD Million
14.                Figure Industrial filament Demand in Clothes, 2016-2020, in Volume
15.                Figure Industrial filament Demand in Others, 2016-2020, in USD Million
16.                Figure Industrial filament Demand in Others, 2016-2020, in Volume
17.                Figure Industrial filament Market Growth 2021-2026, by Application, in USD Million
18.                Figure Industrial filament Market Share in 2026, by Application, in USD Million
19.                Figure North America Industrial filament Market Size and Growth 2016-2020, in USD Million
20.                Figure North America Industrial filament Market Size and Growth 2016-2020, in Volume
21.                Figure Europe Industrial filament Market Size and Growth 2016-2020, in USD Million
22.                Figure Europe Industrial filament Market Size and Growth 2016-2020, in Volume
23.                Figure Asia-Pacific Industrial filament Market Size and Growth 2016-2020, in USD Million
24.                Figure Asia-Pacific Industrial filament Market Size and Growth 2016-2020, in Volume
25.                Figure South America Industrial filament Market Size and Growth 2016-2020, in USD Million
26.                Figure South America Industrial filament Market Size and Growth 2016-2020, in Volume
27.                Figure Middle East & Africa Industrial filament Market Size and Growth 2016-2020, in USD Million
28.                Figure Middle East & Africa Industrial filament Market Size and Growth 2016-2020, in Volume
29.                Figure Marketing Channels Overview","$2,980 ","$5,960 ","$5,960 ",99SGL298Che20210200024816
7-Apr-21,"Life & Medical","Global Implantable Hearing Aid Market Analysis 2016-2020 and Forecast 2021-2026","Snapshot
The global Implantable Hearing Aid market size is estimated at xxx million USD with a CAGR xx% from 2016-2020 and is expected to reach xxx Million USD in 2021 with a CAGR xx% from 2021 to 2026. The report begins from overview of Industry Chain structure, and describes industry environment, then analyses market size and forecast of Implantable Hearing Aid by product, region and application, in addition, this report introduces market competition situation among the vendors and company profile, besides, market price analysis and value chain features are covered in this report.
Product Type Coverage (Market Size & Forecast, Major Company of Product Type etc.):
        Adult Implantable Hearing Aid
        Children Implantable Hearing Aid
Company Coverage (Company Profile, Sales Revenue, Price, Gross Margin, Main Products etc.):
        William Demant
        Sonova
        Cochlear
        MED-EL
        Beltone
        Eartone
        GN ReSound
        Medtechnica Orthophone
        Miracle Hearing Aid Clinic
        Shenzhen Sunsky Technology
        Siemens Healthcare
Application Coverage (Market Size & Forecast, Different Demand Market by Region, Main Consumer Profile etc.):
        Hospitals
        Clinics
        Individuals
Region Coverage (Regional Production, Demand & Forecast by Countries etc.):
        North America (U.S., Canada, Mexico)
        Europe (Germany, U.K., France, Italy, Russia, Spain etc.)
        Asia-Pacific (China, India, Japan, Southeast Asia etc.)
        South America (Brazil, Argentina etc.)
        Middle East & Africa (Saudi Arabia, South Africa etc.)",98,"Table of Contents
1 Industry Overview
    1.1 Implantable Hearing Aid Industry
                Figure Implantable Hearing Aid Industry Chain Structure
        1.1.1 Overview
        1.1.2 Development of Implantable Hearing Aid
    1.2 Market Segment
        1.2.1 Upstream
                Table Upstream Segment of Implantable Hearing Aid
        1.2.2 Downstream
                Table Application Segment of Implantable Hearing Aid
                Table Global Implantable Hearing Aid Market 2016-2026, by Application, in USD Million
        1.2.3 COVID-19 Impact
    1.3 Cost Analysis
2 Industry Environment (PEST Analysis)
    2.1 Policy
    2.2 Economics
    2.3 Sociology
    2.4 Technology
3 Implantable Hearing Aid Market by Type
    3.1 By Type
        3.1.1 Adult Implantable Hearing Aid
                Table Major Company List of Adult Implantable Hearing Aid
        3.1.2 Children Implantable Hearing Aid
                Table Major Company List of Children Implantable Hearing Aid
    3.2 Market Size
                Table Global Implantable Hearing Aid Market 2016-2020, by Type, in USD Million
                Figure Global Implantable Hearing Aid Market Growth 2016-2020, by Type, in USD Million
                Table Global Implantable Hearing Aid Market 2016-2020, by Type, in Volume
                Figure Global Implantable Hearing Aid Market Growth 2016-2020, by Type, in Volume
    3.3 Market Forecast
                Table Global Implantable Hearing Aid Market Forecast 2021-2026, by Type, in USD Million
                Table Global Implantable Hearing Aid Market Forecast 2021-2026, by Type, in Volume
4 Major Companies List
    4.1 William Demant (Company Profile, Sales Data etc.)
        4.1.1 William Demant Profile
                Table William Demant Overview List
        4.1.2 William Demant Products & Services
        4.1.3 William Demant Business Operation Conditions
                Table Business Operation of William Demant (Sales Revenue, Sales Volume, Price, Cost, Gross Margin)
    4.2 Sonova (Company Profile, Sales Data etc.)
        4.2.1 Sonova Profile
                Table Sonova Overview List
        4.2.2 Sonova Products & Services
        4.2.3 Sonova Business Operation Conditions
                Table Business Operation of Sonova (Sales Revenue, Sales Volume, Price, Cost, Gross Margin)
    4.3 Cochlear (Company Profile, Sales Data etc.)
        4.3.1 Cochlear Profile
                Table Cochlear Overview List
        4.3.2 Cochlear Products & Services
        4.3.3 Cochlear Business Operation Conditions
                Table Business Operation of Cochlear (Sales Revenue, Sales Volume, Price, Cost, Gross Margin)
    4.4 MED-EL (Company Profile, Sales Data etc.)
        4.4.1 MED-EL Profile
                Table MED-EL Overview List
        4.4.2 MED-EL Products & Services
        4.4.3 MED-EL Business Operation Conditions
                Table Business Operation of MED-EL (Sales Revenue, Sales Volume, Price, Cost, Gross Margin)
    4.5 Beltone (Company Profile, Sales Data etc.)
        4.5.1 Beltone Profile
                Table Beltone Overview List
        4.5.2 Beltone Products & Services
        4.5.3 Beltone Business Operation Conditions
                Table Business Operation of Beltone (Sales Revenue, Sales Volume, Price, Cost, Gross Margin)
    4.6 Eartone (Company Profile, Sales Data etc.)
        4.6.1 Eartone Profile
                Table Eartone Overview List
        4.6.2 Eartone Products & Services
        4.6.3 Eartone Business Operation Conditions
                Table Business Operation of Eartone (Sales Revenue, Sales Volume, Price, Cost, Gross Margin)
    4.7 GN ReSound (Company Profile, Sales Data etc.)
        4.7.1 GN ReSound Profile
                Table GN ReSound Overview List
        4.7.2 GN ReSound Products & Services
        4.7.3 GN ReSound Business Operation Conditions
                Table Business Operation of GN ReSound (Sales Revenue, Sales Volume, Price, Cost, Gross Margin)
    4.8 Medtechnica Orthophone (Company Profile, Sales Data etc.)
        4.8.1 Medtechnica Orthophone Profile
                Table Medtechnica Orthophone Overview List
        4.8.2 Medtechnica Orthophone Products & Services
        4.8.3 Medtechnica Orthophone Business Operation Conditions
                Table Business Operation of Medtechnica Orthophone (Sales Revenue, Sales Volume, Price, Cost, Gross Margin)
    4.9 Miracle Hearing Aid Clinic (Company Profile, Sales Data etc.)
        4.9.1 Miracle Hearing Aid Clinic Profile
                Table Miracle Hearing Aid Clinic Overview List
        4.9.2 Miracle Hearing Aid Clinic Products & Services
        4.9.3 Miracle Hearing Aid Clinic Business Operation Conditions
                Table Business Operation of Miracle Hearing Aid Clinic (Sales Revenue, Sales Volume, Price, Cost, Gross Margin)
    4.10 Shenzhen Sunsky Technology (Company Profile, Sales Data etc.)
        4.10.1 Shenzhen Sunsky Technology Profile
                Table Shenzhen Sunsky Technology Overview List
        4.10.2 Shenzhen Sunsky Technology Products & Services
        4.10.3 Shenzhen Sunsky Technology Business Operation Conditions
                Table Business Operation of Shenzhen Sunsky Technology (Sales Revenue, Sales Volume, Price, Cost, Gross Margin)
    4.11 Siemens Healthcare (Company Profile, Sales Data etc.)
        4.11.1 Siemens Healthcare Profile
                Table Siemens Healthcare Overview List
        4.11.2 Siemens Healthcare Products & Services
        4.11.3 Siemens Healthcare Business Operation Conditions
                Table Business Operation of Siemens Healthcare (Sales Revenue, Sales Volume, Price, Cost, Gross Margin)
5 Market Competition
    5.1 Company Competition
                Table Global Implantable Hearing Aid Sales Revenue 2016-2020, by Company, in USD Million
                Table Global Implantable Hearing Aid Sales Revenue Share 2016-2020, by Company, in USD Million
                Figure Global Implantable Hearing Aid Sales Revenue Share in 2020, by Company, in USD Million
                Table Global Implantable Hearing Aid Sales Volume 2016-2020, by Company, in Volume
                Table Global Implantable Hearing Aid Sales Volume Share 2016-2020, by Company, in Volume
                Figure Global Implantable Hearing Aid Sales Volume Share in 2020, by Company, in Volume
    5.2 Regional Market by Company
                Figure North America Implantable Hearing Aid Market Concentration, in 2020
                Figure Europe Implantable Hearing Aid Market Market Concentration, in 2020
                Figure Asia-Pacific Implantable Hearing Aid MMarket Concentration, in 2020
                Figure South America Implantable Hearing Aid Market Concentration, in 2020
                Figure Middle East & Africa Implantable Hearing Aid Market Concentration, in 2020
6 Demand by End Market
    6.1 Demand Situation
        6.1.1 Demand in Hospitals
                Figure Implantable Hearing Aid Demand in Hospitals, 2016-2020, in USD Million
                Figure Implantable Hearing Aid Demand in Hospitals, 2016-2020, in Volume
        6.1.2 Demand in Clinics
                Figure Implantable Hearing Aid Demand in Clinics, 2016-2020, in USD Million
                Figure Implantable Hearing Aid Demand in Clinics, 2016-2020, in Volume
        6.1.3 Demand in Individuals
                Figure Implantable Hearing Aid Demand in Individuals, 2016-2020, in USD Million
                Figure Implantable Hearing Aid Demand in Individuals, 2016-2020, in Volume
    6.2 Regional Demand Comparison
                Table Regional Demand Comparison List
                Table Major Application in Different Regions
    6.3 Demand Forecast
                Table Implantable Hearing Aid Demand Forecast 2021-2026, by Application, in USD Million
                Figure Implantable Hearing Aid Market Growth 2021-2026, by Application, in USD Million
                Figure Implantable Hearing Aid Market Share in 2026, by Application, in USD Million
                Table Implantable Hearing Aid Demand Forecast 2021-2026, by Application, in Volume
                Table Implantable Hearing Aid Market Growth 2021-2026, by Application, in Volume
                Table Implantable Hearing Aid Market Share in 2026, by Application, in Volume
    6.4 Impact of the COVID-19 on the Demand
7 Region Operation
    7.1 Regional Production
                Table Implantable Hearing Aid Production 2016-2020, by Region, in USD Million
                Table Implantable Hearing Aid Production 2016-2020, by Region, in Volume
    7.2 Regional Market
                Table Global Implantable Hearing Aid Market 2016-2020, by Region, in USD Million
                Table Global Implantable Hearing Aid Market Share 2016-2020, by Region, in USD Million
                Table Global Implantable Hearing Aid Market 2016-2020, by Region, in Volume
                Table Global Implantable Hearing Aid Market Share 2016-2020, by Region, in Volume
    7.3 by Region
        7.3.1 North America
            7.3.1.1 Overview
                Figure North America Implantable Hearing Aid Market Size and Growth 2016-2020, in USD Million
                Figure North America Implantable Hearing Aid Market Size and Growth 2016-2020, in Volume
            7.3.1.2 by Country (U.S., Canada, Mexico)
                Table North America Implantable Hearing Aid Market Size 2016-2020, by Country, in USD Million
                Table North America Implantable Hearing Aid Market Size 2016-2020, by Country, in Volume
        7.3.2 Europe
            7.3.2.1 Overview
                Figure Europe Implantable Hearing Aid Market Size and Growth 2016-2020, in USD Million
                Figure Europe Implantable Hearing Aid Market Size and Growth 2016-2020, in Volume
            7.3.2.2 by Country (Germany, U.K., France, Italy, Russia, Spain etc.)
                Table Europe Implantable Hearing Aid Market Size 2016-2020, by Country, in USD Million
                Table Europe Implantable Hearing Aid Market Size 2016-2020, by Country, in Volume
        7.3.3 Asia-Pacific
            7.3.3.1 Overview
                Figure Asia-Pacific Implantable Hearing Aid Market Size and Growth 2016-2020, in USD Million
                Figure Asia-Pacific Implantable Hearing Aid Market Size and Growth 2016-2020, in Volume
            7.3.3.2 by Country (China, India, Japan, Southeast Asia etc.)
                Table Asia-Pacific Implantable Hearing Aid Market Size 2016-2020, by Country, in USD Million
                Table Asia-Pacific Implantable Hearing Aid Market Size 2016-2020, by Country, in Volume
        7.3.4 South America
            7.3.4.1 Overview
                Figure South America Implantable Hearing Aid Market Size and Growth 2016-2020, in USD Million
                Figure South America Implantable Hearing Aid Market Size and Growth 2016-2020, in Volume
            7.3.4.2 by Country (Brazil, Argentina etc.)
                Table South America Implantable Hearing Aid Market Size 2016-2020, by Country, in USD Million
                Table South America Implantable Hearing Aid Market Size 2016-2020, by Country, in Volume
        7.3.5 Middle East & Africa
            7.3.5.1 Overview
                Figure Middle East & Africa Implantable Hearing Aid Market Size and Growth 2016-2020, in USD Million
                Figure Middle East & Africa Implantable Hearing Aid Market Size and Growth 2016-2020, in Volume
            7.3.5.2 by Country (Saudi Arabia, South Africa etc.)
                Table Middle East & Africa Implantable Hearing Aid Market Size 2016-2020, by Country, in USD Million
                Table Middle East & Africa Implantable Hearing Aid Market Size 2016-2020, by Country, in Volume
    7.4 Regional Import & Export
    7.5 Regional Forecast
                Table Implantable Hearing Aid Market Forecast 2021-2026, by Region, in USD Million
                Table Implantable Hearing Aid Market Forecast 2021-2026, by Region, in Volume
8 Marketing & Price
    8.1 Price and Margin
        8.1.1 Price Trends
        8.1.2 Factors of Price Change
                Table Price Factors List
        8.1.3 Manufacturers Gross Margin Analysis
    8.2 Marketing Channel
                Figure Marketing Channels Overview
9 Research Conclusion","List of Table
1.                Table Upstream Segment of Implantable Hearing Aid
2.                Table Application Segment of Implantable Hearing Aid
3.                Table Global Implantable Hearing Aid Market 2016-2026, by Application, in USD Million
4.                Table Major Company List of Children Implantable Hearing Aid
5.                Table Global Implantable Hearing Aid Market 2016-2020, by Type, in USD Million
6.                Table Global Implantable Hearing Aid Market 2016-2020, by Type, in Volume
7.                Table Global Implantable Hearing Aid Market Forecast 2021-2026, by Type, in USD Million
8.                Table Global Implantable Hearing Aid Market Forecast 2021-2026, by Type, in Volume
9.                Table William Demant Overview List
10.                Table Business Operation of William Demant (Sales Revenue, Sales Volume, Price, Cost, Gross Margin)
11.                Table Sonova Overview List
12.                Table Business Operation of Sonova (Sales Revenue, Sales Volume, Price, Cost, Gross Margin)
13.                Table Cochlear Overview List
14.                Table Business Operation of Cochlear (Sales Revenue, Sales Volume, Price, Cost, Gross Margin)
15.                Table MED-EL Overview List
16.                Table Business Operation of MED-EL (Sales Revenue, Sales Volume, Price, Cost, Gross Margin)
17.                Table Beltone Overview List
18.                Table Business Operation of Beltone (Sales Revenue, Sales Volume, Price, Cost, Gross Margin)
19.                Table Eartone Overview List
20.                Table Business Operation of Eartone (Sales Revenue, Sales Volume, Price, Cost, Gross Margin)
21.                Table GN ReSound Overview List
22.                Table Business Operation of GN ReSound (Sales Revenue, Sales Volume, Price, Cost, Gross Margin)
23.                Table Medtechnica Orthophone Overview List
24.                Table Business Operation of Medtechnica Orthophone (Sales Revenue, Sales Volume, Price, Cost, Gross Margin)
25.                Table Miracle Hearing Aid Clinic Overview List
26.                Table Business Operation of Miracle Hearing Aid Clinic (Sales Revenue, Sales Volume, Price, Cost, Gross Margin)
27.                Table Shenzhen Sunsky Technology Overview List
28.                Table Business Operation of Shenzhen Sunsky Technology (Sales Revenue, Sales Volume, Price, Cost, Gross Margin)
29.                Table Siemens Healthcare Overview List
30.                Table Business Operation of Siemens Healthcare (Sales Revenue, Sales Volume, Price, Cost, Gross Margin)
31.                Table Global Implantable Hearing Aid Sales Revenue 2016-2020, by Company, in USD Million
32.                Table Global Implantable Hearing Aid Sales Revenue Share 2016-2020, by Company, in USD Million
33.                Table Global Implantable Hearing Aid Sales Volume 2016-2020, by Company, in Volume
34.                Table Global Implantable Hearing Aid Sales Volume Share 2016-2020, by Company, in Volume
35.                Table Regional Demand Comparison List
36.                Table Major Application in Different Regions
37.                Table Implantable Hearing Aid Demand Forecast 2021-2026, by Application, in USD Million
38.                Table Implantable Hearing Aid Demand Forecast 2021-2026, by Application, in Volume
39.                Table Implantable Hearing Aid Market Growth 2021-2026, by Application, in Volume
40.                Table Implantable Hearing Aid Market Share in 2026, by Application, in Volume
41.                Table Implantable Hearing Aid Production 2016-2020, by Region, in USD Million
42.                Table Implantable Hearing Aid Production 2016-2020, by Region, in Volume
43.                Table Global Implantable Hearing Aid Market 2016-2020, by Region, in USD Million
44.                Table Global Implantable Hearing Aid Market Share 2016-2020, by Region, in USD Million
45.                Table Global Implantable Hearing Aid Market 2016-2020, by Region, in Volume
46.                Table Global Implantable Hearing Aid Market Share 2016-2020, by Region, in Volume
47.                Table North America Implantable Hearing Aid Market Size 2016-2020, by Country, in USD Million
48.                Table North America Implantable Hearing Aid Market Size 2016-2020, by Country, in Volume
49.                Table Europe Implantable Hearing Aid Market Size 2016-2020, by Country, in USD Million
50.                Table Europe Implantable Hearing Aid Market Size 2016-2020, by Country, in Volume
51.                Table Asia-Pacific Implantable Hearing Aid Market Size 2016-2020, by Country, in USD Million
52.                Table Asia-Pacific Implantable Hearing Aid Market Size 2016-2020, by Country, in Volume
53.                Table South America Implantable Hearing Aid Market Size 2016-2020, by Country, in USD Million
54.                Table South America Implantable Hearing Aid Market Size 2016-2020, by Country, in Volume
55.                Table Middle East & Africa Implantable Hearing Aid Market Size 2016-2020, by Country, in USD Million
56.                Table Middle East & Africa Implantable Hearing Aid Market Size 2016-2020, by Country, in Volume
57.                Table Implantable Hearing Aid Market Forecast 2021-2026, by Region, in USD Million
58.                Table Implantable Hearing Aid Market Forecast 2021-2026, by Region, in Volume
59.                Table Price Factors List","List of Figure
1.                Figure Implantable Hearing Aid Industry Chain Structure
2.                Figure Global Implantable Hearing Aid Market Growth 2016-2020, by Type, in USD Million
3.                Figure Global Implantable Hearing Aid Market Growth 2016-2020, by Type, in Volume
4.                Figure Global Implantable Hearing Aid Sales Revenue Share in 2020, by Company, in USD Million
5.                Figure Global Implantable Hearing Aid Sales Volume Share in 2020, by Company, in Volume
6.                Figure North America Implantable Hearing Aid Market Concentration, in 2020
7.                Figure Europe Implantable Hearing Aid Market Market Concentration, in 2020
8.                Figure Asia-Pacific Implantable Hearing Aid MMarket Concentration, in 2020
9.                Figure South America Implantable Hearing Aid Market Concentration, in 2020
10.                Figure Middle East & Africa Implantable Hearing Aid Market Concentration, in 2020
11.                Figure Implantable Hearing Aid Demand in Hospitals, 2016-2020, in USD Million
12.                Figure Implantable Hearing Aid Demand in Hospitals, 2016-2020, in Volume
13.                Figure Implantable Hearing Aid Demand in Clinics, 2016-2020, in USD Million
14.                Figure Implantable Hearing Aid Demand in Clinics, 2016-2020, in Volume
15.                Figure Implantable Hearing Aid Demand in Individuals, 2016-2020, in USD Million
16.                Figure Implantable Hearing Aid Demand in Individuals, 2016-2020, in Volume
17.                Figure Implantable Hearing Aid Market Growth 2021-2026, by Application, in USD Million
18.                Figure Implantable Hearing Aid Market Share in 2026, by Application, in USD Million
19.                Figure North America Implantable Hearing Aid Market Size and Growth 2016-2020, in USD Million
20.                Figure North America Implantable Hearing Aid Market Size and Growth 2016-2020, in Volume
21.                Figure Europe Implantable Hearing Aid Market Size and Growth 2016-2020, in USD Million
22.                Figure Europe Implantable Hearing Aid Market Size and Growth 2016-2020, in Volume
23.                Figure Asia-Pacific Implantable Hearing Aid Market Size and Growth 2016-2020, in USD Million
24.                Figure Asia-Pacific Implantable Hearing Aid Market Size and Growth 2016-2020, in Volume
25.                Figure South America Implantable Hearing Aid Market Size and Growth 2016-2020, in USD Million
26.                Figure South America Implantable Hearing Aid Market Size and Growth 2016-2020, in Volume
27.                Figure Middle East & Africa Implantable Hearing Aid Market Size and Growth 2016-2020, in USD Million
28.                Figure Middle East & Africa Implantable Hearing Aid Market Size and Growth 2016-2020, in Volume
29.                Figure Marketing Channels Overview","$2,980 ","$5,960 ","$5,960 ",99SGL298Lif20210200024817
7-Apr-21,"Chemical & Material","Global Hydriodic Acid (CAS 10034-85-2) Market Analysis 2016-2020 and Forecast 2021-2026","Snapshot
The global Hydriodic Acid (CAS 10034-85-2) market size is estimated at xxx million USD with a CAGR xx% from 2016-2020 and is expected to reach xxx Million USD in 2021 with a CAGR xx% from 2021 to 2026. The report begins from overview of Industry Chain structure, and describes industry environment, then analyses market size and forecast of Hydriodic Acid (CAS 10034-85-2) by product, region and application, in addition, this report introduces market competition situation among the vendors and company profile, besides, market price analysis and value chain features are covered in this report.
Product Type Coverage (Market Size & Forecast, Major Company of Product Type etc.):
        Reagent Grade
        Industrial Grade
Company Coverage (Company Profile, Sales Revenue, Price, Gross Margin, Main Products etc.):
        Iofina
        Ajay-SQM
        Hanwei Chemical
        Boyuan Pharmaceutical&Chemical
        Jindian Chemical
        Omkar Chemicals
        GFS Chemicals
Application Coverage (Market Size & Forecast, Different Demand Market by Region, Main Consumer Profile etc.):
        Iodine Compound
        Chemical Reagent
Region Coverage (Regional Production, Demand & Forecast by Countries etc.):
        North America (U.S., Canada, Mexico)
        Europe (Germany, U.K., France, Italy, Russia, Spain etc.)
        Asia-Pacific (China, India, Japan, Southeast Asia etc.)
        South America (Brazil, Argentina etc.)
        Middle East & Africa (Saudi Arabia, South Africa etc.)",100,"Table of Contents
1 Industry Overview
    1.1 Hydriodic Acid (CAS 10034-85-2) Industry
                Figure Hydriodic Acid (CAS 10034-85-2) Industry Chain Structure
        1.1.1 Overview
        1.1.2 Development of Hydriodic Acid (CAS 10034-85-2)
    1.2 Market Segment
        1.2.1 Upstream
                Table Upstream Segment of Hydriodic Acid (CAS 10034-85-2)
        1.2.2 Downstream
                Table Application Segment of Hydriodic Acid (CAS 10034-85-2)
                Table Global Hydriodic Acid (CAS 10034-85-2) Market 2016-2026, by Application, in USD Million
        1.2.3 COVID-19 Impact
    1.3 Cost Analysis
2 Industry Environment (PEST Analysis)
    2.1 Policy
    2.2 Economics
    2.3 Sociology
    2.4 Technology
3 Hydriodic Acid (CAS 10034-85-2) Market by Type
    3.1 By Type
        3.1.1 Reagent Grade
                Table Major Company List of Reagent Grade
        3.1.2 Industrial Grade
                Table Major Company List of Industrial Grade
    3.2 Market Size
                Table Global Hydriodic Acid (CAS 10034-85-2) Market 2016-2020, by Type, in USD Million
                Figure Global Hydriodic Acid (CAS 10034-85-2) Market Growth 2016-2020, by Type, in USD Million
                Table Global Hydriodic Acid (CAS 10034-85-2) Market 2016-2020, by Type, in Volume
                Figure Global Hydriodic Acid (CAS 10034-85-2) Market Growth 2016-2020, by Type, in Volume
    3.3 Market Forecast
                Table Global Hydriodic Acid (CAS 10034-85-2) Market Forecast 2021-2026, by Type, in USD Million
                Table Global Hydriodic Acid (CAS 10034-85-2) Market Forecast 2021-2026, by Type, in Volume
4 Major Companies List
    4.1 Iofina (Company Profile, Sales Data etc.)
        4.1.1 Iofina Profile
                Table Iofina Overview List
        4.1.2 Iofina Products & Services
        4.1.3 Iofina Business Operation Conditions
                Table Business Operation of Iofina (Sales Revenue, Sales Volume, Price, Cost, Gross Margin)
    4.2 Ajay-SQM (Company Profile, Sales Data etc.)
        4.2.1 Ajay-SQM Profile
                Table Ajay-SQM Overview List
        4.2.2 Ajay-SQM Products & Services
        4.2.3 Ajay-SQM Business Operation Conditions
                Table Business Operation of Ajay-SQM (Sales Revenue, Sales Volume, Price, Cost, Gross Margin)
    4.3 Hanwei Chemical (Company Profile, Sales Data etc.)
        4.3.1 Hanwei Chemical Profile
                Table Hanwei Chemical Overview List
        4.3.2 Hanwei Chemical Products & Services
        4.3.3 Hanwei Chemical Business Operation Conditions
                Table Business Operation of Hanwei Chemical (Sales Revenue, Sales Volume, Price, Cost, Gross Margin)
    4.4 Boyuan Pharmaceutical&Chemical (Company Profile, Sales Data etc.)
        4.4.1 Boyuan Pharmaceutical&Chemical Profile
                Table Boyuan Pharmaceutical&Chemical Overview List
        4.4.2 Boyuan Pharmaceutical&Chemical Products & Services
        4.4.3 Boyuan Pharmaceutical&Chemical Business Operation Conditions
                Table Business Operation of Boyuan Pharmaceutical&Chemical (Sales Revenue, Sales Volume, Price, Cost, Gross Margin)
    4.5 Jindian Chemical (Company Profile, Sales Data etc.)
        4.5.1 Jindian Chemical Profile
                Table Jindian Chemical Overview List
        4.5.2 Jindian Chemical Products & Services
        4.5.3 Jindian Chemical Business Operation Conditions
                Table Business Operation of Jindian Chemical (Sales Revenue, Sales Volume, Price, Cost, Gross Margin)
    4.6 Omkar Chemicals (Company Profile, Sales Data etc.)
        4.6.1 Omkar Chemicals Profile
                Table Omkar Chemicals Overview List
        4.6.2 Omkar Chemicals Products & Services
        4.6.3 Omkar Chemicals Business Operation Conditions
                Table Business Operation of Omkar Chemicals (Sales Revenue, Sales Volume, Price, Cost, Gross Margin)
    4.7 GFS Chemicals (Company Profile, Sales Data etc.)
        4.7.1 GFS Chemicals Profile
                Table GFS Chemicals Overview List
        4.7.2 GFS Chemicals Products & Services
        4.7.3 GFS Chemicals Business Operation Conditions
                Table Business Operation of GFS Chemicals (Sales Revenue, Sales Volume, Price, Cost, Gross Margin)
5 Market Competition
    5.1 Company Competition
                Table Global Hydriodic Acid (CAS 10034-85-2) Sales Revenue 2016-2020, by Company, in USD Million
                Table Global Hydriodic Acid (CAS 10034-85-2) Sales Revenue Share 2016-2020, by Company, in USD Million
                Figure Global Hydriodic Acid (CAS 10034-85-2) Sales Revenue Share in 2020, by Company, in USD Million
                Table Global Hydriodic Acid (CAS 10034-85-2) Sales Volume 2016-2020, by Company, in Volume
                Table Global Hydriodic Acid (CAS 10034-85-2) Sales Volume Share 2016-2020, by Company, in Volume
                Figure Global Hydriodic Acid (CAS 10034-85-2) Sales Volume Share in 2020, by Company, in Volume
    5.2 Regional Market by Company
                Figure North America Hydriodic Acid (CAS 10034-85-2) Market Concentration, in 2020
                Figure Europe Hydriodic Acid (CAS 10034-85-2) Market Market Concentration, in 2020
                Figure Asia-Pacific Hydriodic Acid (CAS 10034-85-2) MMarket Concentration, in 2020
                Figure South America Hydriodic Acid (CAS 10034-85-2) Market Concentration, in 2020
                Figure Middle East & Africa Hydriodic Acid (CAS 10034-85-2) Market Concentration, in 2020
6 Demand by End Market
    6.1 Demand Situation
        6.1.1 Demand in Iodine Compound
                Figure Hydriodic Acid (CAS 10034-85-2) Demand in Iodine Compound, 2016-2020, in USD Million
                Figure Hydriodic Acid (CAS 10034-85-2) Demand in Iodine Compound, 2016-2020, in Volume
        6.1.2 Demand in Chemical Reagent
                Figure Hydriodic Acid (CAS 10034-85-2) Demand in Chemical Reagent, 2016-2020, in USD Million
                Figure Hydriodic Acid (CAS 10034-85-2) Demand in Chemical Reagent, 2016-2020, in Volume
    6.2 Regional Demand Comparison
                Table Regional Demand Comparison List
                Table Major Application in Different Regions
    6.3 Demand Forecast
                Table Hydriodic Acid (CAS 10034-85-2) Demand Forecast 2021-2026, by Application, in USD Million
                Figure Hydriodic Acid (CAS 10034-85-2) Market Growth 2021-2026, by Application, in USD Million
                Figure Hydriodic Acid (CAS 10034-85-2) Market Share in 2026, by Application, in USD Million
                Table Hydriodic Acid (CAS 10034-85-2) Demand Forecast 2021-2026, by Application, in Volume
                Table Hydriodic Acid (CAS 10034-85-2) Market Growth 2021-2026, by Application, in Volume
                Table Hydriodic Acid (CAS 10034-85-2) Market Share in 2026, by Application, in Volume
    6.4 Impact of the COVID-19 on the Demand
7 Region Operation
    7.1 Regional Production
                Table Hydriodic Acid (CAS 10034-85-2) Production 2016-2020, by Region, in USD Million
                Table Hydriodic Acid (CAS 10034-85-2) Production 2016-2020, by Region, in Volume
    7.2 Regional Market
                Table Global Hydriodic Acid (CAS 10034-85-2) Market 2016-2020, by Region, in USD Million
                Table Global Hydriodic Acid (CAS 10034-85-2) Market Share 2016-2020, by Region, in USD Million
                Table Global Hydriodic Acid (CAS 10034-85-2) Market 2016-2020, by Region, in Volume
                Table Global Hydriodic Acid (CAS 10034-85-2) Market Share 2016-2020, by Region, in Volume
    7.3 by Region
        7.3.1 North America
            7.3.1.1 Overview
                Figure North America Hydriodic Acid (CAS 10034-85-2) Market Size and Growth 2016-2020, in USD Million
                Figure North America Hydriodic Acid (CAS 10034-85-2) Market Size and Growth 2016-2020, in Volume
            7.3.1.2 by Country (U.S., Canada, Mexico)
                Table North America Hydriodic Acid (CAS 10034-85-2) Market Size 2016-2020, by Country, in USD Million
                Table North America Hydriodic Acid (CAS 10034-85-2) Market Size 2016-2020, by Country, in Volume
        7.3.2 Europe
            7.3.2.1 Overview
                Figure Europe Hydriodic Acid (CAS 10034-85-2) Market Size and Growth 2016-2020, in USD Million
                Figure Europe Hydriodic Acid (CAS 10034-85-2) Market Size and Growth 2016-2020, in Volume
            7.3.2.2 by Country (Germany, U.K., France, Italy, Russia, Spain etc.)
                Table Europe Hydriodic Acid (CAS 10034-85-2) Market Size 2016-2020, by Country, in USD Million
                Table Europe Hydriodic Acid (CAS 10034-85-2) Market Size 2016-2020, by Country, in Volume
        7.3.3 Asia-Pacific
            7.3.3.1 Overview
                Figure Asia-Pacific Hydriodic Acid (CAS 10034-85-2) Market Size and Growth 2016-2020, in USD Million
                Figure Asia-Pacific Hydriodic Acid (CAS 10034-85-2) Market Size and Growth 2016-2020, in Volume
            7.3.3.2 by Country (China, India, Japan, Southeast Asia etc.)
                Table Asia-Pacific Hydriodic Acid (CAS 10034-85-2) Market Size 2016-2020, by Country, in USD Million
                Table Asia-Pacific Hydriodic Acid (CAS 10034-85-2) Market Size 2016-2020, by Country, in Volume
        7.3.4 South America
            7.3.4.1 Overview
                Figure South America Hydriodic Acid (CAS 10034-85-2) Market Size and Growth 2016-2020, in USD Million
                Figure South America Hydriodic Acid (CAS 10034-85-2) Market Size and Growth 2016-2020, in Volume
            7.3.4.2 by Country (Brazil, Argentina etc.)
                Table South America Hydriodic Acid (CAS 10034-85-2) Market Size 2016-2020, by Country, in USD Million
                Table South America Hydriodic Acid (CAS 10034-85-2) Market Size 2016-2020, by Country, in Volume
        7.3.5 Middle East & Africa
            7.3.5.1 Overview
                Figure Middle East & Africa Hydriodic Acid (CAS 10034-85-2) Market Size and Growth 2016-2020, in USD Million
                Figure Middle East & Africa Hydriodic Acid (CAS 10034-85-2) Market Size and Growth 2016-2020, in Volume
            7.3.5.2 by Country (Saudi Arabia, South Africa etc.)
                Table Middle East & Africa Hydriodic Acid (CAS 10034-85-2) Market Size 2016-2020, by Country, in USD Million
                Table Middle East & Africa Hydriodic Acid (CAS 10034-85-2) Market Size 2016-2020, by Country, in Volume
    7.4 Regional Import & Export
    7.5 Regional Forecast
                Table Hydriodic Acid (CAS 10034-85-2) Market Forecast 2021-2026, by Region, in USD Million
                Table Hydriodic Acid (CAS 10034-85-2) Market Forecast 2021-2026, by Region, in Volume
8 Marketing & Price
    8.1 Price and Margin
        8.1.1 Price Trends
        8.1.2 Factors of Price Change
                Table Price Factors List
        8.1.3 Manufacturers Gross Margin Analysis
    8.2 Marketing Channel
                Figure Marketing Channels Overview
9 Research Conclusion","List of Table
1.                Table Upstream Segment of Hydriodic Acid (CAS 10034-85-2)
2.                Table Application Segment of Hydriodic Acid (CAS 10034-85-2)
3.                Table Global Hydriodic Acid (CAS 10034-85-2) Market 2016-2026, by Application, in USD Million
4.                Table Major Company List of Industrial Grade
5.                Table Global Hydriodic Acid (CAS 10034-85-2) Market 2016-2020, by Type, in USD Million
6.                Table Global Hydriodic Acid (CAS 10034-85-2) Market 2016-2020, by Type, in Volume
7.                Table Global Hydriodic Acid (CAS 10034-85-2) Market Forecast 2021-2026, by Type, in USD Million
8.                Table Global Hydriodic Acid (CAS 10034-85-2) Market Forecast 2021-2026, by Type, in Volume
9.                Table Iofina Overview List
10.                Table Business Operation of Iofina (Sales Revenue, Sales Volume, Price, Cost, Gross Margin)
11.                Table Ajay-SQM Overview List
12.                Table Business Operation of Ajay-SQM (Sales Revenue, Sales Volume, Price, Cost, Gross Margin)
13.                Table Hanwei Chemical Overview List
14.                Table Business Operation of Hanwei Chemical (Sales Revenue, Sales Volume, Price, Cost, Gross Margin)
15.                Table Boyuan Pharmaceutical&Chemical Overview List
16.                Table Business Operation of Boyuan Pharmaceutical&Chemical (Sales Revenue, Sales Volume, Price, Cost, Gross Margin)
17.                Table Jindian Chemical Overview List
18.                Table Business Operation of Jindian Chemical (Sales Revenue, Sales Volume, Price, Cost, Gross Margin)
19.                Table Omkar Chemicals Overview List
20.                Table Business Operation of Omkar Chemicals (Sales Revenue, Sales Volume, Price, Cost, Gross Margin)
21.                Table GFS Chemicals Overview List
22.                Table Business Operation of GFS Chemicals (Sales Revenue, Sales Volume, Price, Cost, Gross Margin)
23.                Table Global Hydriodic Acid (CAS 10034-85-2) Sales Revenue 2016-2020, by Company, in USD Million
24.                Table Global Hydriodic Acid (CAS 10034-85-2) Sales Revenue Share 2016-2020, by Company, in USD Million
25.                Table Global Hydriodic Acid (CAS 10034-85-2) Sales Volume 2016-2020, by Company, in Volume
26.                Table Global Hydriodic Acid (CAS 10034-85-2) Sales Volume Share 2016-2020, by Company, in Volume
27.                Table Regional Demand Comparison List
28.                Table Major Application in Different Regions
29.                Table Hydriodic Acid (CAS 10034-85-2) Demand Forecast 2021-2026, by Application, in USD Million
30.                Table Hydriodic Acid (CAS 10034-85-2) Demand Forecast 2021-2026, by Application, in Volume
31.                Table Hydriodic Acid (CAS 10034-85-2) Market Growth 2021-2026, by Application, in Volume
32.                Table Hydriodic Acid (CAS 10034-85-2) Market Share in 2026, by Application, in Volume
33.                Table Hydriodic Acid (CAS 10034-85-2) Production 2016-2020, by Region, in USD Million
34.                Table Hydriodic Acid (CAS 10034-85-2) Production 2016-2020, by Region, in Volume
35.                Table Global Hydriodic Acid (CAS 10034-85-2) Market 2016-2020, by Region, in USD Million
36.                Table Global Hydriodic Acid (CAS 10034-85-2) Market Share 2016-2020, by Region, in USD Million
37.                Table Global Hydriodic Acid (CAS 10034-85-2) Market 2016-2020, by Region, in Volume
38.                Table Global Hydriodic Acid (CAS 10034-85-2) Market Share 2016-2020, by Region, in Volume
39.                Table North America Hydriodic Acid (CAS 10034-85-2) Market Size 2016-2020, by Country, in USD Million
40.                Table North America Hydriodic Acid (CAS 10034-85-2) Market Size 2016-2020, by Country, in Volume
41.                Table Europe Hydriodic Acid (CAS 10034-85-2) Market Size 2016-2020, by Country, in USD Million
42.                Table Europe Hydriodic Acid (CAS 10034-85-2) Market Size 2016-2020, by Country, in Volume
43.                Table Asia-Pacific Hydriodic Acid (CAS 10034-85-2) Market Size 2016-2020, by Country, in USD Million
44.                Table Asia-Pacific Hydriodic Acid (CAS 10034-85-2) Market Size 2016-2020, by Country, in Volume
45.                Table South America Hydriodic Acid (CAS 10034-85-2) Market Size 2016-2020, by Country, in USD Million
46.                Table South America Hydriodic Acid (CAS 10034-85-2) Market Size 2016-2020, by Country, in Volume
47.                Table Middle East & Africa Hydriodic Acid (CAS 10034-85-2) Market Size 2016-2020, by Country, in USD Million
48.                Table Middle East & Africa Hydriodic Acid (CAS 10034-85-2) Market Size 2016-2020, by Country, in Volume
49.                Table Hydriodic Acid (CAS 10034-85-2) Market Forecast 2021-2026, by Region, in USD Million
50.                Table Hydriodic Acid (CAS 10034-85-2) Market Forecast 2021-2026, by Region, in Volume
51.                Table Price Factors List","List of Figure
1.                Figure Hydriodic Acid (CAS 10034-85-2) Industry Chain Structure
2.                Figure Global Hydriodic Acid (CAS 10034-85-2) Market Growth 2016-2020, by Type, in USD Million
3.                Figure Global Hydriodic Acid (CAS 10034-85-2) Market Growth 2016-2020, by Type, in Volume
4.                Figure Global Hydriodic Acid (CAS 10034-85-2) Sales Revenue Share in 2020, by Company, in USD Million
5.                Figure Global Hydriodic Acid (CAS 10034-85-2) Sales Volume Share in 2020, by Company, in Volume
6.                Figure North America Hydriodic Acid (CAS 10034-85-2) Market Concentration, in 2020
7.                Figure Europe Hydriodic Acid (CAS 10034-85-2) Market Market Concentration, in 2020
8.                Figure Asia-Pacific Hydriodic Acid (CAS 10034-85-2) MMarket Concentration, in 2020
9.                Figure South America Hydriodic Acid (CAS 10034-85-2) Market Concentration, in 2020
10.                Figure Middle East & Africa Hydriodic Acid (CAS 10034-85-2) Market Concentration, in 2020
11.                Figure Hydriodic Acid (CAS 10034-85-2) Demand in Iodine Compound, 2016-2020, in USD Million
12.                Figure Hydriodic Acid (CAS 10034-85-2) Demand in Iodine Compound, 2016-2020, in Volume
13.                Figure Hydriodic Acid (CAS 10034-85-2) Demand in Chemical Reagent, 2016-2020, in USD Million
14.                Figure Hydriodic Acid (CAS 10034-85-2) Demand in Chemical Reagent, 2016-2020, in Volume
15.                Figure Hydriodic Acid (CAS 10034-85-2) Market Growth 2021-2026, by Application, in USD Million
16.                Figure Hydriodic Acid (CAS 10034-85-2) Market Share in 2026, by Application, in USD Million
17.                Figure North America Hydriodic Acid (CAS 10034-85-2) Market Size and Growth 2016-2020, in USD Million
18.                Figure North America Hydriodic Acid (CAS 10034-85-2) Market Size and Growth 2016-2020, in Volume
19.                Figure Europe Hydriodic Acid (CAS 10034-85-2) Market Size and Growth 2016-2020, in USD Million
20.                Figure Europe Hydriodic Acid (CAS 10034-85-2) Market Size and Growth 2016-2020, in Volume
21.                Figure Asia-Pacific Hydriodic Acid (CAS 10034-85-2) Market Size and Growth 2016-2020, in USD Million
22.                Figure Asia-Pacific Hydriodic Acid (CAS 10034-85-2) Market Size and Growth 2016-2020, in Volume
23.                Figure South America Hydriodic Acid (CAS 10034-85-2) Market Size and Growth 2016-2020, in USD Million
24.                Figure South America Hydriodic Acid (CAS 10034-85-2) Market Size and Growth 2016-2020, in Volume
25.                Figure Middle East & Africa Hydriodic Acid (CAS 10034-85-2) Market Size and Growth 2016-2020, in USD Million
26.                Figure Middle East & Africa Hydriodic Acid (CAS 10034-85-2) Market Size and Growth 2016-2020, in Volume
27.                Figure Marketing Channels Overview","$2,980 ","$5,960 ","$5,960 ",99SGL298Che20210200024818
7-Apr-21,"Life & Medical","Global Carbon Dioxide (CO2) Monitors Market Analysis 2016-2020 and Forecast 2021-2026","Snapshot
The global Carbon Dioxide (CO2) Monitors market size is estimated at xxx million USD with a CAGR xx% from 2016-2020 and is expected to reach xxx Million USD in 2021 with a CAGR xx% from 2021 to 2026. The report begins from overview of Industry Chain structure, and describes industry environment, then analyses market size and forecast of Carbon Dioxide (CO2) Monitors by product, region and application, in addition, this report introduces market competition situation among the vendors and company profile, besides, market price analysis and value chain features are covered in this report.
Product Type Coverage (Market Size & Forecast, Major Company of Product Type etc.):
        Wall - Mounted Carbon Dioxide Monitors
        Pipeline Carbon Dioxide Monitors
        Others
Company Coverage (Company Profile, Sales Revenue, Price, Gross Margin, Main Products etc.):
        Criticare Systems, Inc.
        GE Healthcare
        Invivo
        Masimo
        Mindray North America
        Nihon Kohden Corporation
        Nonin Medical, Inc.
        Philips Healthcare
        Radiometer Medical ApS
        Smiths Medical
Application Coverage (Market Size & Forecast, Different Demand Market by Region, Main Consumer Profile etc.):
        Health and Epidemic Prevention
        Environmental Protection
        Scientific Research
Region Coverage (Regional Production, Demand & Forecast by Countries etc.):
        North America (U.S., Canada, Mexico)
        Europe (Germany, U.K., France, Italy, Russia, Spain etc.)
        Asia-Pacific (China, India, Japan, Southeast Asia etc.)
        South America (Brazil, Argentina etc.)
        Middle East & Africa (Saudi Arabia, South Africa etc.)",88,"Table of Contents
1 Industry Overview
    1.1 Carbon Dioxide (CO2) Monitors Industry
                Figure Carbon Dioxide (CO2) Monitors Industry Chain Structure
        1.1.1 Overview
        1.1.2 Development of Carbon Dioxide (CO2) Monitors
    1.2 Market Segment
        1.2.1 Upstream
                Table Upstream Segment of Carbon Dioxide (CO2) Monitors
        1.2.2 Downstream
                Table Application Segment of Carbon Dioxide (CO2) Monitors
                Table Global Carbon Dioxide (CO2) Monitors Market 2016-2026, by Application, in USD Million
        1.2.3 COVID-19 Impact
    1.3 Cost Analysis
2 Industry Environment (PEST Analysis)
    2.1 Policy
    2.2 Economics
    2.3 Sociology
    2.4 Technology
3 Carbon Dioxide (CO2) Monitors Market by Type
    3.1 By Type
        3.1.1 Wall - Mounted Carbon Dioxide Monitors
                Table Major Company List of Wall - Mounted Carbon Dioxide Monitors
        3.1.2 Pipeline Carbon Dioxide Monitors
                Table Major Company List of Pipeline Carbon Dioxide Monitors
        3.1.3 Others
                Table Major Company List of Others
    3.2 Market Size
                Table Global Carbon Dioxide (CO2) Monitors Market 2016-2020, by Type, in USD Million
                Figure Global Carbon Dioxide (CO2) Monitors Market Growth 2016-2020, by Type, in USD Million
                Table Global Carbon Dioxide (CO2) Monitors Market 2016-2020, by Type, in Volume
                Figure Global Carbon Dioxide (CO2) Monitors Market Growth 2016-2020, by Type, in Volume
    3.3 Market Forecast
                Table Global Carbon Dioxide (CO2) Monitors Market Forecast 2021-2026, by Type, in USD Million
                Table Global Carbon Dioxide (CO2) Monitors Market Forecast 2021-2026, by Type, in Volume
4 Major Companies List
    4.1 Criticare Systems, Inc. (Company Profile, Sales Data etc.)
        4.1.1 Criticare Systems, Inc. Profile
                Table Criticare Systems, Inc. Overview List
        4.1.2 Criticare Systems, Inc. Products & Services
        4.1.3 Criticare Systems, Inc. Business Operation Conditions
                Table Business Operation of Criticare Systems, Inc. (Sales Revenue, Sales Volume, Price, Cost, Gross Margin)
    4.2 GE Healthcare (Company Profile, Sales Data etc.)
        4.2.1 GE Healthcare Profile
                Table GE Healthcare Overview List
        4.2.2 GE Healthcare Products & Services
        4.2.3 GE Healthcare Business Operation Conditions
                Table Business Operation of GE Healthcare (Sales Revenue, Sales Volume, Price, Cost, Gross Margin)
    4.3 Invivo (Company Profile, Sales Data etc.)
        4.3.1 Invivo Profile
                Table Invivo Overview List
        4.3.2 Invivo Products & Services
        4.3.3 Invivo Business Operation Conditions
                Table Business Operation of Invivo (Sales Revenue, Sales Volume, Price, Cost, Gross Margin)
    4.4 Masimo (Company Profile, Sales Data etc.)
        4.4.1 Masimo Profile
                Table Masimo Overview List
        4.4.2 Masimo Products & Services
        4.4.3 Masimo Business Operation Conditions
                Table Business Operation of Masimo (Sales Revenue, Sales Volume, Price, Cost, Gross Margin)
    4.5 Mindray North America (Company Profile, Sales Data etc.)
        4.5.1 Mindray North America Profile
                Table Mindray North America Overview List
        4.5.2 Mindray North America Products & Services
        4.5.3 Mindray North America Business Operation Conditions
                Table Business Operation of Mindray North America (Sales Revenue, Sales Volume, Price, Cost, Gross Margin)
    4.6 Nihon Kohden Corporation (Company Profile, Sales Data etc.)
        4.6.1 Nihon Kohden Corporation Profile
                Table Nihon Kohden Corporation Overview List
        4.6.2 Nihon Kohden Corporation Products & Services
        4.6.3 Nihon Kohden Corporation Business Operation Conditions
                Table Business Operation of Nihon Kohden Corporation (Sales Revenue, Sales Volume, Price, Cost, Gross Margin)
    4.7 Nonin Medical, Inc. (Company Profile, Sales Data etc.)
        4.7.1 Nonin Medical, Inc. Profile
                Table Nonin Medical, Inc. Overview List
        4.7.2 Nonin Medical, Inc. Products & Services
        4.7.3 Nonin Medical, Inc. Business Operation Conditions
                Table Business Operation of Nonin Medical, Inc. (Sales Revenue, Sales Volume, Price, Cost, Gross Margin)
    4.8 Philips Healthcare (Company Profile, Sales Data etc.)
        4.8.1 Philips Healthcare Profile
                Table Philips Healthcare Overview List
        4.8.2 Philips Healthcare Products & Services
        4.8.3 Philips Healthcare Business Operation Conditions
                Table Business Operation of Philips Healthcare (Sales Revenue, Sales Volume, Price, Cost, Gross Margin)
    4.9 Radiometer Medical ApS (Company Profile, Sales Data etc.)
        4.9.1 Radiometer Medical ApS Profile
                Table Radiometer Medical ApS Overview List
        4.9.2 Radiometer Medical ApS Products & Services
        4.9.3 Radiometer Medical ApS Business Operation Conditions
                Table Business Operation of Radiometer Medical ApS (Sales Revenue, Sales Volume, Price, Cost, Gross Margin)
    4.10 Smiths Medical (Company Profile, Sales Data etc.)
        4.10.1 Smiths Medical Profile
                Table Smiths Medical Overview List
        4.10.2 Smiths Medical Products & Services
        4.10.3 Smiths Medical Business Operation Conditions
                Table Business Operation of Smiths Medical (Sales Revenue, Sales Volume, Price, Cost, Gross Margin)
5 Market Competition
    5.1 Company Competition
                Table Global Carbon Dioxide (CO2) Monitors Sales Revenue 2016-2020, by Company, in USD Million
                Table Global Carbon Dioxide (CO2) Monitors Sales Revenue Share 2016-2020, by Company, in USD Million
                Figure Global Carbon Dioxide (CO2) Monitors Sales Revenue Share in 2020, by Company, in USD Million
                Table Global Carbon Dioxide (CO2) Monitors Sales Volume 2016-2020, by Company, in Volume
                Table Global Carbon Dioxide (CO2) Monitors Sales Volume Share 2016-2020, by Company, in Volume
                Figure Global Carbon Dioxide (CO2) Monitors Sales Volume Share in 2020, by Company, in Volume
    5.2 Regional Market by Company
                Figure North America Carbon Dioxide (CO2) Monitors Market Concentration, in 2020
                Figure Europe Carbon Dioxide (CO2) Monitors Market Market Concentration, in 2020
                Figure Asia-Pacific Carbon Dioxide (CO2) Monitors MMarket Concentration, in 2020
                Figure South America Carbon Dioxide (CO2) Monitors Market Concentration, in 2020
                Figure Middle East & Africa Carbon Dioxide (CO2) Monitors Market Concentration, in 2020
6 Demand by End Market
    6.1 Demand Situation
        6.1.1 Demand in Health and Epidemic Prevention
                Figure Carbon Dioxide (CO2) Monitors Demand in Health and Epidemic Prevention, 2016-2020, in USD Million
                Figure Carbon Dioxide (CO2) Monitors Demand in Health and Epidemic Prevention, 2016-2020, in Volume
        6.1.2 Demand in Environmental Protection
                Figure Carbon Dioxide (CO2) Monitors Demand in Environmental Protection, 2016-2020, in USD Million
                Figure Carbon Dioxide (CO2) Monitors Demand in Environmental Protection, 2016-2020, in Volume
        6.1.3 Demand in Scientific Research
                Figure Carbon Dioxide (CO2) Monitors Demand in Scientific Research, 2016-2020, in USD Million
                Figure Carbon Dioxide (CO2) Monitors Demand in Scientific Research, 2016-2020, in Volume
    6.2 Regional Demand Comparison
                Table Regional Demand Comparison List
                Table Major Application in Different Regions
    6.3 Demand Forecast
                Table Carbon Dioxide (CO2) Monitors Demand Forecast 2021-2026, by Application, in USD Million
                Figure Carbon Dioxide (CO2) Monitors Market Growth 2021-2026, by Application, in USD Million
                Figure Carbon Dioxide (CO2) Monitors Market Share in 2026, by Application, in USD Million
                Table Carbon Dioxide (CO2) Monitors Demand Forecast 2021-2026, by Application, in Volume
                Table Carbon Dioxide (CO2) Monitors Market Growth 2021-2026, by Application, in Volume
                Table Carbon Dioxide (CO2) Monitors Market Share in 2026, by Application, in Volume
    6.4 Impact of the COVID-19 on the Demand
7 Region Operation
    7.1 Regional Production
                Table Carbon Dioxide (CO2) Monitors Production 2016-2020, by Region, in USD Million
                Table Carbon Dioxide (CO2) Monitors Production 2016-2020, by Region, in Volume
    7.2 Regional Market
                Table Global Carbon Dioxide (CO2) Monitors Market 2016-2020, by Region, in USD Million
                Table Global Carbon Dioxide (CO2) Monitors Market Share 2016-2020, by Region, in USD Million
                Table Global Carbon Dioxide (CO2) Monitors Market 2016-2020, by Region, in Volume
                Table Global Carbon Dioxide (CO2) Monitors Market Share 2016-2020, by Region, in Volume
    7.3 by Region
        7.3.1 North America
            7.3.1.1 Overview
                Figure North America Carbon Dioxide (CO2) Monitors Market Size and Growth 2016-2020, in USD Million
                Figure North America Carbon Dioxide (CO2) Monitors Market Size and Growth 2016-2020, in Volume
            7.3.1.2 by Country (U.S., Canada, Mexico)
                Table North America Carbon Dioxide (CO2) Monitors Market Size 2016-2020, by Country, in USD Million
                Table North America Carbon Dioxide (CO2) Monitors Market Size 2016-2020, by Country, in Volume
        7.3.2 Europe
            7.3.2.1 Overview
                Figure Europe Carbon Dioxide (CO2) Monitors Market Size and Growth 2016-2020, in USD Million
                Figure Europe Carbon Dioxide (CO2) Monitors Market Size and Growth 2016-2020, in Volume
            7.3.2.2 by Country (Germany, U.K., France, Italy, Russia, Spain etc.)
                Table Europe Carbon Dioxide (CO2) Monitors Market Size 2016-2020, by Country, in USD Million
                Table Europe Carbon Dioxide (CO2) Monitors Market Size 2016-2020, by Country, in Volume
        7.3.3 Asia-Pacific
            7.3.3.1 Overview
                Figure Asia-Pacific Carbon Dioxide (CO2) Monitors Market Size and Growth 2016-2020, in USD Million
                Figure Asia-Pacific Carbon Dioxide (CO2) Monitors Market Size and Growth 2016-2020, in Volume
            7.3.3.2 by Country (China, India, Japan, Southeast Asia etc.)
                Table Asia-Pacific Carbon Dioxide (CO2) Monitors Market Size 2016-2020, by Country, in USD Million
                Table Asia-Pacific Carbon Dioxide (CO2) Monitors Market Size 2016-2020, by Country, in Volume
        7.3.4 South America
            7.3.4.1 Overview
                Figure South America Carbon Dioxide (CO2) Monitors Market Size and Growth 2016-2020, in USD Million
                Figure South America Carbon Dioxide (CO2) Monitors Market Size and Growth 2016-2020, in Volume
            7.3.4.2 by Country (Brazil, Argentina etc.)
                Table South America Carbon Dioxide (CO2) Monitors Market Size 2016-2020, by Country, in USD Million
                Table South America Carbon Dioxide (CO2) Monitors Market Size 2016-2020, by Country, in Volume
        7.3.5 Middle East & Africa
            7.3.5.1 Overview
                Figure Middle East & Africa Carbon Dioxide (CO2) Monitors Market Size and Growth 2016-2020, in USD Million
                Figure Middle East & Africa Carbon Dioxide (CO2) Monitors Market Size and Growth 2016-2020, in Volume
            7.3.5.2 by Country (Saudi Arabia, South Africa etc.)
                Table Middle East & Africa Carbon Dioxide (CO2) Monitors Market Size 2016-2020, by Country, in USD Million
                Table Middle East & Africa Carbon Dioxide (CO2) Monitors Market Size 2016-2020, by Country, in Volume
    7.4 Regional Import & Export
    7.5 Regional Forecast
                Table Carbon Dioxide (CO2) Monitors Market Forecast 2021-2026, by Region, in USD Million
                Table Carbon Dioxide (CO2) Monitors Market Forecast 2021-2026, by Region, in Volume
8 Marketing & Price
    8.1 Price and Margin
        8.1.1 Price Trends
        8.1.2 Factors of Price Change
                Table Price Factors List
        8.1.3 Manufacturers Gross Margin Analysis
    8.2 Marketing Channel
                Figure Marketing Channels Overview
9 Research Conclusion","List of Table
1.                Table Upstream Segment of Carbon Dioxide (CO2) Monitors
2.                Table Application Segment of Carbon Dioxide (CO2) Monitors
3.                Table Global Carbon Dioxide (CO2) Monitors Market 2016-2026, by Application, in USD Million
4.                Table Major Company List of Pipeline Carbon Dioxide Monitors
5.                Table Major Company List of Others
6.                Table Global Carbon Dioxide (CO2) Monitors Market 2016-2020, by Type, in USD Million
7.                Table Global Carbon Dioxide (CO2) Monitors Market 2016-2020, by Type, in Volume
8.                Table Global Carbon Dioxide (CO2) Monitors Market Forecast 2021-2026, by Type, in USD Million
9.                Table Global Carbon Dioxide (CO2) Monitors Market Forecast 2021-2026, by Type, in Volume
10.                Table Criticare Systems, Inc. Overview List
11.                Table Business Operation of Criticare Systems, Inc. (Sales Revenue, Sales Volume, Price, Cost, Gross Margin)
12.                Table GE Healthcare Overview List
13.                Table Business Operation of GE Healthcare (Sales Revenue, Sales Volume, Price, Cost, Gross Margin)
14.                Table Invivo Overview List
15.                Table Business Operation of Invivo (Sales Revenue, Sales Volume, Price, Cost, Gross Margin)
16.                Table Masimo Overview List
17.                Table Business Operation of Masimo (Sales Revenue, Sales Volume, Price, Cost, Gross Margin)
18.                Table Mindray North America Overview List
19.                Table Business Operation of Mindray North America (Sales Revenue, Sales Volume, Price, Cost, Gross Margin)
20.                Table Nihon Kohden Corporation Overview List
21.                Table Business Operation of Nihon Kohden Corporation (Sales Revenue, Sales Volume, Price, Cost, Gross Margin)
22.                Table Nonin Medical, Inc. Overview List
23.                Table Business Operation of Nonin Medical, Inc. (Sales Revenue, Sales Volume, Price, Cost, Gross Margin)
24.                Table Philips Healthcare Overview List
25.                Table Business Operation of Philips Healthcare (Sales Revenue, Sales Volume, Price, Cost, Gross Margin)
26.                Table Radiometer Medical ApS Overview List
27.                Table Business Operation of Radiometer Medical ApS (Sales Revenue, Sales Volume, Price, Cost, Gross Margin)
28.                Table Smiths Medical Overview List
29.                Table Business Operation of Smiths Medical (Sales Revenue, Sales Volume, Price, Cost, Gross Margin)
30.                Table Global Carbon Dioxide (CO2) Monitors Sales Revenue 2016-2020, by Company, in USD Million
31.                Table Global Carbon Dioxide (CO2) Monitors Sales Revenue Share 2016-2020, by Company, in USD Million
32.                Table Global Carbon Dioxide (CO2) Monitors Sales Volume 2016-2020, by Company, in Volume
33.                Table Global Carbon Dioxide (CO2) Monitors Sales Volume Share 2016-2020, by Company, in Volume
34.                Table Regional Demand Comparison List
35.                Table Major Application in Different Regions
36.                Table Carbon Dioxide (CO2) Monitors Demand Forecast 2021-2026, by Application, in USD Million
37.                Table Carbon Dioxide (CO2) Monitors Demand Forecast 2021-2026, by Application, in Volume
38.                Table Carbon Dioxide (CO2) Monitors Market Growth 2021-2026, by Application, in Volume
39.                Table Carbon Dioxide (CO2) Monitors Market Share in 2026, by Application, in Volume
40.                Table Carbon Dioxide (CO2) Monitors Production 2016-2020, by Region, in USD Million
41.                Table Carbon Dioxide (CO2) Monitors Production 2016-2020, by Region, in Volume
42.                Table Global Carbon Dioxide (CO2) Monitors Market 2016-2020, by Region, in USD Million
43.                Table Global Carbon Dioxide (CO2) Monitors Market Share 2016-2020, by Region, in USD Million
44.                Table Global Carbon Dioxide (CO2) Monitors Market 2016-2020, by Region, in Volume
45.                Table Global Carbon Dioxide (CO2) Monitors Market Share 2016-2020, by Region, in Volume
46.                Table North America Carbon Dioxide (CO2) Monitors Market Size 2016-2020, by Country, in USD Million
47.                Table North America Carbon Dioxide (CO2) Monitors Market Size 2016-2020, by Country, in Volume
48.                Table Europe Carbon Dioxide (CO2) Monitors Market Size 2016-2020, by Country, in USD Million
49.                Table Europe Carbon Dioxide (CO2) Monitors Market Size 2016-2020, by Country, in Volume
50.                Table Asia-Pacific Carbon Dioxide (CO2) Monitors Market Size 2016-2020, by Country, in USD Million
51.                Table Asia-Pacific Carbon Dioxide (CO2) Monitors Market Size 2016-2020, by Country, in Volume
52.                Table South America Carbon Dioxide (CO2) Monitors Market Size 2016-2020, by Country, in USD Million
53.                Table South America Carbon Dioxide (CO2) Monitors Market Size 2016-2020, by Country, in Volume
54.                Table Middle East & Africa Carbon Dioxide (CO2) Monitors Market Size 2016-2020, by Country, in USD Million
55.                Table Middle East & Africa Carbon Dioxide (CO2) Monitors Market Size 2016-2020, by Country, in Volume
56.                Table Carbon Dioxide (CO2) Monitors Market Forecast 2021-2026, by Region, in USD Million
57.                Table Carbon Dioxide (CO2) Monitors Market Forecast 2021-2026, by Region, in Volume
58.                Table Price Factors List","List of Figure
1.                Figure Carbon Dioxide (CO2) Monitors Industry Chain Structure
2.                Figure Global Carbon Dioxide (CO2) Monitors Market Growth 2016-2020, by Type, in USD Million
3.                Figure Global Carbon Dioxide (CO2) Monitors Market Growth 2016-2020, by Type, in Volume
4.                Figure Global Carbon Dioxide (CO2) Monitors Sales Revenue Share in 2020, by Company, in USD Million
5.                Figure Global Carbon Dioxide (CO2) Monitors Sales Volume Share in 2020, by Company, in Volume
6.                Figure North America Carbon Dioxide (CO2) Monitors Market Concentration, in 2020
7.                Figure Europe Carbon Dioxide (CO2) Monitors Market Market Concentration, in 2020
8.                Figure Asia-Pacific Carbon Dioxide (CO2) Monitors MMarket Concentration, in 2020
9.                Figure South America Carbon Dioxide (CO2) Monitors Market Concentration, in 2020
10.                Figure Middle East & Africa Carbon Dioxide (CO2) Monitors Market Concentration, in 2020
11.                Figure Carbon Dioxide (CO2) Monitors Demand in Health and Epidemic Prevention, 2016-2020, in USD Million
12.                Figure Carbon Dioxide (CO2) Monitors Demand in Health and Epidemic Prevention, 2016-2020, in Volume
13.                Figure Carbon Dioxide (CO2) Monitors Demand in Environmental Protection, 2016-2020, in USD Million
14.                Figure Carbon Dioxide (CO2) Monitors Demand in Environmental Protection, 2016-2020, in Volume
15.                Figure Carbon Dioxide (CO2) Monitors Demand in Scientific Research, 2016-2020, in USD Million
16.                Figure Carbon Dioxide (CO2) Monitors Demand in Scientific Research, 2016-2020, in Volume
17.                Figure Carbon Dioxide (CO2) Monitors Market Growth 2021-2026, by Application, in USD Million
18.                Figure Carbon Dioxide (CO2) Monitors Market Share in 2026, by Application, in USD Million
19.                Figure North America Carbon Dioxide (CO2) Monitors Market Size and Growth 2016-2020, in USD Million
20.                Figure North America Carbon Dioxide (CO2) Monitors Market Size and Growth 2016-2020, in Volume
21.                Figure Europe Carbon Dioxide (CO2) Monitors Market Size and Growth 2016-2020, in USD Million
22.                Figure Europe Carbon Dioxide (CO2) Monitors Market Size and Growth 2016-2020, in Volume
23.                Figure Asia-Pacific Carbon Dioxide (CO2) Monitors Market Size and Growth 2016-2020, in USD Million
24.                Figure Asia-Pacific Carbon Dioxide (CO2) Monitors Market Size and Growth 2016-2020, in Volume
25.                Figure South America Carbon Dioxide (CO2) Monitors Market Size and Growth 2016-2020, in USD Million
26.                Figure South America Carbon Dioxide (CO2) Monitors Market Size and Growth 2016-2020, in Volume
27.                Figure Middle East & Africa Carbon Dioxide (CO2) Monitors Market Size and Growth 2016-2020, in USD Million
28.                Figure Middle East & Africa Carbon Dioxide (CO2) Monitors Market Size and Growth 2016-2020, in Volume
29.                Figure Marketing Channels Overview","$2,980 ","$5,960 ","$5,960 ",99SGL298Lif20210200024819
7-Apr-21,"Chemical & Material","Global Polyurethane Elastomers Market Analysis 2016-2020 and Forecast 2021-2026","Snapshot
The global Polyurethane Elastomers market size is estimated at xxx million USD with a CAGR xx% from 2016-2020 and is expected to reach xxx Million USD in 2021 with a CAGR xx% from 2021 to 2026. The report begins from overview of Industry Chain structure, and describes industry environment, then analyses market size and forecast of Polyurethane Elastomers by product, region and application, in addition, this report introduces market competition situation among the vendors and company profile, besides, market price analysis and value chain features are covered in this report.
Product Type Coverage (Market Size & Forecast, Major Company of Product Type etc.):
        Thermoplastic Elastomers(Polyamide(Nylon),PolymethylMethacrylate,Polypropylene,Polystyrene)
        Thermosetting Elastomers (Latex,Nitrile,Milliable Polyurethane,Silicone,Neoprene)
Company Coverage (Company Profile, Sales Revenue, Price, Gross Margin, Main Products etc.):
        BASF
        DuPont
        Bayer Materialscience
        Dow Chemical Company
        Lyondellbasell
        3M
        Stepan Company
        Kingfa Science And Technology
        P+S Polyurethan-Elastomere
        Renosol Corporation
        Huntsman
        Marchem
        Trelleborg Engineered Products
        Cellular Mouldings
        RECKLI
        Herikon
Application Coverage (Market Size & Forecast, Different Demand Market by Region, Main Consumer Profile etc.):
        Automotive
        Construction
        Packaging Industry
        Furniture and Interiors
        Electronics and Appliances
        Others (Textile, Medical, Mining)
Region Coverage (Regional Production, Demand & Forecast by Countries etc.):
        North America (U.S., Canada, Mexico)
        Europe (Germany, U.K., France, Italy, Russia, Spain etc.)
        Asia-Pacific (China, India, Japan, Southeast Asia etc.)
        South America (Brazil, Argentina etc.)
        Middle East & Africa (Saudi Arabia, South Africa etc.)",111,"Table of Contents
1 Industry Overview
    1.1 Polyurethane Elastomers Industry
                Figure Polyurethane Elastomers Industry Chain Structure
        1.1.1 Overview
        1.1.2 Development of Polyurethane Elastomers
    1.2 Market Segment
        1.2.1 Upstream
                Table Upstream Segment of Polyurethane Elastomers
        1.2.2 Downstream
                Table Application Segment of Polyurethane Elastomers
                Table Global Polyurethane Elastomers Market 2016-2026, by Application, in USD Million
        1.2.3 COVID-19 Impact
    1.3 Cost Analysis
2 Industry Environment (PEST Analysis)
    2.1 Policy
    2.2 Economics
    2.3 Sociology
    2.4 Technology
3 Polyurethane Elastomers Market by Type
    3.1 By Type
        3.1.1 Thermoplastic Elastomers(Polyamide(Nylon),PolymethylMethacrylate,Polypropylene,Polystyrene)
                Table Major Company List of Thermoplastic Elastomers(Polyamide(Nylon),PolymethylMethacrylate,Polypropylene,Polystyrene)
        3.1.2 Thermosetting Elastomers (Latex,Nitrile,Milliable Polyurethane,Silicone,Neoprene)
                Table Major Company List of Thermosetting Elastomers (Latex,Nitrile,Milliable Polyurethane,Silicone,Neoprene)
    3.2 Market Size
                Table Global Polyurethane Elastomers Market 2016-2020, by Type, in USD Million
                Figure Global Polyurethane Elastomers Market Growth 2016-2020, by Type, in USD Million
                Table Global Polyurethane Elastomers Market 2016-2020, by Type, in Volume
                Figure Global Polyurethane Elastomers Market Growth 2016-2020, by Type, in Volume
    3.3 Market Forecast
                Table Global Polyurethane Elastomers Market Forecast 2021-2026, by Type, in USD Million
                Table Global Polyurethane Elastomers Market Forecast 2021-2026, by Type, in Volume
4 Major Companies List
    4.1 BASF (Company Profile, Sales Data etc.)
        4.1.1 BASF Profile
                Table BASF Overview List
        4.1.2 BASF Products & Services
        4.1.3 BASF Business Operation Conditions
                Table Business Operation of BASF (Sales Revenue, Sales Volume, Price, Cost, Gross Margin)
    4.2 DuPont (Company Profile, Sales Data etc.)
        4.2.1 DuPont Profile
                Table DuPont Overview List
        4.2.2 DuPont Products & Services
        4.2.3 DuPont Business Operation Conditions
                Table Business Operation of DuPont (Sales Revenue, Sales Volume, Price, Cost, Gross Margin)
    4.3 Bayer Materialscience (Company Profile, Sales Data etc.)
        4.3.1 Bayer Materialscience Profile
                Table Bayer Materialscience Overview List
        4.3.2 Bayer Materialscience Products & Services
        4.3.3 Bayer Materialscience Business Operation Conditions
                Table Business Operation of Bayer Materialscience (Sales Revenue, Sales Volume, Price, Cost, Gross Margin)
    4.4 Dow Chemical Company (Company Profile, Sales Data etc.)
        4.4.1 Dow Chemical Company Profile
                Table Dow Chemical Company Overview List
        4.4.2 Dow Chemical Company Products & Services
        4.4.3 Dow Chemical Company Business Operation Conditions
                Table Business Operation of Dow Chemical Company (Sales Revenue, Sales Volume, Price, Cost, Gross Margin)
    4.5 Lyondellbasell (Company Profile, Sales Data etc.)
        4.5.1 Lyondellbasell Profile
                Table Lyondellbasell Overview List
        4.5.2 Lyondellbasell Products & Services
        4.5.3 Lyondellbasell Business Operation Conditions
                Table Business Operation of Lyondellbasell (Sales Revenue, Sales Volume, Price, Cost, Gross Margin)
    4.6 3M (Company Profile, Sales Data etc.)
        4.6.1 3M Profile
                Table 3M Overview List
        4.6.2 3M Products & Services
        4.6.3 3M Business Operation Conditions
                Table Business Operation of 3M (Sales Revenue, Sales Volume, Price, Cost, Gross Margin)
    4.7 Stepan Company (Company Profile, Sales Data etc.)
        4.7.1 Stepan Company Profile
                Table Stepan Company Overview List
        4.7.2 Stepan Company Products & Services
        4.7.3 Stepan Company Business Operation Conditions
                Table Business Operation of Stepan Company (Sales Revenue, Sales Volume, Price, Cost, Gross Margin)
    4.8 Kingfa Science And Technology (Company Profile, Sales Data etc.)
        4.8.1 Kingfa Science And Technology Profile
                Table Kingfa Science And Technology Overview List
        4.8.2 Kingfa Science And Technology Products & Services
        4.8.3 Kingfa Science And Technology Business Operation Conditions
                Table Business Operation of Kingfa Science And Technology (Sales Revenue, Sales Volume, Price, Cost, Gross Margin)
    4.9 P+S Polyurethan-Elastomere (Company Profile, Sales Data etc.)
        4.9.1 P+S Polyurethan-Elastomere Profile
                Table P+S Polyurethan-Elastomere Overview List
        4.9.2 P+S Polyurethan-Elastomere Products & Services
        4.9.3 P+S Polyurethan-Elastomere Business Operation Conditions
                Table Business Operation of P+S Polyurethan-Elastomere (Sales Revenue, Sales Volume, Price, Cost, Gross Margin)
    4.10 Renosol Corporation (Company Profile, Sales Data etc.)
        4.10.1 Renosol Corporation Profile
                Table Renosol Corporation Overview List
        4.10.2 Renosol Corporation Products & Services
        4.10.3 Renosol Corporation Business Operation Conditions
                Table Business Operation of Renosol Corporation (Sales Revenue, Sales Volume, Price, Cost, Gross Margin)
    4.11 Huntsman (Company Profile, Sales Data etc.)
        4.11.1 Huntsman Profile
                Table Huntsman Overview List
        4.11.2 Huntsman Products & Services
        4.11.3 Huntsman Business Operation Conditions
                Table Business Operation of Huntsman (Sales Revenue, Sales Volume, Price, Cost, Gross Margin)
    4.12 Marchem (Company Profile, Sales Data etc.)
        4.12.1 Marchem Profile
                Table Marchem Overview List
        4.12.2 Marchem Products & Services
        4.12.3 Marchem Business Operation Conditions
                Table Business Operation of Marchem (Sales Revenue, Cost, Gross Margin)
    4.13 Trelleborg Engineered Products (Company Profile, Sales Data etc.)
        4.13.1 Trelleborg Engineered Products Profile
                Table Trelleborg Engineered Products Overview List
        4.13.2 Trelleborg Engineered Products Products & Services
        4.13.3 Trelleborg Engineered Products Business Operation Conditions
                Table Business Operation of Trelleborg Engineered Products (Sales Revenue, Sales Volume, Price, Cost, Gross Margin)
    4.14 Cellular Mouldings (Company Profile, Sales Data etc.)
        4.14.1 Cellular Mouldings Profile
                Table Cellular Mouldings Overview List
        4.14.2 Cellular Mouldings Products & Services
        4.14.3 Cellular Mouldings Business Operation Conditions
                Table Business Operation of Cellular Mouldings (Sales Revenue, Cost, Gross Margin)
    4.15 RECKLI (Company Profile, Sales Data etc.)
        4.15.1 RECKLI Profile
                Table RECKLI Overview List
        4.15.2 RECKLI Products & Services
        4.15.3 RECKLI Business Operation Conditions
                Table Business Operation of RECKLI (Sales Revenue, Cost, Gross Margin)
    4.16 Herikon (Company Profile, Sales Data etc.)
        4.16.1 Herikon Profile
                Table Herikon Overview List
        4.16.2 Herikon Products & Services
        4.16.3 Herikon Business Operation Conditions
                Table Business Operation of Herikon (Sales Revenue, Cost, Gross Margin)
5 Market Competition
    5.1 Company Competition
                Table Global Polyurethane Elastomers Sales Revenue 2016-2020, by Company, in USD Million
                Table Global Polyurethane Elastomers Sales Revenue Share 2016-2020, by Company, in USD Million
                Figure Global Polyurethane Elastomers Sales Revenue Share in 2020, by Company, in USD Million
                Table Global Polyurethane Elastomers Sales Volume 2016-2020, by Company, in Volume
                Table Global Polyurethane Elastomers Sales Volume Share 2016-2020, by Company, in Volume
                Figure Global Polyurethane Elastomers Sales Volume Share in 2020, by Company, in Volume
    5.2 Regional Market by Company
                Figure North America Polyurethane Elastomers Market Concentration, in 2020
                Figure Europe Polyurethane Elastomers Market Market Concentration, in 2020
                Figure Asia-Pacific Polyurethane Elastomers MMarket Concentration, in 2020
                Figure South America Polyurethane Elastomers Market Concentration, in 2020
                Figure Middle East & Africa Polyurethane Elastomers Market Concentration, in 2020
6 Demand by End Market
    6.1 Demand Situation
        6.1.1 Demand in Automotive
                Figure Polyurethane Elastomers Demand in Automotive, 2016-2020, in USD Million
                Figure Polyurethane Elastomers Demand in Automotive, 2016-2020, in Volume
        6.1.2 Demand in Construction
                Figure Polyurethane Elastomers Demand in Construction, 2016-2020, in USD Million
                Figure Polyurethane Elastomers Demand in Construction, 2016-2020, in Volume
        6.1.3 Demand in Packaging Industry
                Figure Polyurethane Elastomers Demand in Packaging Industry, 2016-2020, in USD Million
                Figure Polyurethane Elastomers Demand in Packaging Industry, 2016-2020, in Volume
        6.1.4 Demand in Furniture and Interiors
                Figure Polyurethane Elastomers Demand in Furniture and Interiors, 2016-2020, in USD Million
                Figure Polyurethane Elastomers Demand in Furniture and Interiors, 2016-2020, in Volume
        6.1.5 Demand in Electronics and Appliances
                Figure Polyurethane Elastomers Demand in Electronics and Appliances, 2016-2020, in USD Million
                Figure Polyurethane Elastomers Demand in Electronics and Appliances, 2016-2020, in Volume
        6.1.6 Demand in Others (Textile, Medical, Mining)
                Figure Polyurethane Elastomers Demand in Others (Textile, Medical, Mining), 2016-2020, in USD Million
                Figure Polyurethane Elastomers Demand in Others (Textile, Medical, Mining), 2016-2020, in Volume
    6.2 Regional Demand Comparison
                Table Regional Demand Comparison List
                Table Major Application in Different Regions
    6.3 Demand Forecast
                Table Polyurethane Elastomers Demand Forecast 2021-2026, by Application, in USD Million
                Figure Polyurethane Elastomers Market Growth 2021-2026, by Application, in USD Million
                Figure Polyurethane Elastomers Market Share in 2026, by Application, in USD Million
                Table Polyurethane Elastomers Demand Forecast 2021-2026, by Application, in Volume
                Table Polyurethane Elastomers Market Growth 2021-2026, by Application, in Volume
                Table Polyurethane Elastomers Market Share in 2026, by Application, in Volume
    6.4 Impact of the COVID-19 on the Demand
7 Region Operation
    7.1 Regional Production
                Table Polyurethane Elastomers Production 2016-2020, by Region, in USD Million
                Table Polyurethane Elastomers Production 2016-2020, by Region, in Volume
    7.2 Regional Market
                Table Global Polyurethane Elastomers Market 2016-2020, by Region, in USD Million
                Table Global Polyurethane Elastomers Market Share 2016-2020, by Region, in USD Million
                Table Global Polyurethane Elastomers Market 2016-2020, by Region, in Volume
                Table Global Polyurethane Elastomers Market Share 2016-2020, by Region, in Volume
    7.3 by Region
        7.3.1 North America
            7.3.1.1 Overview
                Figure North America Polyurethane Elastomers Market Size and Growth 2016-2020, in USD Million
                Figure North America Polyurethane Elastomers Market Size and Growth 2016-2020, in Volume
            7.3.1.2 by Country (U.S., Canada, Mexico)
                Table North America Polyurethane Elastomers Market Size 2016-2020, by Country, in USD Million
                Table North America Polyurethane Elastomers Market Size 2016-2020, by Country, in Volume
        7.3.2 Europe
            7.3.2.1 Overview
                Figure Europe Polyurethane Elastomers Market Size and Growth 2016-2020, in USD Million
                Figure Europe Polyurethane Elastomers Market Size and Growth 2016-2020, in Volume
            7.3.2.2 by Country (Germany, U.K., France, Italy, Russia, Spain etc.)
                Table Europe Polyurethane Elastomers Market Size 2016-2020, by Country, in USD Million
                Table Europe Polyurethane Elastomers Market Size 2016-2020, by Country, in Volume
        7.3.3 Asia-Pacific
            7.3.3.1 Overview
                Figure Asia-Pacific Polyurethane Elastomers Market Size and Growth 2016-2020, in USD Million
                Figure Asia-Pacific Polyurethane Elastomers Market Size and Growth 2016-2020, in Volume
            7.3.3.2 by Country (China, India, Japan, Southeast Asia etc.)
                Table Asia-Pacific Polyurethane Elastomers Market Size 2016-2020, by Country, in USD Million
                Table Asia-Pacific Polyurethane Elastomers Market Size 2016-2020, by Country, in Volume
        7.3.4 South America
            7.3.4.1 Overview
                Figure South America Polyurethane Elastomers Market Size and Growth 2016-2020, in USD Million
                Figure South America Polyurethane Elastomers Market Size and Growth 2016-2020, in Volume
            7.3.4.2 by Country (Brazil, Argentina etc.)
                Table South America Polyurethane Elastomers Market Size 2016-2020, by Country, in USD Million
                Table South America Polyurethane Elastomers Market Size 2016-2020, by Country, in Volume
        7.3.5 Middle East & Africa
            7.3.5.1 Overview
                Figure Middle East & Africa Polyurethane Elastomers Market Size and Growth 2016-2020, in USD Million
                Figure Middle East & Africa Polyurethane Elastomers Market Size and Growth 2016-2020, in Volume
            7.3.5.2 by Country (Saudi Arabia, South Africa etc.)
                Table Middle East & Africa Polyurethane Elastomers Market Size 2016-2020, by Country, in USD Million
                Table Middle East & Africa Polyurethane Elastomers Market Size 2016-2020, by Country, in Volume
    7.4 Regional Import & Export
    7.5 Regional Forecast
                Table Polyurethane Elastomers Market Forecast 2021-2026, by Region, in USD Million
                Table Polyurethane Elastomers Market Forecast 2021-2026, by Region, in Volume
8 Marketing & Price
    8.1 Price and Margin
        8.1.1 Price Trends
        8.1.2 Factors of Price Change
                Table Price Factors List
        8.1.3 Manufacturers Gross Margin Analysis
    8.2 Marketing Channel
                Figure Marketing Channels Overview
9 Research Conclusion","List of Table
1.                Table Upstream Segment of Polyurethane Elastomers
2.                Table Application Segment of Polyurethane Elastomers
3.                Table Global Polyurethane Elastomers Market 2016-2026, by Application, in USD Million
4.                Table Major Company List of Thermosetting Elastomers (Latex,Nitrile,Milliable Polyurethane,Silicone,Neoprene)
5.                Table Global Polyurethane Elastomers Market 2016-2020, by Type, in USD Million
6.                Table Global Polyurethane Elastomers Market 2016-2020, by Type, in Volume
7.                Table Global Polyurethane Elastomers Market Forecast 2021-2026, by Type, in USD Million
8.                Table Global Polyurethane Elastomers Market Forecast 2021-2026, by Type, in Volume
9.                Table BASF Overview List
10.                Table Business Operation of BASF (Sales Revenue, Sales Volume, Price, Cost, Gross Margin)
11.                Table DuPont Overview List
12.                Table Business Operation of DuPont (Sales Revenue, Sales Volume, Price, Cost, Gross Margin)
13.                Table Bayer Materialscience Overview List
14.                Table Business Operation of Bayer Materialscience (Sales Revenue, Sales Volume, Price, Cost, Gross Margin)
15.                Table Dow Chemical Company Overview List
16.                Table Business Operation of Dow Chemical Company (Sales Revenue, Sales Volume, Price, Cost, Gross Margin)
17.                Table Lyondellbasell Overview List
18.                Table Business Operation of Lyondellbasell (Sales Revenue, Sales Volume, Price, Cost, Gross Margin)
19.                Table 3M Overview List
20.                Table Business Operation of 3M (Sales Revenue, Sales Volume, Price, Cost, Gross Margin)
21.                Table Stepan Company Overview List
22.                Table Business Operation of Stepan Company (Sales Revenue, Sales Volume, Price, Cost, Gross Margin)
23.                Table Kingfa Science And Technology Overview List
24.                Table Business Operation of Kingfa Science And Technology (Sales Revenue, Sales Volume, Price, Cost, Gross Margin)
25.                Table P+S Polyurethan-Elastomere Overview List
26.                Table Business Operation of P+S Polyurethan-Elastomere (Sales Revenue, Sales Volume, Price, Cost, Gross Margin)
27.                Table Renosol Corporation Overview List
28.                Table Business Operation of Renosol Corporation (Sales Revenue, Sales Volume, Price, Cost, Gross Margin)
29.                Table Huntsman Overview List
30.                Table Business Operation of Huntsman (Sales Revenue, Sales Volume, Price, Cost, Gross Margin)
31.                Table Marchem Overview List
32.                Table Business Operation of Marchem (Sales Revenue, Cost, Gross Margin)
33.                Table Trelleborg Engineered Products Overview List
34.                Table Business Operation of Trelleborg Engineered Products (Sales Revenue, Sales Volume, Price, Cost, Gross Margin)
35.                Table Cellular Mouldings Overview List
36.                Table Business Operation of Cellular Mouldings (Sales Revenue, Cost, Gross Margin)
37.                Table RECKLI Overview List
38.                Table Business Operation of RECKLI (Sales Revenue, Cost, Gross Margin)
39.                Table Herikon Overview List
40.                Table Business Operation of Herikon (Sales Revenue, Cost, Gross Margin)
41.                Table Global Polyurethane Elastomers Sales Revenue 2016-2020, by Company, in USD Million
42.                Table Global Polyurethane Elastomers Sales Revenue Share 2016-2020, by Company, in USD Million
43.                Table Global Polyurethane Elastomers Sales Volume 2016-2020, by Company, in Volume
44.                Table Global Polyurethane Elastomers Sales Volume Share 2016-2020, by Company, in Volume
45.                Table Regional Demand Comparison List
46.                Table Major Application in Different Regions
47.                Table Polyurethane Elastomers Demand Forecast 2021-2026, by Application, in USD Million
48.                Table Polyurethane Elastomers Demand Forecast 2021-2026, by Application, in Volume
49.                Table Polyurethane Elastomers Market Growth 2021-2026, by Application, in Volume
50.                Table Polyurethane Elastomers Market Share in 2026, by Application, in Volume
51.                Table Polyurethane Elastomers Production 2016-2020, by Region, in USD Million
52.                Table Polyurethane Elastomers Production 2016-2020, by Region, in Volume
53.                Table Global Polyurethane Elastomers Market 2016-2020, by Region, in USD Million
54.                Table Global Polyurethane Elastomers Market Share 2016-2020, by Region, in USD Million
55.                Table Global Polyurethane Elastomers Market 2016-2020, by Region, in Volume
56.                Table Global Polyurethane Elastomers Market Share 2016-2020, by Region, in Volume
57.                Table North America Polyurethane Elastomers Market Size 2016-2020, by Country, in USD Million
58.                Table North America Polyurethane Elastomers Market Size 2016-2020, by Country, in Volume
59.                Table Europe Polyurethane Elastomers Market Size 2016-2020, by Country, in USD Million
60.                Table Europe Polyurethane Elastomers Market Size 2016-2020, by Country, in Volume
61.                Table Asia-Pacific Polyurethane Elastomers Market Size 2016-2020, by Country, in USD Million
62.                Table Asia-Pacific Polyurethane Elastomers Market Size 2016-2020, by Country, in Volume
63.                Table South America Polyurethane Elastomers Market Size 2016-2020, by Country, in USD Million
64.                Table South America Polyurethane Elastomers Market Size 2016-2020, by Country, in Volume
65.                Table Middle East & Africa Polyurethane Elastomers Market Size 2016-2020, by Country, in USD Million
66.                Table Middle East & Africa Polyurethane Elastomers Market Size 2016-2020, by Country, in Volume
67.                Table Polyurethane Elastomers Market Forecast 2021-2026, by Region, in USD Million
68.                Table Polyurethane Elastomers Market Forecast 2021-2026, by Region, in Volume
69.                Table Price Factors List","List of Figure
1.                Figure Polyurethane Elastomers Industry Chain Structure
2.                Figure Global Polyurethane Elastomers Market Growth 2016-2020, by Type, in USD Million
3.                Figure Global Polyurethane Elastomers Market Growth 2016-2020, by Type, in Volume
4.                Figure Global Polyurethane Elastomers Sales Revenue Share in 2020, by Company, in USD Million
5.                Figure Global Polyurethane Elastomers Sales Volume Share in 2020, by Company, in Volume
6.                Figure North America Polyurethane Elastomers Market Concentration, in 2020
7.                Figure Europe Polyurethane Elastomers Market Market Concentration, in 2020
8.                Figure Asia-Pacific Polyurethane Elastomers MMarket Concentration, in 2020
9.                Figure South America Polyurethane Elastomers Market Concentration, in 2020
10.                Figure Middle East & Africa Polyurethane Elastomers Market Concentration, in 2020
11.                Figure Polyurethane Elastomers Demand in Automotive, 2016-2020, in USD Million
12.                Figure Polyurethane Elastomers Demand in Automotive, 2016-2020, in Volume
13.                Figure Polyurethane Elastomers Demand in Construction, 2016-2020, in USD Million
14.                Figure Polyurethane Elastomers Demand in Construction, 2016-2020, in Volume
15.                Figure Polyurethane Elastomers Demand in Packaging Industry, 2016-2020, in USD Million
16.                Figure Polyurethane Elastomers Demand in Packaging Industry, 2016-2020, in Volume
17.                Figure Polyurethane Elastomers Demand in Furniture and Interiors, 2016-2020, in USD Million
18.                Figure Polyurethane Elastomers Demand in Furniture and Interiors, 2016-2020, in Volume
19.                Figure Polyurethane Elastomers Demand in Electronics and Appliances, 2016-2020, in USD Million
20.                Figure Polyurethane Elastomers Demand in Electronics and Appliances, 2016-2020, in Volume
21.                Figure Polyurethane Elastomers Demand in Others (Textile, Medical, Mining), 2016-2020, in USD Million
22.                Figure Polyurethane Elastomers Demand in Others (Textile, Medical, Mining), 2016-2020, in Volume
23.                Figure Polyurethane Elastomers Market Growth 2021-2026, by Application, in USD Million
24.                Figure Polyurethane Elastomers Market Share in 2026, by Application, in USD Million
25.                Figure North America Polyurethane Elastomers Market Size and Growth 2016-2020, in USD Million
26.                Figure North America Polyurethane Elastomers Market Size and Growth 2016-2020, in Volume
27.                Figure Europe Polyurethane Elastomers Market Size and Growth 2016-2020, in USD Million
28.                Figure Europe Polyurethane Elastomers Market Size and Growth 2016-2020, in Volume
29.                Figure Asia-Pacific Polyurethane Elastomers Market Size and Growth 2016-2020, in USD Million
30.                Figure Asia-Pacific Polyurethane Elastomers Market Size and Growth 2016-2020, in Volume
31.                Figure South America Polyurethane Elastomers Market Size and Growth 2016-2020, in USD Million
32.                Figure South America Polyurethane Elastomers Market Size and Growth 2016-2020, in Volume
33.                Figure Middle East & Africa Polyurethane Elastomers Market Size and Growth 2016-2020, in USD Million
34.                Figure Middle East & Africa Polyurethane Elastomers Market Size and Growth 2016-2020, in Volume
35.                Figure Marketing Channels Overview","$2,980 ","$5,960 ","$5,960 ",99SGL298Che20210200024820
7-Apr-21,"Life & Medical","Global Cardiac Care Medical Equipments Market Analysis 2016-2020 and Forecast 2021-2026","Snapshot
The global Cardiac Care Medical Equipments market size is estimated at xxx million USD with a CAGR xx% from 2016-2020 and is expected to reach xxx Million USD in 2021 with a CAGR xx% from 2021 to 2026. The report begins from overview of Industry Chain structure, and describes industry environment, then analyses market size and forecast of Cardiac Care Medical Equipments by product, region and application, in addition, this report introduces market competition situation among the vendors and company profile, besides, market price analysis and value chain features are covered in this report.
Product Type Coverage (Market Size & Forecast, Major Company of Product Type etc.):
        Intra-aortic Balloon Pumps
        Cardiopulmonary Bypass Pumps
        Cardiac Ultrasound Devices
        CRM Device
        External Defibrillators
        Others
Company Coverage (Company Profile, Sales Revenue, Price, Gross Margin, Main Products etc.):
        Medtronic
        St. Jude Medical (Abbott)
        Boston Scientific
        GE Healthcare
        Philips Healthcare
        Biotronik, Inc.
        Thoratec Corporation
        LivaNova (Sorin)
        Cardiac Science
        Teleflex
        Getinge (Maquet)
        Berlin Heart
Application Coverage (Market Size & Forecast, Different Demand Market by Region, Main Consumer Profile etc.):
        Hospital
        Clinic
Region Coverage (Regional Production, Demand & Forecast by Countries etc.):
        North America (U.S., Canada, Mexico)
        Europe (Germany, U.K., France, Italy, Russia, Spain etc.)
        Asia-Pacific (China, India, Japan, Southeast Asia etc.)
        South America (Brazil, Argentina etc.)
        Middle East & Africa (Saudi Arabia, South Africa etc.)",84,"Table of Contents
1 Industry Overview
    1.1 Cardiac Care Medical Equipments Industry
                Figure Cardiac Care Medical Equipments Industry Chain Structure
        1.1.1 Overview
        1.1.2 Development of Cardiac Care Medical Equipments
    1.2 Market Segment
        1.2.1 Upstream
                Table Upstream Segment of Cardiac Care Medical Equipments
        1.2.2 Downstream
                Table Application Segment of Cardiac Care Medical Equipments
                Table Global Cardiac Care Medical Equipments Market 2016-2026, by Application, in USD Million
        1.2.3 COVID-19 Impact
    1.3 Cost Analysis
2 Industry Environment (PEST Analysis)
    2.1 Policy
    2.2 Economics
    2.3 Sociology
    2.4 Technology
3 Cardiac Care Medical Equipments Market by Type
    3.1 By Type
        3.1.1 Intra-aortic Balloon Pumps
                Table Major Company List of Intra-aortic Balloon Pumps
        3.1.2 Cardiopulmonary Bypass Pumps
                Table Major Company List of Cardiopulmonary Bypass Pumps
        3.1.3 Cardiac Ultrasound Devices
                Table Major Company List of Cardiac Ultrasound Devices
        3.1.4 CRM Device
                Table Major Company List of CRM Device
        3.1.5 External Defibrillators
                Table Major Company List of External Defibrillators
        3.1.6 Others
                Table Major Company List of Others
    3.2 Market Size
                Table Global Cardiac Care Medical Equipments Market 2016-2020, by Type, in USD Million
                Figure Global Cardiac Care Medical Equipments Market Growth 2016-2020, by Type, in USD Million
                Table Global Cardiac Care Medical Equipments Market 2016-2020, by Type, in Volume
                Figure Global Cardiac Care Medical Equipments Market Growth 2016-2020, by Type, in Volume
    3.3 Market Forecast
                Table Global Cardiac Care Medical Equipments Market Forecast 2021-2026, by Type, in USD Million
                Table Global Cardiac Care Medical Equipments Market Forecast 2021-2026, by Type, in Volume
4 Major Companies List
    4.1 Medtronic (Company Profile, Sales Data etc.)
        4.1.1 Medtronic Profile
                Table Medtronic Overview List
        4.1.2 Medtronic Products & Services
        4.1.3 Medtronic Business Operation Conditions
                Table Business Operation of Medtronic (Sales Revenue, Sales Volume, Price, Cost, Gross Margin)
    4.2 St. Jude Medical (Abbott) (Company Profile, Sales Data etc.)
        4.2.1 St. Jude Medical (Abbott) Profile
                Table St. Jude Medical (Abbott) Overview List
        4.2.2 St. Jude Medical (Abbott) Products & Services
        4.2.3 St. Jude Medical (Abbott) Business Operation Conditions
                Table Business Operation of St. Jude Medical (Abbott) (Sales Revenue, Sales Volume, Price, Cost, Gross Margin)
    4.3 Boston Scientific (Company Profile, Sales Data etc.)
        4.3.1 Boston Scientific Profile
                Table Boston Scientific Overview List
        4.3.2 Boston Scientific Products & Services
        4.3.3 Boston Scientific Business Operation Conditions
                Table Business Operation of Boston Scientific (Sales Revenue, Sales Volume, Price, Cost, Gross Margin)
    4.4 GE Healthcare (Company Profile, Sales Data etc.)
        4.4.1 GE Healthcare Profile
                Table GE Healthcare Overview List
        4.4.2 GE Healthcare Products & Services
        4.4.3 GE Healthcare Business Operation Conditions
                Table Business Operation of GE Healthcare (Sales Revenue, Sales Volume, Price, Cost, Gross Margin)
    4.5 Philips Healthcare (Company Profile, Sales Data etc.)
        4.5.1 Philips Healthcare Profile
                Table Philips Healthcare Overview List
        4.5.2 Philips Healthcare Products & Services
        4.5.3 Philips Healthcare Business Operation Conditions
                Table Business Operation of Philips Healthcare (Sales Revenue, Sales Volume, Price, Cost, Gross Margin)
    4.6 Biotronik, Inc. (Company Profile, Sales Data etc.)
        4.6.1 Biotronik, Inc. Profile
                Table Biotronik, Inc. Overview List
        4.6.2 Biotronik, Inc. Products & Services
        4.6.3 Biotronik, Inc. Business Operation Conditions
                Table Business Operation of Biotronik, Inc. (Sales Revenue, Sales Volume, Price, Cost, Gross Margin)
    4.7 Thoratec Corporation (Company Profile, Sales Data etc.)
        4.7.1 Thoratec Corporation Profile
                Table Thoratec Corporation Overview List
        4.7.2 Thoratec Corporation Products & Services
        4.7.3 Thoratec Corporation Business Operation Conditions
                Table Business Operation of Thoratec Corporation (Sales Revenue, Sales Volume, Price, Cost, Gross Margin)
    4.8 LivaNova (Sorin) (Company Profile, Sales Data etc.)
        4.8.1 LivaNova (Sorin) Profile
                Table LivaNova (Sorin) Overview List
        4.8.2 LivaNova (Sorin) Products & Services
        4.8.3 LivaNova (Sorin) Business Operation Conditions
                Table Business Operation of LivaNova (Sorin) (Sales Revenue, Sales Volume, Price, Cost, Gross Margin)
    4.9 Cardiac Science (Company Profile, Sales Data etc.)
        4.9.1 Cardiac Science Profile
                Table Cardiac Science Overview List
        4.9.2 Cardiac Science Products & Services
        4.9.3 Cardiac Science Business Operation Conditions
                Table Business Operation of Cardiac Science (Sales Revenue, Sales Volume, Price, Cost, Gross Margin)
    4.10 Teleflex (Company Profile, Sales Data etc.)
        4.10.1 Teleflex Profile
                Table Teleflex Overview List
        4.10.2 Teleflex Products & Services
        4.10.3 Teleflex Business Operation Conditions
                Table Business Operation of Teleflex (Sales Revenue, Sales Volume, Price, Cost, Gross Margin)
    4.11 Getinge (Maquet) (Company Profile, Sales Data etc.)
        4.11.1 Getinge (Maquet) Profile
                Table Getinge (Maquet) Overview List
        4.11.2 Getinge (Maquet) Products & Services
        4.11.3 Getinge (Maquet) Business Operation Conditions
                Table Business Operation of Getinge (Maquet) (Sales Revenue, Sales Volume, Price, Cost, Gross Margin)
    4.12 Berlin Heart (Company Profile, Sales Data etc.)
        4.12.1 Berlin Heart Profile
                Table Berlin Heart Overview List
        4.12.2 Berlin Heart Products & Services
        4.12.3 Berlin Heart Business Operation Conditions
                Table Business Operation of Berlin Heart (Sales Revenue, Cost, Gross Margin)
5 Market Competition
    5.1 Company Competition
                Table Global Cardiac Care Medical Equipments Sales Revenue 2016-2020, by Company, in USD Million
                Table Global Cardiac Care Medical Equipments Sales Revenue Share 2016-2020, by Company, in USD Million
                Figure Global Cardiac Care Medical Equipments Sales Revenue Share in 2020, by Company, in USD Million
                Table Global Cardiac Care Medical Equipments Sales Volume 2016-2020, by Company, in Volume
                Table Global Cardiac Care Medical Equipments Sales Volume Share 2016-2020, by Company, in Volume
                Figure Global Cardiac Care Medical Equipments Sales Volume Share in 2020, by Company, in Volume
    5.2 Regional Market by Company
                Figure North America Cardiac Care Medical Equipments Market Concentration, in 2020
                Figure Europe Cardiac Care Medical Equipments Market Market Concentration, in 2020
                Figure Asia-Pacific Cardiac Care Medical Equipments MMarket Concentration, in 2020
                Figure South America Cardiac Care Medical Equipments Market Concentration, in 2020
                Figure Middle East & Africa Cardiac Care Medical Equipments Market Concentration, in 2020
6 Demand by End Market
    6.1 Demand Situation
        6.1.1 Demand in Hospital
                Figure Cardiac Care Medical Equipments Demand in Hospital, 2016-2020, in USD Million
                Figure Cardiac Care Medical Equipments Demand in Hospital, 2016-2020, in Volume
        6.1.2 Demand in Clinic
                Figure Cardiac Care Medical Equipments Demand in Clinic, 2016-2020, in USD Million
                Figure Cardiac Care Medical Equipments Demand in Clinic, 2016-2020, in Volume
    6.2 Regional Demand Comparison
                Table Regional Demand Comparison List
                Table Major Application in Different Regions
    6.3 Demand Forecast
                Table Cardiac Care Medical Equipments Demand Forecast 2021-2026, by Application, in USD Million
                Figure Cardiac Care Medical Equipments Market Growth 2021-2026, by Application, in USD Million
                Figure Cardiac Care Medical Equipments Market Share in 2026, by Application, in USD Million
                Table Cardiac Care Medical Equipments Demand Forecast 2021-2026, by Application, in Volume
                Table Cardiac Care Medical Equipments Market Growth 2021-2026, by Application, in Volume
                Table Cardiac Care Medical Equipments Market Share in 2026, by Application, in Volume
    6.4 Impact of the COVID-19 on the Demand
7 Region Operation
    7.1 Regional Production
                Table Cardiac Care Medical Equipments Production 2016-2020, by Region, in USD Million
                Table Cardiac Care Medical Equipments Production 2016-2020, by Region, in Volume
    7.2 Regional Market
                Table Global Cardiac Care Medical Equipments Market 2016-2020, by Region, in USD Million
                Table Global Cardiac Care Medical Equipments Market Share 2016-2020, by Region, in USD Million
                Table Global Cardiac Care Medical Equipments Market 2016-2020, by Region, in Volume
                Table Global Cardiac Care Medical Equipments Market Share 2016-2020, by Region, in Volume
    7.3 by Region
        7.3.1 North America
            7.3.1.1 Overview
                Figure North America Cardiac Care Medical Equipments Market Size and Growth 2016-2020, in USD Million
                Figure North America Cardiac Care Medical Equipments Market Size and Growth 2016-2020, in Volume
            7.3.1.2 by Country (U.S., Canada, Mexico)
                Table North America Cardiac Care Medical Equipments Market Size 2016-2020, by Country, in USD Million
                Table North America Cardiac Care Medical Equipments Market Size 2016-2020, by Country, in Volume
        7.3.2 Europe
            7.3.2.1 Overview
                Figure Europe Cardiac Care Medical Equipments Market Size and Growth 2016-2020, in USD Million
                Figure Europe Cardiac Care Medical Equipments Market Size and Growth 2016-2020, in Volume
            7.3.2.2 by Country (Germany, U.K., France, Italy, Russia, Spain etc.)
                Table Europe Cardiac Care Medical Equipments Market Size 2016-2020, by Country, in USD Million
                Table Europe Cardiac Care Medical Equipments Market Size 2016-2020, by Country, in Volume
        7.3.3 Asia-Pacific
            7.3.3.1 Overview
                Figure Asia-Pacific Cardiac Care Medical Equipments Market Size and Growth 2016-2020, in USD Million
                Figure Asia-Pacific Cardiac Care Medical Equipments Market Size and Growth 2016-2020, in Volume
            7.3.3.2 by Country (China, India, Japan, Southeast Asia etc.)
                Table Asia-Pacific Cardiac Care Medical Equipments Market Size 2016-2020, by Country, in USD Million
                Table Asia-Pacific Cardiac Care Medical Equipments Market Size 2016-2020, by Country, in Volume
        7.3.4 South America
            7.3.4.1 Overview
                Figure South America Cardiac Care Medical Equipments Market Size and Growth 2016-2020, in USD Million
                Figure South America Cardiac Care Medical Equipments Market Size and Growth 2016-2020, in Volume
            7.3.4.2 by Country (Brazil, Argentina etc.)
                Table South America Cardiac Care Medical Equipments Market Size 2016-2020, by Country, in USD Million
                Table South America Cardiac Care Medical Equipments Market Size 2016-2020, by Country, in Volume
        7.3.5 Middle East & Africa
            7.3.5.1 Overview
                Figure Middle East & Africa Cardiac Care Medical Equipments Market Size and Growth 2016-2020, in USD Million
                Figure Middle East & Africa Cardiac Care Medical Equipments Market Size and Growth 2016-2020, in Volume
            7.3.5.2 by Country (Saudi Arabia, South Africa etc.)
                Table Middle East & Africa Cardiac Care Medical Equipments Market Size 2016-2020, by Country, in USD Million
                Table Middle East & Africa Cardiac Care Medical Equipments Market Size 2016-2020, by Country, in Volume
    7.4 Regional Import & Export
    7.5 Regional Forecast
                Table Cardiac Care Medical Equipments Market Forecast 2021-2026, by Region, in USD Million
                Table Cardiac Care Medical Equipments Market Forecast 2021-2026, by Region, in Volume
8 Marketing & Price
    8.1 Price and Margin
        8.1.1 Price Trends
        8.1.2 Factors of Price Change
                Table Price Factors List
        8.1.3 Manufacturers Gross Margin Analysis
    8.2 Marketing Channel
                Figure Marketing Channels Overview
9 Research Conclusion","List of Table
1.                Table Upstream Segment of Cardiac Care Medical Equipments
2.                Table Application Segment of Cardiac Care Medical Equipments
3.                Table Global Cardiac Care Medical Equipments Market 2016-2026, by Application, in USD Million
4.                Table Major Company List of Cardiopulmonary Bypass Pumps
5.                Table Major Company List of Cardiac Ultrasound Devices
6.                Table Major Company List of CRM Device
7.                Table Major Company List of External Defibrillators
8.                Table Major Company List of Others
9.                Table Global Cardiac Care Medical Equipments Market 2016-2020, by Type, in USD Million
10.                Table Global Cardiac Care Medical Equipments Market 2016-2020, by Type, in Volume
11.                Table Global Cardiac Care Medical Equipments Market Forecast 2021-2026, by Type, in USD Million
12.                Table Global Cardiac Care Medical Equipments Market Forecast 2021-2026, by Type, in Volume
13.                Table Medtronic Overview List
14.                Table Business Operation of Medtronic (Sales Revenue, Sales Volume, Price, Cost, Gross Margin)
15.                Table St. Jude Medical (Abbott) Overview List
16.                Table Business Operation of St. Jude Medical (Abbott) (Sales Revenue, Sales Volume, Price, Cost, Gross Margin)
17.                Table Boston Scientific Overview List
18.                Table Business Operation of Boston Scientific (Sales Revenue, Sales Volume, Price, Cost, Gross Margin)
19.                Table GE Healthcare Overview List
20.                Table Business Operation of GE Healthcare (Sales Revenue, Sales Volume, Price, Cost, Gross Margin)
21.                Table Philips Healthcare Overview List
22.                Table Business Operation of Philips Healthcare (Sales Revenue, Sales Volume, Price, Cost, Gross Margin)
23.                Table Biotronik, Inc. Overview List
24.                Table Business Operation of Biotronik, Inc. (Sales Revenue, Sales Volume, Price, Cost, Gross Margin)
25.                Table Thoratec Corporation Overview List
26.                Table Business Operation of Thoratec Corporation (Sales Revenue, Sales Volume, Price, Cost, Gross Margin)
27.                Table LivaNova (Sorin) Overview List
28.                Table Business Operation of LivaNova (Sorin) (Sales Revenue, Sales Volume, Price, Cost, Gross Margin)
29.                Table Cardiac Science Overview List
30.                Table Business Operation of Cardiac Science (Sales Revenue, Sales Volume, Price, Cost, Gross Margin)
31.                Table Teleflex Overview List
32.                Table Business Operation of Teleflex (Sales Revenue, Sales Volume, Price, Cost, Gross Margin)
33.                Table Getinge (Maquet) Overview List
34.                Table Business Operation of Getinge (Maquet) (Sales Revenue, Sales Volume, Price, Cost, Gross Margin)
35.                Table Berlin Heart Overview List
36.                Table Business Operation of Berlin Heart (Sales Revenue, Cost, Gross Margin)
37.                Table Global Cardiac Care Medical Equipments Sales Revenue 2016-2020, by Company, in USD Million
38.                Table Global Cardiac Care Medical Equipments Sales Revenue Share 2016-2020, by Company, in USD Million
39.                Table Global Cardiac Care Medical Equipments Sales Volume 2016-2020, by Company, in Volume
40.                Table Global Cardiac Care Medical Equipments Sales Volume Share 2016-2020, by Company, in Volume
41.                Table Regional Demand Comparison List
42.                Table Major Application in Different Regions
43.                Table Cardiac Care Medical Equipments Demand Forecast 2021-2026, by Application, in USD Million
44.                Table Cardiac Care Medical Equipments Demand Forecast 2021-2026, by Application, in Volume
45.                Table Cardiac Care Medical Equipments Market Growth 2021-2026, by Application, in Volume
46.                Table Cardiac Care Medical Equipments Market Share in 2026, by Application, in Volume
47.                Table Cardiac Care Medical Equipments Production 2016-2020, by Region, in USD Million
48.                Table Cardiac Care Medical Equipments Production 2016-2020, by Region, in Volume
49.                Table Global Cardiac Care Medical Equipments Market 2016-2020, by Region, in USD Million
50.                Table Global Cardiac Care Medical Equipments Market Share 2016-2020, by Region, in USD Million
51.                Table Global Cardiac Care Medical Equipments Market 2016-2020, by Region, in Volume
52.                Table Global Cardiac Care Medical Equipments Market Share 2016-2020, by Region, in Volume
53.                Table North America Cardiac Care Medical Equipments Market Size 2016-2020, by Country, in USD Million
54.                Table North America Cardiac Care Medical Equipments Market Size 2016-2020, by Country, in Volume
55.                Table Europe Cardiac Care Medical Equipments Market Size 2016-2020, by Country, in USD Million
56.                Table Europe Cardiac Care Medical Equipments Market Size 2016-2020, by Country, in Volume
57.                Table Asia-Pacific Cardiac Care Medical Equipments Market Size 2016-2020, by Country, in USD Million
58.                Table Asia-Pacific Cardiac Care Medical Equipments Market Size 2016-2020, by Country, in Volume
59.                Table South America Cardiac Care Medical Equipments Market Size 2016-2020, by Country, in USD Million
60.                Table South America Cardiac Care Medical Equipments Market Size 2016-2020, by Country, in Volume
61.                Table Middle East & Africa Cardiac Care Medical Equipments Market Size 2016-2020, by Country, in USD Million
62.                Table Middle East & Africa Cardiac Care Medical Equipments Market Size 2016-2020, by Country, in Volume
63.                Table Cardiac Care Medical Equipments Market Forecast 2021-2026, by Region, in USD Million
64.                Table Cardiac Care Medical Equipments Market Forecast 2021-2026, by Region, in Volume
65.                Table Price Factors List","List of Figure
1.                Figure Cardiac Care Medical Equipments Industry Chain Structure
2.                Figure Global Cardiac Care Medical Equipments Market Growth 2016-2020, by Type, in USD Million
3.                Figure Global Cardiac Care Medical Equipments Market Growth 2016-2020, by Type, in Volume
4.                Figure Global Cardiac Care Medical Equipments Sales Revenue Share in 2020, by Company, in USD Million
5.                Figure Global Cardiac Care Medical Equipments Sales Volume Share in 2020, by Company, in Volume
6.                Figure North America Cardiac Care Medical Equipments Market Concentration, in 2020
7.                Figure Europe Cardiac Care Medical Equipments Market Market Concentration, in 2020
8.                Figure Asia-Pacific Cardiac Care Medical Equipments MMarket Concentration, in 2020
9.                Figure South America Cardiac Care Medical Equipments Market Concentration, in 2020
10.                Figure Middle East & Africa Cardiac Care Medical Equipments Market Concentration, in 2020
11.                Figure Cardiac Care Medical Equipments Demand in Hospital, 2016-2020, in USD Million
12.                Figure Cardiac Care Medical Equipments Demand in Hospital, 2016-2020, in Volume
13.                Figure Cardiac Care Medical Equipments Demand in Clinic, 2016-2020, in USD Million
14.                Figure Cardiac Care Medical Equipments Demand in Clinic, 2016-2020, in Volume
15.                Figure Cardiac Care Medical Equipments Market Growth 2021-2026, by Application, in USD Million
16.                Figure Cardiac Care Medical Equipments Market Share in 2026, by Application, in USD Million
17.                Figure North America Cardiac Care Medical Equipments Market Size and Growth 2016-2020, in USD Million
18.                Figure North America Cardiac Care Medical Equipments Market Size and Growth 2016-2020, in Volume
19.                Figure Europe Cardiac Care Medical Equipments Market Size and Growth 2016-2020, in USD Million
20.                Figure Europe Cardiac Care Medical Equipments Market Size and Growth 2016-2020, in Volume
21.                Figure Asia-Pacific Cardiac Care Medical Equipments Market Size and Growth 2016-2020, in USD Million
22.                Figure Asia-Pacific Cardiac Care Medical Equipments Market Size and Growth 2016-2020, in Volume
23.                Figure South America Cardiac Care Medical Equipments Market Size and Growth 2016-2020, in USD Million
24.                Figure South America Cardiac Care Medical Equipments Market Size and Growth 2016-2020, in Volume
25.                Figure Middle East & Africa Cardiac Care Medical Equipments Market Size and Growth 2016-2020, in USD Million
26.                Figure Middle East & Africa Cardiac Care Medical Equipments Market Size and Growth 2016-2020, in Volume
27.                Figure Marketing Channels Overview","$2,980 ","$5,960 ","$5,960 ",99SGL298Lif20210200024821
7-Apr-21,"Chemical & Material","Global Cationic Etherification Agent Market Analysis 2016-2020 and Forecast 2021-2026","Snapshot
The global Cationic Etherification Agent market size is estimated at xxx million USD with a CAGR xx% from 2016-2020 and is expected to reach xxx Million USD in 2021 with a CAGR xx% from 2021 to 2026. The report begins from overview of Industry Chain structure, and describes industry environment, then analyses market size and forecast of Cationic Etherification Agent by product, region and application, in addition, this report introduces market competition situation among the vendors and company profile, besides, market price analysis and value chain features are covered in this report.
Product Type Coverage (Market Size & Forecast, Major Company of Product Type etc.):
        Solid Cationic Etherification Agent
        Liquid Cationic Etherification Agent
Company Coverage (Company Profile, Sales Revenue, Price, Gross Margin, Main Products etc.):
        Dow Chemical Company
        Yanzhou Tiancheng
        Guofeng Fine Chemicals
        ShuGuang
        Aoerter Chemical
        J&M Chemical
        Chuan Sheng Technology
        Juneng
        Mingxing
Application Coverage (Market Size & Forecast, Different Demand Market by Region, Main Consumer Profile etc.):
        Papermaking Industry
        Textile Industry
        Water Treatment Industry
        Others
Region Coverage (Regional Production, Demand & Forecast by Countries etc.):
        North America (U.S., Canada, Mexico)
        Europe (Germany, U.K., France, Italy, Russia, Spain etc.)
        Asia-Pacific (China, India, Japan, Southeast Asia etc.)
        South America (Brazil, Argentina etc.)
        Middle East & Africa (Saudi Arabia, South Africa etc.)",95,"Table of Contents
1 Industry Overview
    1.1 Cationic Etherification Agent Industry
                Figure Cationic Etherification Agent Industry Chain Structure
        1.1.1 Overview
        1.1.2 Development of Cationic Etherification Agent
    1.2 Market Segment
        1.2.1 Upstream
                Table Upstream Segment of Cationic Etherification Agent
        1.2.2 Downstream
                Table Application Segment of Cationic Etherification Agent
                Table Global Cationic Etherification Agent Market 2016-2026, by Application, in USD Million
        1.2.3 COVID-19 Impact
    1.3 Cost Analysis
2 Industry Environment (PEST Analysis)
    2.1 Policy
    2.2 Economics
    2.3 Sociology
    2.4 Technology
3 Cationic Etherification Agent Market by Type
    3.1 By Type
        3.1.1 Solid Cationic Etherification Agent
                Table Major Company List of Solid Cationic Etherification Agent
        3.1.2 Liquid Cationic Etherification Agent
                Table Major Company List of Liquid Cationic Etherification Agent
    3.2 Market Size
                Table Global Cationic Etherification Agent Market 2016-2020, by Type, in USD Million
                Figure Global Cationic Etherification Agent Market Growth 2016-2020, by Type, in USD Million
                Table Global Cationic Etherification Agent Market 2016-2020, by Type, in Volume
                Figure Global Cationic Etherification Agent Market Growth 2016-2020, by Type, in Volume
    3.3 Market Forecast
                Table Global Cationic Etherification Agent Market Forecast 2021-2026, by Type, in USD Million
                Table Global Cationic Etherification Agent Market Forecast 2021-2026, by Type, in Volume
4 Major Companies List
    4.1 Dow Chemical Company (Company Profile, Sales Data etc.)
        4.1.1 Dow Chemical Company Profile
                Table Dow Chemical Company Overview List
        4.1.2 Dow Chemical Company Products & Services
        4.1.3 Dow Chemical Company Business Operation Conditions
                Table Business Operation of Dow Chemical Company (Sales Revenue, Sales Volume, Price, Cost, Gross Margin)
    4.2 Yanzhou Tiancheng (Company Profile, Sales Data etc.)
        4.2.1 Yanzhou Tiancheng Profile
                Table Yanzhou Tiancheng Overview List
        4.2.2 Yanzhou Tiancheng Products & Services
        4.2.3 Yanzhou Tiancheng Business Operation Conditions
                Table Business Operation of Yanzhou Tiancheng (Sales Revenue, Sales Volume, Price, Cost, Gross Margin)
    4.3 Guofeng Fine Chemicals (Company Profile, Sales Data etc.)
        4.3.1 Guofeng Fine Chemicals Profile
                Table Guofeng Fine Chemicals Overview List
        4.3.2 Guofeng Fine Chemicals Products & Services
        4.3.3 Guofeng Fine Chemicals Business Operation Conditions
                Table Business Operation of Guofeng Fine Chemicals (Sales Revenue, Sales Volume, Price, Cost, Gross Margin)
    4.4 ShuGuang (Company Profile, Sales Data etc.)
        4.4.1 ShuGuang Profile
                Table ShuGuang Overview List
        4.4.2 ShuGuang Products & Services
        4.4.3 ShuGuang Business Operation Conditions
                Table Business Operation of ShuGuang (Sales Revenue, Sales Volume, Price, Cost, Gross Margin)
    4.5 Aoerter Chemical (Company Profile, Sales Data etc.)
        4.5.1 Aoerter Chemical Profile
                Table Aoerter Chemical Overview List
        4.5.2 Aoerter Chemical Products & Services
        4.5.3 Aoerter Chemical Business Operation Conditions
                Table Business Operation of Aoerter Chemical (Sales Revenue, Sales Volume, Price, Cost, Gross Margin)
    4.6 J&M Chemical (Company Profile, Sales Data etc.)
        4.6.1 J&M Chemical Profile
                Table J&M Chemical Overview List
        4.6.2 J&M Chemical Products & Services
        4.6.3 J&M Chemical Business Operation Conditions
                Table Business Operation of J&M Chemical (Sales Revenue, Sales Volume, Price, Cost, Gross Margin)
    4.7 Chuan Sheng Technology (Company Profile, Sales Data etc.)
        4.7.1 Chuan Sheng Technology Profile
                Table Chuan Sheng Technology Overview List
        4.7.2 Chuan Sheng Technology Products & Services
        4.7.3 Chuan Sheng Technology Business Operation Conditions
                Table Business Operation of Chuan Sheng Technology (Sales Revenue, Sales Volume, Price, Cost, Gross Margin)
    4.8 Juneng (Company Profile, Sales Data etc.)
        4.8.1 Juneng Profile
                Table Juneng Overview List
        4.8.2 Juneng Products & Services
        4.8.3 Juneng Business Operation Conditions
                Table Business Operation of Juneng (Sales Revenue, Sales Volume, Price, Cost, Gross Margin)
    4.9 Mingxing (Company Profile, Sales Data etc.)
        4.9.1 Mingxing Profile
                Table Mingxing Overview List
        4.9.2 Mingxing Products & Services
        4.9.3 Mingxing Business Operation Conditions
                Table Business Operation of Mingxing (Sales Revenue, Sales Volume, Price, Cost, Gross Margin)
5 Market Competition
    5.1 Company Competition
                Table Global Cationic Etherification Agent Sales Revenue 2016-2020, by Company, in USD Million
                Table Global Cationic Etherification Agent Sales Revenue Share 2016-2020, by Company, in USD Million
                Figure Global Cationic Etherification Agent Sales Revenue Share in 2020, by Company, in USD Million
                Table Global Cationic Etherification Agent Sales Volume 2016-2020, by Company, in Volume
                Table Global Cationic Etherification Agent Sales Volume Share 2016-2020, by Company, in Volume
                Figure Global Cationic Etherification Agent Sales Volume Share in 2020, by Company, in Volume
    5.2 Regional Market by Company
                Figure North America Cationic Etherification Agent Market Concentration, in 2020
                Figure Europe Cationic Etherification Agent Market Market Concentration, in 2020
                Figure Asia-Pacific Cationic Etherification Agent MMarket Concentration, in 2020
                Figure South America Cationic Etherification Agent Market Concentration, in 2020
                Figure Middle East & Africa Cationic Etherification Agent Market Concentration, in 2020
6 Demand by End Market
    6.1 Demand Situation
        6.1.1 Demand in Papermaking Industry
                Figure Cationic Etherification Agent Demand in Papermaking Industry, 2016-2020, in USD Million
                Figure Cationic Etherification Agent Demand in Papermaking Industry, 2016-2020, in Volume
        6.1.2 Demand in Textile Industry
                Figure Cationic Etherification Agent Demand in Textile Industry, 2016-2020, in USD Million
                Figure Cationic Etherification Agent Demand in Textile Industry, 2016-2020, in Volume
        6.1.3 Demand in Water Treatment Industry
                Figure Cationic Etherification Agent Demand in Water Treatment Industry, 2016-2020, in USD Million
                Figure Cationic Etherification Agent Demand in Water Treatment Industry, 2016-2020, in Volume
        6.1.4 Demand in Others
                Figure Cationic Etherification Agent Demand in Others, 2016-2020, in USD Million
                Figure Cationic Etherification Agent Demand in Others, 2016-2020, in Volume
    6.2 Regional Demand Comparison
                Table Regional Demand Comparison List
                Table Major Application in Different Regions
    6.3 Demand Forecast
                Table Cationic Etherification Agent Demand Forecast 2021-2026, by Application, in USD Million
                Figure Cationic Etherification Agent Market Growth 2021-2026, by Application, in USD Million
                Figure Cationic Etherification Agent Market Share in 2026, by Application, in USD Million
                Table Cationic Etherification Agent Demand Forecast 2021-2026, by Application, in Volume
                Table Cationic Etherification Agent Market Growth 2021-2026, by Application, in Volume
                Table Cationic Etherification Agent Market Share in 2026, by Application, in Volume
    6.4 Impact of the COVID-19 on the Demand
7 Region Operation
    7.1 Regional Production
                Table Cationic Etherification Agent Production 2016-2020, by Region, in USD Million
                Table Cationic Etherification Agent Production 2016-2020, by Region, in Volume
    7.2 Regional Market
                Table Global Cationic Etherification Agent Market 2016-2020, by Region, in USD Million
                Table Global Cationic Etherification Agent Market Share 2016-2020, by Region, in USD Million
                Table Global Cationic Etherification Agent Market 2016-2020, by Region, in Volume
                Table Global Cationic Etherification Agent Market Share 2016-2020, by Region, in Volume
    7.3 by Region
        7.3.1 North America
            7.3.1.1 Overview
                Figure North America Cationic Etherification Agent Market Size and Growth 2016-2020, in USD Million
                Figure North America Cationic Etherification Agent Market Size and Growth 2016-2020, in Volume
            7.3.1.2 by Country (U.S., Canada, Mexico)
                Table North America Cationic Etherification Agent Market Size 2016-2020, by Country, in USD Million
                Table North America Cationic Etherification Agent Market Size 2016-2020, by Country, in Volume
        7.3.2 Europe
            7.3.2.1 Overview
                Figure Europe Cationic Etherification Agent Market Size and Growth 2016-2020, in USD Million
                Figure Europe Cationic Etherification Agent Market Size and Growth 2016-2020, in Volume
            7.3.2.2 by Country (Germany, U.K., France, Italy, Russia, Spain etc.)
                Table Europe Cationic Etherification Agent Market Size 2016-2020, by Country, in USD Million
                Table Europe Cationic Etherification Agent Market Size 2016-2020, by Country, in Volume
        7.3.3 Asia-Pacific
            7.3.3.1 Overview
                Figure Asia-Pacific Cationic Etherification Agent Market Size and Growth 2016-2020, in USD Million
                Figure Asia-Pacific Cationic Etherification Agent Market Size and Growth 2016-2020, in Volume
            7.3.3.2 by Country (China, India, Japan, Southeast Asia etc.)
                Table Asia-Pacific Cationic Etherification Agent Market Size 2016-2020, by Country, in USD Million
                Table Asia-Pacific Cationic Etherification Agent Market Size 2016-2020, by Country, in Volume
        7.3.4 South America
            7.3.4.1 Overview
                Figure South America Cationic Etherification Agent Market Size and Growth 2016-2020, in USD Million
                Figure South America Cationic Etherification Agent Market Size and Growth 2016-2020, in Volume
            7.3.4.2 by Country (Brazil, Argentina etc.)
                Table South America Cationic Etherification Agent Market Size 2016-2020, by Country, in USD Million
                Table South America Cationic Etherification Agent Market Size 2016-2020, by Country, in Volume
        7.3.5 Middle East & Africa
            7.3.5.1 Overview
                Figure Middle East & Africa Cationic Etherification Agent Market Size and Growth 2016-2020, in USD Million
                Figure Middle East & Africa Cationic Etherification Agent Market Size and Growth 2016-2020, in Volume
            7.3.5.2 by Country (Saudi Arabia, South Africa etc.)
                Table Middle East & Africa Cationic Etherification Agent Market Size 2016-2020, by Country, in USD Million
                Table Middle East & Africa Cationic Etherification Agent Market Size 2016-2020, by Country, in Volume
    7.4 Regional Import & Export
    7.5 Regional Forecast
                Table Cationic Etherification Agent Market Forecast 2021-2026, by Region, in USD Million
                Table Cationic Etherification Agent Market Forecast 2021-2026, by Region, in Volume
8 Marketing & Price
    8.1 Price and Margin
        8.1.1 Price Trends
        8.1.2 Factors of Price Change
                Table Price Factors List
        8.1.3 Manufacturers Gross Margin Analysis
    8.2 Marketing Channel
                Figure Marketing Channels Overview
9 Research Conclusion","List of Table
1.                Table Upstream Segment of Cationic Etherification Agent
2.                Table Application Segment of Cationic Etherification Agent
3.                Table Global Cationic Etherification Agent Market 2016-2026, by Application, in USD Million
4.                Table Major Company List of Liquid Cationic Etherification Agent
5.                Table Global Cationic Etherification Agent Market 2016-2020, by Type, in USD Million
6.                Table Global Cationic Etherification Agent Market 2016-2020, by Type, in Volume
7.                Table Global Cationic Etherification Agent Market Forecast 2021-2026, by Type, in USD Million
8.                Table Global Cationic Etherification Agent Market Forecast 2021-2026, by Type, in Volume
9.                Table Dow Chemical Company Overview List
10.                Table Business Operation of Dow Chemical Company (Sales Revenue, Sales Volume, Price, Cost, Gross Margin)
11.                Table Yanzhou Tiancheng Overview List
12.                Table Business Operation of Yanzhou Tiancheng (Sales Revenue, Sales Volume, Price, Cost, Gross Margin)
13.                Table Guofeng Fine Chemicals Overview List
14.                Table Business Operation of Guofeng Fine Chemicals (Sales Revenue, Sales Volume, Price, Cost, Gross Margin)
15.                Table ShuGuang Overview List
16.                Table Business Operation of ShuGuang (Sales Revenue, Sales Volume, Price, Cost, Gross Margin)
17.                Table Aoerter Chemical Overview List
18.                Table Business Operation of Aoerter Chemical (Sales Revenue, Sales Volume, Price, Cost, Gross Margin)
19.                Table J&M Chemical Overview List
20.                Table Business Operation of J&M Chemical (Sales Revenue, Sales Volume, Price, Cost, Gross Margin)
21.                Table Chuan Sheng Technology Overview List
22.                Table Business Operation of Chuan Sheng Technology (Sales Revenue, Sales Volume, Price, Cost, Gross Margin)
23.                Table Juneng Overview List
24.                Table Business Operation of Juneng (Sales Revenue, Sales Volume, Price, Cost, Gross Margin)
25.                Table Mingxing Overview List
26.                Table Business Operation of Mingxing (Sales Revenue, Sales Volume, Price, Cost, Gross Margin)
27.                Table Global Cationic Etherification Agent Sales Revenue 2016-2020, by Company, in USD Million
28.                Table Global Cationic Etherification Agent Sales Revenue Share 2016-2020, by Company, in USD Million
29.                Table Global Cationic Etherification Agent Sales Volume 2016-2020, by Company, in Volume
30.                Table Global Cationic Etherification Agent Sales Volume Share 2016-2020, by Company, in Volume
31.                Table Regional Demand Comparison List
32.                Table Major Application in Different Regions
33.                Table Cationic Etherification Agent Demand Forecast 2021-2026, by Application, in USD Million
34.                Table Cationic Etherification Agent Demand Forecast 2021-2026, by Application, in Volume
35.                Table Cationic Etherification Agent Market Growth 2021-2026, by Application, in Volume
36.                Table Cationic Etherification Agent Market Share in 2026, by Application, in Volume
37.                Table Cationic Etherification Agent Production 2016-2020, by Region, in USD Million
38.                Table Cationic Etherification Agent Production 2016-2020, by Region, in Volume
39.                Table Global Cationic Etherification Agent Market 2016-2020, by Region, in USD Million
40.                Table Global Cationic Etherification Agent Market Share 2016-2020, by Region, in USD Million
41.                Table Global Cationic Etherification Agent Market 2016-2020, by Region, in Volume
42.                Table Global Cationic Etherification Agent Market Share 2016-2020, by Region, in Volume
43.                Table North America Cationic Etherification Agent Market Size 2016-2020, by Country, in USD Million
44.                Table North America Cationic Etherification Agent Market Size 2016-2020, by Country, in Volume
45.                Table Europe Cationic Etherification Agent Market Size 2016-2020, by Country, in USD Million
46.                Table Europe Cationic Etherification Agent Market Size 2016-2020, by Country, in Volume
47.                Table Asia-Pacific Cationic Etherification Agent Market Size 2016-2020, by Country, in USD Million
48.                Table Asia-Pacific Cationic Etherification Agent Market Size 2016-2020, by Country, in Volume
49.                Table South America Cationic Etherification Agent Market Size 2016-2020, by Country, in USD Million
50.                Table South America Cationic Etherification Agent Market Size 2016-2020, by Country, in Volume
51.                Table Middle East & Africa Cationic Etherification Agent Market Size 2016-2020, by Country, in USD Million
52.                Table Middle East & Africa Cationic Etherification Agent Market Size 2016-2020, by Country, in Volume
53.                Table Cationic Etherification Agent Market Forecast 2021-2026, by Region, in USD Million
54.                Table Cationic Etherification Agent Market Forecast 2021-2026, by Region, in Volume
55.                Table Price Factors List","List of Figure
1.                Figure Cationic Etherification Agent Industry Chain Structure
2.                Figure Global Cationic Etherification Agent Market Growth 2016-2020, by Type, in USD Million
3.                Figure Global Cationic Etherification Agent Market Growth 2016-2020, by Type, in Volume
4.                Figure Global Cationic Etherification Agent Sales Revenue Share in 2020, by Company, in USD Million
5.                Figure Global Cationic Etherification Agent Sales Volume Share in 2020, by Company, in Volume
6.                Figure North America Cationic Etherification Agent Market Concentration, in 2020
7.                Figure Europe Cationic Etherification Agent Market Market Concentration, in 2020
8.                Figure Asia-Pacific Cationic Etherification Agent MMarket Concentration, in 2020
9.                Figure South America Cationic Etherification Agent Market Concentration, in 2020
10.                Figure Middle East & Africa Cationic Etherification Agent Market Concentration, in 2020
11.                Figure Cationic Etherification Agent Demand in Papermaking Industry, 2016-2020, in USD Million
12.                Figure Cationic Etherification Agent Demand in Papermaking Industry, 2016-2020, in Volume
13.                Figure Cationic Etherification Agent Demand in Textile Industry, 2016-2020, in USD Million
14.                Figure Cationic Etherification Agent Demand in Textile Industry, 2016-2020, in Volume
15.                Figure Cationic Etherification Agent Demand in Water Treatment Industry, 2016-2020, in USD Million
16.                Figure Cationic Etherification Agent Demand in Water Treatment Industry, 2016-2020, in Volume
17.                Figure Cationic Etherification Agent Demand in Others, 2016-2020, in USD Million
18.                Figure Cationic Etherification Agent Demand in Others, 2016-2020, in Volume
19.                Figure Cationic Etherification Agent Market Growth 2021-2026, by Application, in USD Million
20.                Figure Cationic Etherification Agent Market Share in 2026, by Application, in USD Million
21.                Figure North America Cationic Etherification Agent Market Size and Growth 2016-2020, in USD Million
22.                Figure North America Cationic Etherification Agent Market Size and Growth 2016-2020, in Volume
23.                Figure Europe Cationic Etherification Agent Market Size and Growth 2016-2020, in USD Million
24.                Figure Europe Cationic Etherification Agent Market Size and Growth 2016-2020, in Volume
25.                Figure Asia-Pacific Cationic Etherification Agent Market Size and Growth 2016-2020, in USD Million
26.                Figure Asia-Pacific Cationic Etherification Agent Market Size and Growth 2016-2020, in Volume
27.                Figure South America Cationic Etherification Agent Market Size and Growth 2016-2020, in USD Million
28.                Figure South America Cationic Etherification Agent Market Size and Growth 2016-2020, in Volume
29.                Figure Middle East & Africa Cationic Etherification Agent Market Size and Growth 2016-2020, in USD Million
30.                Figure Middle East & Africa Cationic Etherification Agent Market Size and Growth 2016-2020, in Volume
31.                Figure Marketing Channels Overview","$2,980 ","$5,960 ","$5,960 ",99SGL298Che20210200024822
7-Apr-21,"Life & Medical","Global cDNA Clone Vectors Market Analysis 2016-2020 and Forecast 2021-2026","Snapshot
The global cDNA Clone Vectors market size is estimated at xxx million USD with a CAGR xx% from 2016-2020 and is expected to reach xxx Million USD in 2021 with a CAGR xx% from 2021 to 2026. The report begins from overview of Industry Chain structure, and describes industry environment, then analyses market size and forecast of cDNA Clone Vectors by product, region and application, in addition, this report introduces market competition situation among the vendors and company profile, besides, market price analysis and value chain features are covered in this report.
Product Type Coverage (Market Size & Forecast, Major Company of Product Type etc.):
        Rat
        Cat
        Horse
        Dog
        Monkey
        Human
        Others
Company Coverage (Company Profile, Sales Revenue, Price, Gross Margin, Main Products etc.):
        R&D Systems
        OriGene
        Biocompare
        Genecopoeia
        SinoBiological
        Youbio
        ebioEasy
        Vigene Bioscience
        View-Solid Biotech
Application Coverage (Market Size & Forecast, Different Demand Market by Region, Main Consumer Profile etc.):
        Research
        Commercial
        Others
Region Coverage (Regional Production, Demand & Forecast by Countries etc.):
        North America (U.S., Canada, Mexico)
        Europe (Germany, U.K., France, Italy, Russia, Spain etc.)
        Asia-Pacific (China, India, Japan, Southeast Asia etc.)
        South America (Brazil, Argentina etc.)
        Middle East & Africa (Saudi Arabia, South Africa etc.)",94,"Table of Contents
1 Industry Overview
    1.1 cDNA Clone Vectors Industry
                Figure cDNA Clone Vectors Industry Chain Structure
        1.1.1 Overview
        1.1.2 Development of cDNA Clone Vectors
    1.2 Market Segment
        1.2.1 Upstream
                Table Upstream Segment of cDNA Clone Vectors
        1.2.2 Downstream
                Table Application Segment of cDNA Clone Vectors
                Table Global cDNA Clone Vectors Market 2016-2026, by Application, in USD Million
        1.2.3 COVID-19 Impact
    1.3 Cost Analysis
2 Industry Environment (PEST Analysis)
    2.1 Policy
    2.2 Economics
    2.3 Sociology
    2.4 Technology
3 cDNA Clone Vectors Market by Type
    3.1 By Type
        3.1.1 Rat
                Table Major Company List of Rat
        3.1.2 Cat
                Table Major Company List of Cat
        3.1.3 Horse
                Table Major Company List of Horse
        3.1.4 Dog
                Table Major Company List of Dog
        3.1.5 Monkey
                Table Major Company List of Monkey
        3.1.6 Human
                Table Major Company List of Human
        3.1.7 Others
                Table Major Company List of Others
    3.2 Market Size
                Table Global cDNA Clone Vectors Market 2016-2020, by Type, in USD Million
                Figure Global cDNA Clone Vectors Market Growth 2016-2020, by Type, in USD Million
                Table Global cDNA Clone Vectors Market 2016-2020, by Type, in Volume
                Figure Global cDNA Clone Vectors Market Growth 2016-2020, by Type, in Volume
    3.3 Market Forecast
                Table Global cDNA Clone Vectors Market Forecast 2021-2026, by Type, in USD Million
                Table Global cDNA Clone Vectors Market Forecast 2021-2026, by Type, in Volume
4 Major Companies List
    4.1 R&D Systems (Company Profile, Sales Data etc.)
        4.1.1 R&D Systems Profile
                Table R&D Systems Overview List
        4.1.2 R&D Systems Products & Services
        4.1.3 R&D Systems Business Operation Conditions
                Table Business Operation of R&D Systems (Sales Revenue, Sales Volume, Price, Cost, Gross Margin)
    4.2 OriGene (Company Profile, Sales Data etc.)
        4.2.1 OriGene Profile
                Table OriGene Overview List
        4.2.2 OriGene Products & Services
        4.2.3 OriGene Business Operation Conditions
                Table Business Operation of OriGene (Sales Revenue, Sales Volume, Price, Cost, Gross Margin)
    4.3 Biocompare (Company Profile, Sales Data etc.)
        4.3.1 Biocompare Profile
                Table Biocompare Overview List
        4.3.2 Biocompare Products & Services
        4.3.3 Biocompare Business Operation Conditions
                Table Business Operation of Biocompare (Sales Revenue, Sales Volume, Price, Cost, Gross Margin)
    4.4 Genecopoeia (Company Profile, Sales Data etc.)
        4.4.1 Genecopoeia Profile
                Table Genecopoeia Overview List
        4.4.2 Genecopoeia Products & Services
        4.4.3 Genecopoeia Business Operation Conditions
                Table Business Operation of Genecopoeia (Sales Revenue, Sales Volume, Price, Cost, Gross Margin)
    4.5 SinoBiological (Company Profile, Sales Data etc.)
        4.5.1 SinoBiological Profile
                Table SinoBiological Overview List
        4.5.2 SinoBiological Products & Services
        4.5.3 SinoBiological Business Operation Conditions
                Table Business Operation of SinoBiological (Sales Revenue, Sales Volume, Price, Cost, Gross Margin)
    4.6 Youbio (Company Profile, Sales Data etc.)
        4.6.1 Youbio Profile
                Table Youbio Overview List
        4.6.2 Youbio Products & Services
        4.6.3 Youbio Business Operation Conditions
                Table Business Operation of Youbio (Sales Revenue, Sales Volume, Price, Cost, Gross Margin)
    4.7 ebioEasy (Company Profile, Sales Data etc.)
        4.7.1 ebioEasy Profile
                Table ebioEasy Overview List
        4.7.2 ebioEasy Products & Services
        4.7.3 ebioEasy Business Operation Conditions
                Table Business Operation of ebioEasy (Sales Revenue, Sales Volume, Price, Cost, Gross Margin)
    4.8 Vigene Bioscience (Company Profile, Sales Data etc.)
        4.8.1 Vigene Bioscience Profile
                Table Vigene Bioscience Overview List
        4.8.2 Vigene Bioscience Products & Services
        4.8.3 Vigene Bioscience Business Operation Conditions
                Table Business Operation of Vigene Bioscience (Sales Revenue, Sales Volume, Price, Cost, Gross Margin)
    4.9 View-Solid Biotech (Company Profile, Sales Data etc.)
        4.9.1 View-Solid Biotech Profile
                Table View-Solid Biotech Overview List
        4.9.2 View-Solid Biotech Products & Services
        4.9.3 View-Solid Biotech Business Operation Conditions
                Table Business Operation of View-Solid Biotech (Sales Revenue, Sales Volume, Price, Cost, Gross Margin)
5 Market Competition
    5.1 Company Competition
                Table Global cDNA Clone Vectors Sales Revenue 2016-2020, by Company, in USD Million
                Table Global cDNA Clone Vectors Sales Revenue Share 2016-2020, by Company, in USD Million
                Figure Global cDNA Clone Vectors Sales Revenue Share in 2020, by Company, in USD Million
                Table Global cDNA Clone Vectors Sales Volume 2016-2020, by Company, in Volume
                Table Global cDNA Clone Vectors Sales Volume Share 2016-2020, by Company, in Volume
                Figure Global cDNA Clone Vectors Sales Volume Share in 2020, by Company, in Volume
    5.2 Regional Market by Company
                Figure North America cDNA Clone Vectors Market Concentration, in 2020
                Figure Europe cDNA Clone Vectors Market Market Concentration, in 2020
                Figure Asia-Pacific cDNA Clone Vectors MMarket Concentration, in 2020
                Figure South America cDNA Clone Vectors Market Concentration, in 2020
                Figure Middle East & Africa cDNA Clone Vectors Market Concentration, in 2020
6 Demand by End Market
    6.1 Demand Situation
        6.1.1 Demand in Research
                Figure cDNA Clone Vectors Demand in Research, 2016-2020, in USD Million
                Figure cDNA Clone Vectors Demand in Research, 2016-2020, in Volume
        6.1.2 Demand in Commercial
                Figure cDNA Clone Vectors Demand in Commercial, 2016-2020, in USD Million
                Figure cDNA Clone Vectors Demand in Commercial, 2016-2020, in Volume
        6.1.3 Demand in Others
                Figure cDNA Clone Vectors Demand in Others, 2016-2020, in USD Million
                Figure cDNA Clone Vectors Demand in Others, 2016-2020, in Volume
    6.2 Regional Demand Comparison
                Table Regional Demand Comparison List
                Table Major Application in Different Regions
    6.3 Demand Forecast
                Table cDNA Clone Vectors Demand Forecast 2021-2026, by Application, in USD Million
                Figure cDNA Clone Vectors Market Growth 2021-2026, by Application, in USD Million
                Figure cDNA Clone Vectors Market Share in 2026, by Application, in USD Million
                Table cDNA Clone Vectors Demand Forecast 2021-2026, by Application, in Volume
                Table cDNA Clone Vectors Market Growth 2021-2026, by Application, in Volume
                Table cDNA Clone Vectors Market Share in 2026, by Application, in Volume
    6.4 Impact of the COVID-19 on the Demand
7 Region Operation
    7.1 Regional Production
                Table cDNA Clone Vectors Production 2016-2020, by Region, in USD Million
                Table cDNA Clone Vectors Production 2016-2020, by Region, in Volume
    7.2 Regional Market
                Table Global cDNA Clone Vectors Market 2016-2020, by Region, in USD Million
                Table Global cDNA Clone Vectors Market Share 2016-2020, by Region, in USD Million
                Table Global cDNA Clone Vectors Market 2016-2020, by Region, in Volume
                Table Global cDNA Clone Vectors Market Share 2016-2020, by Region, in Volume
    7.3 by Region
        7.3.1 North America
            7.3.1.1 Overview
                Figure North America cDNA Clone Vectors Market Size and Growth 2016-2020, in USD Million
                Figure North America cDNA Clone Vectors Market Size and Growth 2016-2020, in Volume
            7.3.1.2 by Country (U.S., Canada, Mexico)
                Table North America cDNA Clone Vectors Market Size 2016-2020, by Country, in USD Million
                Table North America cDNA Clone Vectors Market Size 2016-2020, by Country, in Volume
        7.3.2 Europe
            7.3.2.1 Overview
                Figure Europe cDNA Clone Vectors Market Size and Growth 2016-2020, in USD Million
                Figure Europe cDNA Clone Vectors Market Size and Growth 2016-2020, in Volume
            7.3.2.2 by Country (Germany, U.K., France, Italy, Russia, Spain etc.)
                Table Europe cDNA Clone Vectors Market Size 2016-2020, by Country, in USD Million
                Table Europe cDNA Clone Vectors Market Size 2016-2020, by Country, in Volume
        7.3.3 Asia-Pacific
            7.3.3.1 Overview
                Figure Asia-Pacific cDNA Clone Vectors Market Size and Growth 2016-2020, in USD Million
                Figure Asia-Pacific cDNA Clone Vectors Market Size and Growth 2016-2020, in Volume
            7.3.3.2 by Country (China, India, Japan, Southeast Asia etc.)
                Table Asia-Pacific cDNA Clone Vectors Market Size 2016-2020, by Country, in USD Million
                Table Asia-Pacific cDNA Clone Vectors Market Size 2016-2020, by Country, in Volume
        7.3.4 South America
            7.3.4.1 Overview
                Figure South America cDNA Clone Vectors Market Size and Growth 2016-2020, in USD Million
                Figure South America cDNA Clone Vectors Market Size and Growth 2016-2020, in Volume
            7.3.4.2 by Country (Brazil, Argentina etc.)
                Table South America cDNA Clone Vectors Market Size 2016-2020, by Country, in USD Million
                Table South America cDNA Clone Vectors Market Size 2016-2020, by Country, in Volume
        7.3.5 Middle East & Africa
            7.3.5.1 Overview
                Figure Middle East & Africa cDNA Clone Vectors Market Size and Growth 2016-2020, in USD Million
                Figure Middle East & Africa cDNA Clone Vectors Market Size and Growth 2016-2020, in Volume
            7.3.5.2 by Country (Saudi Arabia, South Africa etc.)
                Table Middle East & Africa cDNA Clone Vectors Market Size 2016-2020, by Country, in USD Million
                Table Middle East & Africa cDNA Clone Vectors Market Size 2016-2020, by Country, in Volume
    7.4 Regional Import & Export
    7.5 Regional Forecast
                Table cDNA Clone Vectors Market Forecast 2021-2026, by Region, in USD Million
                Table cDNA Clone Vectors Market Forecast 2021-2026, by Region, in Volume
8 Marketing & Price
    8.1 Price and Margin
        8.1.1 Price Trends
        8.1.2 Factors of Price Change
                Table Price Factors List
        8.1.3 Manufacturers Gross Margin Analysis
    8.2 Marketing Channel
                Figure Marketing Channels Overview
9 Research Conclusion","List of Table
1.                Table Upstream Segment of cDNA Clone Vectors
2.                Table Application Segment of cDNA Clone Vectors
3.                Table Global cDNA Clone Vectors Market 2016-2026, by Application, in USD Million
4.                Table Major Company List of Cat
5.                Table Major Company List of Horse
6.                Table Major Company List of Dog
7.                Table Major Company List of Monkey
8.                Table Major Company List of Human
9.                Table Major Company List of Others
10.                Table Global cDNA Clone Vectors Market 2016-2020, by Type, in USD Million
11.                Table Global cDNA Clone Vectors Market 2016-2020, by Type, in Volume
12.                Table Global cDNA Clone Vectors Market Forecast 2021-2026, by Type, in USD Million
13.                Table Global cDNA Clone Vectors Market Forecast 2021-2026, by Type, in Volume
14.                Table R&D Systems Overview List
15.                Table Business Operation of R&D Systems (Sales Revenue, Sales Volume, Price, Cost, Gross Margin)
16.                Table OriGene Overview List
17.                Table Business Operation of OriGene (Sales Revenue, Sales Volume, Price, Cost, Gross Margin)
18.                Table Biocompare Overview List
19.                Table Business Operation of Biocompare (Sales Revenue, Sales Volume, Price, Cost, Gross Margin)
20.                Table Genecopoeia Overview List
21.                Table Business Operation of Genecopoeia (Sales Revenue, Sales Volume, Price, Cost, Gross Margin)
22.                Table SinoBiological Overview List
23.                Table Business Operation of SinoBiological (Sales Revenue, Sales Volume, Price, Cost, Gross Margin)
24.                Table Youbio Overview List
25.                Table Business Operation of Youbio (Sales Revenue, Sales Volume, Price, Cost, Gross Margin)
26.                Table ebioEasy Overview List
27.                Table Business Operation of ebioEasy (Sales Revenue, Sales Volume, Price, Cost, Gross Margin)
28.                Table Vigene Bioscience Overview List
29.                Table Business Operation of Vigene Bioscience (Sales Revenue, Sales Volume, Price, Cost, Gross Margin)
30.                Table View-Solid Biotech Overview List
31.                Table Business Operation of View-Solid Biotech (Sales Revenue, Sales Volume, Price, Cost, Gross Margin)
32.                Table Global cDNA Clone Vectors Sales Revenue 2016-2020, by Company, in USD Million
33.                Table Global cDNA Clone Vectors Sales Revenue Share 2016-2020, by Company, in USD Million
34.                Table Global cDNA Clone Vectors Sales Volume 2016-2020, by Company, in Volume
35.                Table Global cDNA Clone Vectors Sales Volume Share 2016-2020, by Company, in Volume
36.                Table Regional Demand Comparison List
37.                Table Major Application in Different Regions
38.                Table cDNA Clone Vectors Demand Forecast 2021-2026, by Application, in USD Million
39.                Table cDNA Clone Vectors Demand Forecast 2021-2026, by Application, in Volume
40.                Table cDNA Clone Vectors Market Growth 2021-2026, by Application, in Volume
41.                Table cDNA Clone Vectors Market Share in 2026, by Application, in Volume
42.                Table cDNA Clone Vectors Production 2016-2020, by Region, in USD Million
43.                Table cDNA Clone Vectors Production 2016-2020, by Region, in Volume
44.                Table Global cDNA Clone Vectors Market 2016-2020, by Region, in USD Million
45.                Table Global cDNA Clone Vectors Market Share 2016-2020, by Region, in USD Million
46.                Table Global cDNA Clone Vectors Market 2016-2020, by Region, in Volume
47.                Table Global cDNA Clone Vectors Market Share 2016-2020, by Region, in Volume
48.                Table North America cDNA Clone Vectors Market Size 2016-2020, by Country, in USD Million
49.                Table North America cDNA Clone Vectors Market Size 2016-2020, by Country, in Volume
50.                Table Europe cDNA Clone Vectors Market Size 2016-2020, by Country, in USD Million
51.                Table Europe cDNA Clone Vectors Market Size 2016-2020, by Country, in Volume
52.                Table Asia-Pacific cDNA Clone Vectors Market Size 2016-2020, by Country, in USD Million
53.                Table Asia-Pacific cDNA Clone Vectors Market Size 2016-2020, by Country, in Volume
54.                Table South America cDNA Clone Vectors Market Size 2016-2020, by Country, in USD Million
55.                Table South America cDNA Clone Vectors Market Size 2016-2020, by Country, in Volume
56.                Table Middle East & Africa cDNA Clone Vectors Market Size 2016-2020, by Country, in USD Million
57.                Table Middle East & Africa cDNA Clone Vectors Market Size 2016-2020, by Country, in Volume
58.                Table cDNA Clone Vectors Market Forecast 2021-2026, by Region, in USD Million
59.                Table cDNA Clone Vectors Market Forecast 2021-2026, by Region, in Volume
60.                Table Price Factors List","List of Figure
1.                Figure cDNA Clone Vectors Industry Chain Structure
2.                Figure Global cDNA Clone Vectors Market Growth 2016-2020, by Type, in USD Million
3.                Figure Global cDNA Clone Vectors Market Growth 2016-2020, by Type, in Volume
4.                Figure Global cDNA Clone Vectors Sales Revenue Share in 2020, by Company, in USD Million
5.                Figure Global cDNA Clone Vectors Sales Volume Share in 2020, by Company, in Volume
6.                Figure North America cDNA Clone Vectors Market Concentration, in 2020
7.                Figure Europe cDNA Clone Vectors Market Market Concentration, in 2020
8.                Figure Asia-Pacific cDNA Clone Vectors MMarket Concentration, in 2020
9.                Figure South America cDNA Clone Vectors Market Concentration, in 2020
10.                Figure Middle East & Africa cDNA Clone Vectors Market Concentration, in 2020
11.                Figure cDNA Clone Vectors Demand in Research, 2016-2020, in USD Million
12.                Figure cDNA Clone Vectors Demand in Research, 2016-2020, in Volume
13.                Figure cDNA Clone Vectors Demand in Commercial, 2016-2020, in USD Million
14.                Figure cDNA Clone Vectors Demand in Commercial, 2016-2020, in Volume
15.                Figure cDNA Clone Vectors Demand in Others, 2016-2020, in USD Million
16.                Figure cDNA Clone Vectors Demand in Others, 2016-2020, in Volume
17.                Figure cDNA Clone Vectors Market Growth 2021-2026, by Application, in USD Million
18.                Figure cDNA Clone Vectors Market Share in 2026, by Application, in USD Million
19.                Figure North America cDNA Clone Vectors Market Size and Growth 2016-2020, in USD Million
20.                Figure North America cDNA Clone Vectors Market Size and Growth 2016-2020, in Volume
21.                Figure Europe cDNA Clone Vectors Market Size and Growth 2016-2020, in USD Million
22.                Figure Europe cDNA Clone Vectors Market Size and Growth 2016-2020, in Volume
23.                Figure Asia-Pacific cDNA Clone Vectors Market Size and Growth 2016-2020, in USD Million
24.                Figure Asia-Pacific cDNA Clone Vectors Market Size and Growth 2016-2020, in Volume
25.                Figure South America cDNA Clone Vectors Market Size and Growth 2016-2020, in USD Million
26.                Figure South America cDNA Clone Vectors Market Size and Growth 2016-2020, in Volume
27.                Figure Middle East & Africa cDNA Clone Vectors Market Size and Growth 2016-2020, in USD Million
28.                Figure Middle East & Africa cDNA Clone Vectors Market Size and Growth 2016-2020, in Volume
29.                Figure Marketing Channels Overview","$2,980 ","$5,960 ","$5,960 ",99SGL298Lif20210200024823
7-Apr-21,"Life & Medical","Global Stem Cell Umbilical Cord Blood (UCB) Market Analysis 2016-2020 and Forecast 2021-2026","Snapshot
The global Stem Cell Umbilical Cord Blood (UCB) market size is estimated at xxx million USD with a CAGR xx% from 2016-2020 and is expected to reach xxx Million USD in 2021 with a CAGR xx% from 2021 to 2026. The report begins from overview of Industry Chain structure, and describes industry environment, then analyses market size and forecast of Stem Cell Umbilical Cord Blood (UCB) by product, region and application, in addition, this report introduces market competition situation among the vendors and company profile, besides, market price analysis and value chain features are covered in this report.
Product Type Coverage (Market Size & Forecast, Major Company of Product Type etc.):
        Stem Cell Transplant
        Autologous transplant
        Allogenic transplant
        Transplant Medicine
        Regenerative Medicine
        Cord Blood Banking
        Blood Transfusion
        Cell Based Genetics
        Others
Company Coverage (Company Profile, Sales Revenue, Price, Gross Margin, Main Products etc.):
        Advanced Cell Technology
        Athersys
        California Stem Cell
        Cytori Therapeutics
        Mesoblast
        Opexa Therapeutics Geron Corporation
        Neostem
Application Coverage (Market Size & Forecast, Different Demand Market by Region, Main Consumer Profile etc.):
        Therapeutics Service Companies
        Private and Government Research Institutes
        Academic Institutes
        Research Based Pharmaceutical Companies
        Public and Private Cord Blood Banks
Region Coverage (Regional Production, Demand & Forecast by Countries etc.):
        North America (U.S., Canada, Mexico)
        Europe (Germany, U.K., France, Italy, Russia, Spain etc.)
        Asia-Pacific (China, India, Japan, Southeast Asia etc.)
        South America (Brazil, Argentina etc.)
        Middle East & Africa (Saudi Arabia, South Africa etc.)",85,"Table of Contents
1 Industry Overview
    1.1 Stem Cell Umbilical Cord Blood (UCB) Industry
                Figure Stem Cell Umbilical Cord Blood (UCB) Industry Chain Structure
        1.1.1 Overview
        1.1.2 Development of Stem Cell Umbilical Cord Blood (UCB)
    1.2 Market Segment
        1.2.1 Upstream
                Table Upstream Segment of Stem Cell Umbilical Cord Blood (UCB)
        1.2.2 Downstream
                Table Application Segment of Stem Cell Umbilical Cord Blood (UCB)
                Table Global Stem Cell Umbilical Cord Blood (UCB) Market 2016-2026, by Application, in USD Million
        1.2.3 COVID-19 Impact
    1.3 Cost Analysis
2 Industry Environment (PEST Analysis)
    2.1 Policy
    2.2 Economics
    2.3 Sociology
    2.4 Technology
3 Stem Cell Umbilical Cord Blood (UCB) Market by Type
    3.1 By Type
        3.1.1 Stem Cell Transplant
                Table Major Company List of Stem Cell Transplant
        3.1.2 Autologous transplant
                Table Major Company List of Autologous transplant
        3.1.3 Allogenic transplant
                Table Major Company List of Allogenic transplant
        3.1.4 Transplant Medicine
                Table Major Company List of Transplant Medicine
        3.1.5 Regenerative Medicine
                Table Major Company List of Regenerative Medicine
        3.1.6 Cord Blood Banking
                Table Major Company List of Cord Blood Banking
        3.1.7 Blood Transfusion
                Table Major Company List of Blood Transfusion
        3.1.8 Cell Based Genetics
                Table Major Company List of Cell Based Genetics
        3.1.9 Others
                Table Major Company List of Others
    3.2 Market Size
                Table Global Stem Cell Umbilical Cord Blood (UCB) Market 2016-2020, by Type, in USD Million
                Figure Global Stem Cell Umbilical Cord Blood (UCB) Market Growth 2016-2020, by Type, in USD Million
                Table Global Stem Cell Umbilical Cord Blood (UCB) Market 2016-2020, by Type, in Volume
                Figure Global Stem Cell Umbilical Cord Blood (UCB) Market Growth 2016-2020, by Type, in Volume
    3.3 Market Forecast
                Table Global Stem Cell Umbilical Cord Blood (UCB) Market Forecast 2021-2026, by Type, in USD Million
                Table Global Stem Cell Umbilical Cord Blood (UCB) Market Forecast 2021-2026, by Type, in Volume
4 Major Companies List
    4.1 Advanced Cell Technology (Company Profile, Sales Data etc.)
        4.1.1 Advanced Cell Technology Profile
                Table Advanced Cell Technology Overview List
        4.1.2 Advanced Cell Technology Products & Services
        4.1.3 Advanced Cell Technology Business Operation Conditions
                Table Business Operation of Advanced Cell Technology (Sales Revenue, Sales Volume, Price, Cost, Gross Margin)
    4.2 Athersys (Company Profile, Sales Data etc.)
        4.2.1 Athersys Profile
                Table Athersys Overview List
        4.2.2 Athersys Products & Services
        4.2.3 Athersys Business Operation Conditions
                Table Business Operation of Athersys (Sales Revenue, Sales Volume, Price, Cost, Gross Margin)
    4.3 California Stem Cell (Company Profile, Sales Data etc.)
        4.3.1 California Stem Cell Profile
                Table California Stem Cell Overview List
        4.3.2 California Stem Cell Products & Services
        4.3.3 California Stem Cell Business Operation Conditions
                Table Business Operation of California Stem Cell (Sales Revenue, Sales Volume, Price, Cost, Gross Margin)
    4.4 Cytori Therapeutics (Company Profile, Sales Data etc.)
        4.4.1 Cytori Therapeutics Profile
                Table Cytori Therapeutics Overview List
        4.4.2 Cytori Therapeutics Products & Services
        4.4.3 Cytori Therapeutics Business Operation Conditions
                Table Business Operation of Cytori Therapeutics (Sales Revenue, Sales Volume, Price, Cost, Gross Margin)
    4.5 Mesoblast (Company Profile, Sales Data etc.)
        4.5.1 Mesoblast Profile
                Table Mesoblast Overview List
        4.5.2 Mesoblast Products & Services
        4.5.3 Mesoblast Business Operation Conditions
                Table Business Operation of Mesoblast (Sales Revenue, Sales Volume, Price, Cost, Gross Margin)
    4.6 Opexa Therapeutics Geron Corporation (Company Profile, Sales Data etc.)
        4.6.1 Opexa Therapeutics Geron Corporation Profile
                Table Opexa Therapeutics Geron Corporation Overview List
        4.6.2 Opexa Therapeutics Geron Corporation Products & Services
        4.6.3 Opexa Therapeutics Geron Corporation Business Operation Conditions
                Table Business Operation of Opexa Therapeutics Geron Corporation (Sales Revenue, Sales Volume, Price, Cost, Gross Margin)
    4.7 Neostem (Company Profile, Sales Data etc.)
        4.7.1 Neostem Profile
                Table Neostem Overview List
        4.7.2 Neostem Products & Services
        4.7.3 Neostem Business Operation Conditions
                Table Business Operation of Neostem (Sales Revenue, Sales Volume, Price, Cost, Gross Margin)
5 Market Competition
    5.1 Company Competition
                Table Global Stem Cell Umbilical Cord Blood (UCB) Sales Revenue 2016-2020, by Company, in USD Million
                Table Global Stem Cell Umbilical Cord Blood (UCB) Sales Revenue Share 2016-2020, by Company, in USD Million
                Figure Global Stem Cell Umbilical Cord Blood (UCB) Sales Revenue Share in 2020, by Company, in USD Million
                Table Global Stem Cell Umbilical Cord Blood (UCB) Sales Volume 2016-2020, by Company, in Volume
                Table Global Stem Cell Umbilical Cord Blood (UCB) Sales Volume Share 2016-2020, by Company, in Volume
                Figure Global Stem Cell Umbilical Cord Blood (UCB) Sales Volume Share in 2020, by Company, in Volume
    5.2 Regional Market by Company
                Figure North America Stem Cell Umbilical Cord Blood (UCB) Market Concentration, in 2020
                Figure Europe Stem Cell Umbilical Cord Blood (UCB) Market Market Concentration, in 2020
                Figure Asia-Pacific Stem Cell Umbilical Cord Blood (UCB) MMarket Concentration, in 2020
                Figure South America Stem Cell Umbilical Cord Blood (UCB) Market Concentration, in 2020
                Figure Middle East & Africa Stem Cell Umbilical Cord Blood (UCB) Market Concentration, in 2020
6 Demand by End Market
    6.1 Demand Situation
        6.1.1 Demand in Therapeutics Service Companies
                Figure Stem Cell Umbilical Cord Blood (UCB) Demand in Therapeutics Service Companies, 2016-2020, in USD Million
                Figure Stem Cell Umbilical Cord Blood (UCB) Demand in Therapeutics Service Companies, 2016-2020, in Volume
        6.1.2 Demand in Private and Government Research Institutes
                Figure Stem Cell Umbilical Cord Blood (UCB) Demand in Private and Government Research Institutes, 2016-2020, in USD Million
                Figure Stem Cell Umbilical Cord Blood (UCB) Demand in Private and Government Research Institutes, 2016-2020, in Volume
        6.1.3 Demand in Academic Institutes
                Figure Stem Cell Umbilical Cord Blood (UCB) Demand in Academic Institutes, 2016-2020, in USD Million
                Figure Stem Cell Umbilical Cord Blood (UCB) Demand in Academic Institutes, 2016-2020, in Volume
        6.1.4 Demand in Research Based Pharmaceutical Companies
                Figure Stem Cell Umbilical Cord Blood (UCB) Demand in Research Based Pharmaceutical Companies, 2016-2020, in USD Million
                Figure Stem Cell Umbilical Cord Blood (UCB) Demand in Research Based Pharmaceutical Companies, 2016-2020, in Volume
        6.1.5 Demand in Public and Private Cord Blood Banks
                Figure Stem Cell Umbilical Cord Blood (UCB) Demand in Public and Private Cord Blood Banks, 2016-2020, in USD Million
                Figure Stem Cell Umbilical Cord Blood (UCB) Demand in Public and Private Cord Blood Banks, 2016-2020, in Volume
    6.2 Regional Demand Comparison
                Table Regional Demand Comparison List
                Table Major Application in Different Regions
    6.3 Demand Forecast
                Table Stem Cell Umbilical Cord Blood (UCB) Demand Forecast 2021-2026, by Application, in USD Million
                Figure Stem Cell Umbilical Cord Blood (UCB) Market Growth 2021-2026, by Application, in USD Million
                Figure Stem Cell Umbilical Cord Blood (UCB) Market Share in 2026, by Application, in USD Million
                Table Stem Cell Umbilical Cord Blood (UCB) Demand Forecast 2021-2026, by Application, in Volume
                Table Stem Cell Umbilical Cord Blood (UCB) Market Growth 2021-2026, by Application, in Volume
                Table Stem Cell Umbilical Cord Blood (UCB) Market Share in 2026, by Application, in Volume
    6.4 Impact of the COVID-19 on the Demand
7 Region Operation
    7.1 Regional Production
                Table Stem Cell Umbilical Cord Blood (UCB) Production 2016-2020, by Region, in USD Million
                Table Stem Cell Umbilical Cord Blood (UCB) Production 2016-2020, by Region, in Volume
    7.2 Regional Market
                Table Global Stem Cell Umbilical Cord Blood (UCB) Market 2016-2020, by Region, in USD Million
                Table Global Stem Cell Umbilical Cord Blood (UCB) Market Share 2016-2020, by Region, in USD Million
                Table Global Stem Cell Umbilical Cord Blood (UCB) Market 2016-2020, by Region, in Volume
                Table Global Stem Cell Umbilical Cord Blood (UCB) Market Share 2016-2020, by Region, in Volume
    7.3 by Region
        7.3.1 North America
            7.3.1.1 Overview
                Figure North America Stem Cell Umbilical Cord Blood (UCB) Market Size and Growth 2016-2020, in USD Million
                Figure North America Stem Cell Umbilical Cord Blood (UCB) Market Size and Growth 2016-2020, in Volume
            7.3.1.2 by Country (U.S., Canada, Mexico)
                Table North America Stem Cell Umbilical Cord Blood (UCB) Market Size 2016-2020, by Country, in USD Million
                Table North America Stem Cell Umbilical Cord Blood (UCB) Market Size 2016-2020, by Country, in Volume
        7.3.2 Europe
            7.3.2.1 Overview
                Figure Europe Stem Cell Umbilical Cord Blood (UCB) Market Size and Growth 2016-2020, in USD Million
                Figure Europe Stem Cell Umbilical Cord Blood (UCB) Market Size and Growth 2016-2020, in Volume
            7.3.2.2 by Country (Germany, U.K., France, Italy, Russia, Spain etc.)
                Table Europe Stem Cell Umbilical Cord Blood (UCB) Market Size 2016-2020, by Country, in USD Million
                Table Europe Stem Cell Umbilical Cord Blood (UCB) Market Size 2016-2020, by Country, in Volume
        7.3.3 Asia-Pacific
            7.3.3.1 Overview
                Figure Asia-Pacific Stem Cell Umbilical Cord Blood (UCB) Market Size and Growth 2016-2020, in USD Million
                Figure Asia-Pacific Stem Cell Umbilical Cord Blood (UCB) Market Size and Growth 2016-2020, in Volume
            7.3.3.2 by Country (China, India, Japan, Southeast Asia etc.)
                Table Asia-Pacific Stem Cell Umbilical Cord Blood (UCB) Market Size 2016-2020, by Country, in USD Million
                Table Asia-Pacific Stem Cell Umbilical Cord Blood (UCB) Market Size 2016-2020, by Country, in Volume
        7.3.4 South America
            7.3.4.1 Overview
                Figure South America Stem Cell Umbilical Cord Blood (UCB) Market Size and Growth 2016-2020, in USD Million
                Figure South America Stem Cell Umbilical Cord Blood (UCB) Market Size and Growth 2016-2020, in Volume
            7.3.4.2 by Country (Brazil, Argentina etc.)
                Table South America Stem Cell Umbilical Cord Blood (UCB) Market Size 2016-2020, by Country, in USD Million
                Table South America Stem Cell Umbilical Cord Blood (UCB) Market Size 2016-2020, by Country, in Volume
        7.3.5 Middle East & Africa
            7.3.5.1 Overview
                Figure Middle East & Africa Stem Cell Umbilical Cord Blood (UCB) Market Size and Growth 2016-2020, in USD Million
                Figure Middle East & Africa Stem Cell Umbilical Cord Blood (UCB) Market Size and Growth 2016-2020, in Volume
            7.3.5.2 by Country (Saudi Arabia, South Africa etc.)
                Table Middle East & Africa Stem Cell Umbilical Cord Blood (UCB) Market Size 2016-2020, by Country, in USD Million
                Table Middle East & Africa Stem Cell Umbilical Cord Blood (UCB) Market Size 2016-2020, by Country, in Volume
    7.4 Regional Import & Export
    7.5 Regional Forecast
                Table Stem Cell Umbilical Cord Blood (UCB) Market Forecast 2021-2026, by Region, in USD Million
                Table Stem Cell Umbilical Cord Blood (UCB) Market Forecast 2021-2026, by Region, in Volume
8 Marketing & Price
    8.1 Price and Margin
        8.1.1 Price Trends
        8.1.2 Factors of Price Change
                Table Price Factors List
        8.1.3 Manufacturers Gross Margin Analysis
    8.2 Marketing Channel
                Figure Marketing Channels Overview
9 Research Conclusion","List of Table
1.                Table Upstream Segment of Stem Cell Umbilical Cord Blood (UCB)
2.                Table Application Segment of Stem Cell Umbilical Cord Blood (UCB)
3.                Table Global Stem Cell Umbilical Cord Blood (UCB) Market 2016-2026, by Application, in USD Million
4.                Table Major Company List of Autologous transplant
5.                Table Major Company List of Allogenic transplant
6.                Table Major Company List of Transplant Medicine
7.                Table Major Company List of Regenerative Medicine
8.                Table Major Company List of Cord Blood Banking
9.                Table Major Company List of Blood Transfusion
10.                Table Major Company List of Cell Based Genetics
11.                Table Major Company List of Others
12.                Table Global Stem Cell Umbilical Cord Blood (UCB) Market 2016-2020, by Type, in USD Million
13.                Table Global Stem Cell Umbilical Cord Blood (UCB) Market 2016-2020, by Type, in Volume
14.                Table Global Stem Cell Umbilical Cord Blood (UCB) Market Forecast 2021-2026, by Type, in USD Million
15.                Table Global Stem Cell Umbilical Cord Blood (UCB) Market Forecast 2021-2026, by Type, in Volume
16.                Table Advanced Cell Technology Overview List
17.                Table Business Operation of Advanced Cell Technology (Sales Revenue, Sales Volume, Price, Cost, Gross Margin)
18.                Table Athersys Overview List
19.                Table Business Operation of Athersys (Sales Revenue, Sales Volume, Price, Cost, Gross Margin)
20.                Table California Stem Cell Overview List
21.                Table Business Operation of California Stem Cell (Sales Revenue, Sales Volume, Price, Cost, Gross Margin)
22.                Table Cytori Therapeutics Overview List
23.                Table Business Operation of Cytori Therapeutics (Sales Revenue, Sales Volume, Price, Cost, Gross Margin)
24.                Table Mesoblast Overview List
25.                Table Business Operation of Mesoblast (Sales Revenue, Sales Volume, Price, Cost, Gross Margin)
26.                Table Opexa Therapeutics Geron Corporation Overview List
27.                Table Business Operation of Opexa Therapeutics Geron Corporation (Sales Revenue, Sales Volume, Price, Cost, Gross Margin)
28.                Table Neostem Overview List
29.                Table Business Operation of Neostem (Sales Revenue, Sales Volume, Price, Cost, Gross Margin)
30.                Table Global Stem Cell Umbilical Cord Blood (UCB) Sales Revenue 2016-2020, by Company, in USD Million
31.                Table Global Stem Cell Umbilical Cord Blood (UCB) Sales Revenue Share 2016-2020, by Company, in USD Million
32.                Table Global Stem Cell Umbilical Cord Blood (UCB) Sales Volume 2016-2020, by Company, in Volume
33.                Table Global Stem Cell Umbilical Cord Blood (UCB) Sales Volume Share 2016-2020, by Company, in Volume
34.                Table Regional Demand Comparison List
35.                Table Major Application in Different Regions
36.                Table Stem Cell Umbilical Cord Blood (UCB) Demand Forecast 2021-2026, by Application, in USD Million
37.                Table Stem Cell Umbilical Cord Blood (UCB) Demand Forecast 2021-2026, by Application, in Volume
38.                Table Stem Cell Umbilical Cord Blood (UCB) Market Growth 2021-2026, by Application, in Volume
39.                Table Stem Cell Umbilical Cord Blood (UCB) Market Share in 2026, by Application, in Volume
40.                Table Stem Cell Umbilical Cord Blood (UCB) Production 2016-2020, by Region, in USD Million
41.                Table Stem Cell Umbilical Cord Blood (UCB) Production 2016-2020, by Region, in Volume
42.                Table Global Stem Cell Umbilical Cord Blood (UCB) Market 2016-2020, by Region, in USD Million
43.                Table Global Stem Cell Umbilical Cord Blood (UCB) Market Share 2016-2020, by Region, in USD Million
44.                Table Global Stem Cell Umbilical Cord Blood (UCB) Market 2016-2020, by Region, in Volume
45.                Table Global Stem Cell Umbilical Cord Blood (UCB) Market Share 2016-2020, by Region, in Volume
46.                Table North America Stem Cell Umbilical Cord Blood (UCB) Market Size 2016-2020, by Country, in USD Million
47.                Table North America Stem Cell Umbilical Cord Blood (UCB) Market Size 2016-2020, by Country, in Volume
48.                Table Europe Stem Cell Umbilical Cord Blood (UCB) Market Size 2016-2020, by Country, in USD Million
49.                Table Europe Stem Cell Umbilical Cord Blood (UCB) Market Size 2016-2020, by Country, in Volume
50.                Table Asia-Pacific Stem Cell Umbilical Cord Blood (UCB) Market Size 2016-2020, by Country, in USD Million
51.                Table Asia-Pacific Stem Cell Umbilical Cord Blood (UCB) Market Size 2016-2020, by Country, in Volume
52.                Table South America Stem Cell Umbilical Cord Blood (UCB) Market Size 2016-2020, by Country, in USD Million
53.                Table South America Stem Cell Umbilical Cord Blood (UCB) Market Size 2016-2020, by Country, in Volume
54.                Table Middle East & Africa Stem Cell Umbilical Cord Blood (UCB) Market Size 2016-2020, by Country, in USD Million
55.                Table Middle East & Africa Stem Cell Umbilical Cord Blood (UCB) Market Size 2016-2020, by Country, in Volume
56.                Table Stem Cell Umbilical Cord Blood (UCB) Market Forecast 2021-2026, by Region, in USD Million
57.                Table Stem Cell Umbilical Cord Blood (UCB) Market Forecast 2021-2026, by Region, in Volume
58.                Table Price Factors List","List of Figure
1.                Figure Stem Cell Umbilical Cord Blood (UCB) Industry Chain Structure
2.                Figure Global Stem Cell Umbilical Cord Blood (UCB) Market Growth 2016-2020, by Type, in USD Million
3.                Figure Global Stem Cell Umbilical Cord Blood (UCB) Market Growth 2016-2020, by Type, in Volume
4.                Figure Global Stem Cell Umbilical Cord Blood (UCB) Sales Revenue Share in 2020, by Company, in USD Million
5.                Figure Global Stem Cell Umbilical Cord Blood (UCB) Sales Volume Share in 2020, by Company, in Volume
6.                Figure North America Stem Cell Umbilical Cord Blood (UCB) Market Concentration, in 2020
7.                Figure Europe Stem Cell Umbilical Cord Blood (UCB) Market Market Concentration, in 2020
8.                Figure Asia-Pacific Stem Cell Umbilical Cord Blood (UCB) MMarket Concentration, in 2020
9.                Figure South America Stem Cell Umbilical Cord Blood (UCB) Market Concentration, in 2020
10.                Figure Middle East & Africa Stem Cell Umbilical Cord Blood (UCB) Market Concentration, in 2020
11.                Figure Stem Cell Umbilical Cord Blood (UCB) Demand in Therapeutics Service Companies, 2016-2020, in USD Million
12.                Figure Stem Cell Umbilical Cord Blood (UCB) Demand in Therapeutics Service Companies, 2016-2020, in Volume
13.                Figure Stem Cell Umbilical Cord Blood (UCB) Demand in Private and Government Research Institutes, 2016-2020, in USD Million
14.                Figure Stem Cell Umbilical Cord Blood (UCB) Demand in Private and Government Research Institutes, 2016-2020, in Volume
15.                Figure Stem Cell Umbilical Cord Blood (UCB) Demand in Academic Institutes, 2016-2020, in USD Million
16.                Figure Stem Cell Umbilical Cord Blood (UCB) Demand in Academic Institutes, 2016-2020, in Volume
17.                Figure Stem Cell Umbilical Cord Blood (UCB) Demand in Research Based Pharmaceutical Companies, 2016-2020, in USD Million
18.                Figure Stem Cell Umbilical Cord Blood (UCB) Demand in Research Based Pharmaceutical Companies, 2016-2020, in Volume
19.                Figure Stem Cell Umbilical Cord Blood (UCB) Demand in Public and Private Cord Blood Banks, 2016-2020, in USD Million
20.                Figure Stem Cell Umbilical Cord Blood (UCB) Demand in Public and Private Cord Blood Banks, 2016-2020, in Volume
21.                Figure Stem Cell Umbilical Cord Blood (UCB) Market Growth 2021-2026, by Application, in USD Million
22.                Figure Stem Cell Umbilical Cord Blood (UCB) Market Share in 2026, by Application, in USD Million
23.                Figure North America Stem Cell Umbilical Cord Blood (UCB) Market Size and Growth 2016-2020, in USD Million
24.                Figure North America Stem Cell Umbilical Cord Blood (UCB) Market Size and Growth 2016-2020, in Volume
25.                Figure Europe Stem Cell Umbilical Cord Blood (UCB) Market Size and Growth 2016-2020, in USD Million
26.                Figure Europe Stem Cell Umbilical Cord Blood (UCB) Market Size and Growth 2016-2020, in Volume
27.                Figure Asia-Pacific Stem Cell Umbilical Cord Blood (UCB) Market Size and Growth 2016-2020, in USD Million
28.                Figure Asia-Pacific Stem Cell Umbilical Cord Blood (UCB) Market Size and Growth 2016-2020, in Volume
29.                Figure South America Stem Cell Umbilical Cord Blood (UCB) Market Size and Growth 2016-2020, in USD Million
30.                Figure South America Stem Cell Umbilical Cord Blood (UCB) Market Size and Growth 2016-2020, in Volume
31.                Figure Middle East & Africa Stem Cell Umbilical Cord Blood (UCB) Market Size and Growth 2016-2020, in USD Million
32.                Figure Middle East & Africa Stem Cell Umbilical Cord Blood (UCB) Market Size and Growth 2016-2020, in Volume
33.                Figure Marketing Channels Overview","$2,980 ","$5,960 ","$5,960 ",99SGL298Lif20210200024824
7-Apr-21,"Machinery & Equipment","Global Straight Nozzle Air Guns Market Analysis 2016-2020 and Forecast 2021-2026","Snapshot
The global Straight Nozzle Air Guns market size is estimated at xxx million USD with a CAGR xx% from 2016-2020 and is expected to reach xxx Million USD in 2021 with a CAGR xx% from 2021 to 2026. The report begins from overview of Industry Chain structure, and describes industry environment, then analyses market size and forecast of Straight Nozzle Air Guns by product, region and application, in addition, this report introduces market competition situation among the vendors and company profile, besides, market price analysis and value chain features are covered in this report.
Product Type Coverage (Market Size & Forecast, Major Company of Product Type etc.):
        Below 85 DB
        Above 85 DB
Company Coverage (Company Profile, Sales Revenue, Price, Gross Margin, Main Products etc.):
        Festo
        Smc
        Metabo
        Silvent
        Exair
        Hazet
        Parker
        Bahco
        Guardair
        Jwl
        Kitz Micro Filter
        Cejn
        Coilhose
        Sata
        Prevost
        Aventics
        Ningbo Pneumission
        Airtx
Application Coverage (Market Size & Forecast, Different Demand Market by Region, Main Consumer Profile etc.):
        Industrial Machinery
        Electronics
        Automotive
        Others
Region Coverage (Regional Production, Demand & Forecast by Countries etc.):
        North America (U.S., Canada, Mexico)
        Europe (Germany, U.K., France, Italy, Russia, Spain etc.)
        Asia-Pacific (China, India, Japan, Southeast Asia etc.)
        South America (Brazil, Argentina etc.)
        Middle East & Africa (Saudi Arabia, South Africa etc.)",98,"Table of Contents
1 Industry Overview
    1.1 Straight Nozzle Air Guns Industry
                Figure Straight Nozzle Air Guns Industry Chain Structure
        1.1.1 Overview
        1.1.2 Development of Straight Nozzle Air Guns
    1.2 Market Segment
        1.2.1 Upstream
                Table Upstream Segment of Straight Nozzle Air Guns
        1.2.2 Downstream
                Table Application Segment of Straight Nozzle Air Guns
                Table Global Straight Nozzle Air Guns Market 2016-2026, by Application, in USD Million
        1.2.3 COVID-19 Impact
    1.3 Cost Analysis
2 Industry Environment (PEST Analysis)
    2.1 Policy
    2.2 Economics
    2.3 Sociology
    2.4 Technology
3 Straight Nozzle Air Guns Market by Type
    3.1 By Type
        3.1.1 Below 85 DB
                Table Major Company List of Below 85 DB
        3.1.2 Above 85 DB
                Table Major Company List of Above 85 DB
    3.2 Market Size
                Table Global Straight Nozzle Air Guns Market 2016-2020, by Type, in USD Million
                Figure Global Straight Nozzle Air Guns Market Growth 2016-2020, by Type, in USD Million
                Table Global Straight Nozzle Air Guns Market 2016-2020, by Type, in Volume
                Figure Global Straight Nozzle Air Guns Market Growth 2016-2020, by Type, in Volume
    3.3 Market Forecast
                Table Global Straight Nozzle Air Guns Market Forecast 2021-2026, by Type, in USD Million
                Table Global Straight Nozzle Air Guns Market Forecast 2021-2026, by Type, in Volume
4 Major Companies List
    4.1 Festo (Company Profile, Sales Data etc.)
        4.1.1 Festo Profile
                Table Festo Overview List
        4.1.2 Festo Products & Services
        4.1.3 Festo Business Operation Conditions
                Table Business Operation of Festo (Sales Revenue, Sales Volume, Price, Cost, Gross Margin)
    4.2 Smc (Company Profile, Sales Data etc.)
        4.2.1 Smc Profile
                Table Smc Overview List
        4.2.2 Smc Products & Services
        4.2.3 Smc Business Operation Conditions
                Table Business Operation of Smc (Sales Revenue, Sales Volume, Price, Cost, Gross Margin)
    4.3 Metabo (Company Profile, Sales Data etc.)
        4.3.1 Metabo Profile
                Table Metabo Overview List
        4.3.2 Metabo Products & Services
        4.3.3 Metabo Business Operation Conditions
                Table Business Operation of Metabo (Sales Revenue, Sales Volume, Price, Cost, Gross Margin)
    4.4 Silvent (Company Profile, Sales Data etc.)
        4.4.1 Silvent Profile
                Table Silvent Overview List
        4.4.2 Silvent Products & Services
        4.4.3 Silvent Business Operation Conditions
                Table Business Operation of Silvent (Sales Revenue, Sales Volume, Price, Cost, Gross Margin)
    4.5 Exair (Company Profile, Sales Data etc.)
        4.5.1 Exair Profile
                Table Exair Overview List
        4.5.2 Exair Products & Services
        4.5.3 Exair Business Operation Conditions
                Table Business Operation of Exair (Sales Revenue, Sales Volume, Price, Cost, Gross Margin)
    4.6 Hazet (Company Profile, Sales Data etc.)
        4.6.1 Hazet Profile
                Table Hazet Overview List
        4.6.2 Hazet Products & Services
        4.6.3 Hazet Business Operation Conditions
                Table Business Operation of Hazet (Sales Revenue, Sales Volume, Price, Cost, Gross Margin)
    4.7 Parker (Company Profile, Sales Data etc.)
        4.7.1 Parker Profile
                Table Parker Overview List
        4.7.2 Parker Products & Services
        4.7.3 Parker Business Operation Conditions
                Table Business Operation of Parker (Sales Revenue, Sales Volume, Price, Cost, Gross Margin)
    4.8 Bahco (Company Profile, Sales Data etc.)
        4.8.1 Bahco Profile
                Table Bahco Overview List
        4.8.2 Bahco Products & Services
        4.8.3 Bahco Business Operation Conditions
                Table Business Operation of Bahco (Sales Revenue, Sales Volume, Price, Cost, Gross Margin)
    4.9 Guardair (Company Profile, Sales Data etc.)
        4.9.1 Guardair Profile
                Table Guardair Overview List
        4.9.2 Guardair Products & Services
        4.9.3 Guardair Business Operation Conditions
                Table Business Operation of Guardair (Sales Revenue, Sales Volume, Price, Cost, Gross Margin)
    4.10 Jwl (Company Profile, Sales Data etc.)
        4.10.1 Jwl Profile
                Table Jwl Overview List
        4.10.2 Jwl Products & Services
        4.10.3 Jwl Business Operation Conditions
                Table Business Operation of Jwl (Sales Revenue, Sales Volume, Price, Cost, Gross Margin)
    4.11 Kitz Micro Filter (Company Profile, Sales Data etc.)
        4.11.1 Kitz Micro Filter Profile
                Table Kitz Micro Filter Overview List
        4.11.2 Kitz Micro Filter Products & Services
        4.11.3 Kitz Micro Filter Business Operation Conditions
                Table Business Operation of Kitz Micro Filter (Sales Revenue, Sales Volume, Price, Cost, Gross Margin)
    4.12 Cejn (Company Profile, Sales Data etc.)
        4.12.1 Cejn Profile
                Table Cejn Overview List
        4.12.2 Cejn Products & Services
        4.12.3 Cejn Business Operation Conditions
                Table Business Operation of Cejn (Sales Revenue, Cost, Gross Margin)
    4.13 Coilhose (Company Profile, Sales Data etc.)
        4.13.1 Coilhose Profile
                Table Coilhose Overview List
        4.13.2 Coilhose Products & Services
        4.13.3 Coilhose Business Operation Conditions
                Table Business Operation of Coilhose (Sales Revenue, Sales Volume, Price, Cost, Gross Margin)
    4.14 Sata (Company Profile, Sales Data etc.)
        4.14.1 Sata Profile
                Table Sata Overview List
        4.14.2 Sata Products & Services
        4.14.3 Sata Business Operation Conditions
                Table Business Operation of Sata (Sales Revenue, Cost, Gross Margin)
    4.15 Prevost (Company Profile, Sales Data etc.)
        4.15.1 Prevost Profile
                Table Prevost Overview List
        4.15.2 Prevost Products & Services
        4.15.3 Prevost Business Operation Conditions
                Table Business Operation of Prevost (Sales Revenue, Cost, Gross Margin)
    4.16 Aventics (Company Profile, Sales Data etc.)
        4.16.1 Aventics Profile
                Table Aventics Overview List
        4.16.2 Aventics Products & Services
        4.16.3 Aventics Business Operation Conditions
                Table Business Operation of Aventics (Sales Revenue, Cost, Gross Margin)
    4.17 Ningbo Pneumission (Company Profile, Sales Data etc.)
        4.17.1 Ningbo Pneumission Profile
                Table Ningbo Pneumission Overview List
        4.17.2 Ningbo Pneumission Products & Services
        4.17.3 Ningbo Pneumission Business Operation Conditions
                Table Business Operation of Ningbo Pneumission (Sales Revenue, Cost, Gross Margin)
    4.18 Airtx (Company Profile, Sales Data etc.)
        4.18.1 Airtx Profile
                Table Airtx Overview List
        4.18.2 Airtx Products & Services
        4.18.3 Airtx Business Operation Conditions
                Table Business Operation of Airtx (Sales Revenue, Cost, Gross Margin)
5 Market Competition
    5.1 Company Competition
                Table Global Straight Nozzle Air Guns Sales Revenue 2016-2020, by Company, in USD Million
                Table Global Straight Nozzle Air Guns Sales Revenue Share 2016-2020, by Company, in USD Million
                Figure Global Straight Nozzle Air Guns Sales Revenue Share in 2020, by Company, in USD Million
                Table Global Straight Nozzle Air Guns Sales Volume 2016-2020, by Company, in Volume
                Table Global Straight Nozzle Air Guns Sales Volume Share 2016-2020, by Company, in Volume
                Figure Global Straight Nozzle Air Guns Sales Volume Share in 2020, by Company, in Volume
    5.2 Regional Market by Company
                Figure North America Straight Nozzle Air Guns Market Concentration, in 2020
                Figure Europe Straight Nozzle Air Guns Market Market Concentration, in 2020
                Figure Asia-Pacific Straight Nozzle Air Guns MMarket Concentration, in 2020
                Figure South America Straight Nozzle Air Guns Market Concentration, in 2020
                Figure Middle East & Africa Straight Nozzle Air Guns Market Concentration, in 2020
6 Demand by End Market
    6.1 Demand Situation
        6.1.1 Demand in Industrial Machinery
                Figure Straight Nozzle Air Guns Demand in Industrial Machinery, 2016-2020, in USD Million
                Figure Straight Nozzle Air Guns Demand in Industrial Machinery, 2016-2020, in Volume
        6.1.2 Demand in Electronics
                Figure Straight Nozzle Air Guns Demand in Electronics, 2016-2020, in USD Million
                Figure Straight Nozzle Air Guns Demand in Electronics, 2016-2020, in Volume
        6.1.3 Demand in Automotive
                Figure Straight Nozzle Air Guns Demand in Automotive, 2016-2020, in USD Million
                Figure Straight Nozzle Air Guns Demand in Automotive, 2016-2020, in Volume
        6.1.4 Demand in Others
                Figure Straight Nozzle Air Guns Demand in Others, 2016-2020, in USD Million
                Figure Straight Nozzle Air Guns Demand in Others, 2016-2020, in Volume
    6.2 Regional Demand Comparison
                Table Regional Demand Comparison List
                Table Major Application in Different Regions
    6.3 Demand Forecast
                Table Straight Nozzle Air Guns Demand Forecast 2021-2026, by Application, in USD Million
                Figure Straight Nozzle Air Guns Market Growth 2021-2026, by Application, in USD Million
                Figure Straight Nozzle Air Guns Market Share in 2026, by Application, in USD Million
                Table Straight Nozzle Air Guns Demand Forecast 2021-2026, by Application, in Volume
                Table Straight Nozzle Air Guns Market Growth 2021-2026, by Application, in Volume
                Table Straight Nozzle Air Guns Market Share in 2026, by Application, in Volume
    6.4 Impact of the COVID-19 on the Demand
7 Region Operation
    7.1 Regional Production
                Table Straight Nozzle Air Guns Production 2016-2020, by Region, in USD Million
                Table Straight Nozzle Air Guns Production 2016-2020, by Region, in Volume
    7.2 Regional Market
                Table Global Straight Nozzle Air Guns Market 2016-2020, by Region, in USD Million
                Table Global Straight Nozzle Air Guns Market Share 2016-2020, by Region, in USD Million
                Table Global Straight Nozzle Air Guns Market 2016-2020, by Region, in Volume
                Table Global Straight Nozzle Air Guns Market Share 2016-2020, by Region, in Volume
    7.3 by Region
        7.3.1 North America
            7.3.1.1 Overview
                Figure North America Straight Nozzle Air Guns Market Size and Growth 2016-2020, in USD Million
                Figure North America Straight Nozzle Air Guns Market Size and Growth 2016-2020, in Volume
            7.3.1.2 by Country (U.S., Canada, Mexico)
                Table North America Straight Nozzle Air Guns Market Size 2016-2020, by Country, in USD Million
                Table North America Straight Nozzle Air Guns Market Size 2016-2020, by Country, in Volume
        7.3.2 Europe
            7.3.2.1 Overview
                Figure Europe Straight Nozzle Air Guns Market Size and Growth 2016-2020, in USD Million
                Figure Europe Straight Nozzle Air Guns Market Size and Growth 2016-2020, in Volume
            7.3.2.2 by Country (Germany, U.K., France, Italy, Russia, Spain etc.)
                Table Europe Straight Nozzle Air Guns Market Size 2016-2020, by Country, in USD Million
                Table Europe Straight Nozzle Air Guns Market Size 2016-2020, by Country, in Volume
        7.3.3 Asia-Pacific
            7.3.3.1 Overview
                Figure Asia-Pacific Straight Nozzle Air Guns Market Size and Growth 2016-2020, in USD Million
                Figure Asia-Pacific Straight Nozzle Air Guns Market Size and Growth 2016-2020, in Volume
            7.3.3.2 by Country (China, India, Japan, Southeast Asia etc.)
                Table Asia-Pacific Straight Nozzle Air Guns Market Size 2016-2020, by Country, in USD Million
                Table Asia-Pacific Straight Nozzle Air Guns Market Size 2016-2020, by Country, in Volume
        7.3.4 South America
            7.3.4.1 Overview
                Figure South America Straight Nozzle Air Guns Market Size and Growth 2016-2020, in USD Million
                Figure South America Straight Nozzle Air Guns Market Size and Growth 2016-2020, in Volume
            7.3.4.2 by Country (Brazil, Argentina etc.)
                Table South America Straight Nozzle Air Guns Market Size 2016-2020, by Country, in USD Million
                Table South America Straight Nozzle Air Guns Market Size 2016-2020, by Country, in Volume
        7.3.5 Middle East & Africa
            7.3.5.1 Overview
                Figure Middle East & Africa Straight Nozzle Air Guns Market Size and Growth 2016-2020, in USD Million
                Figure Middle East & Africa Straight Nozzle Air Guns Market Size and Growth 2016-2020, in Volume
            7.3.5.2 by Country (Saudi Arabia, South Africa etc.)
                Table Middle East & Africa Straight Nozzle Air Guns Market Size 2016-2020, by Country, in USD Million
                Table Middle East & Africa Straight Nozzle Air Guns Market Size 2016-2020, by Country, in Volume
    7.4 Regional Import & Export
    7.5 Regional Forecast
                Table Straight Nozzle Air Guns Market Forecast 2021-2026, by Region, in USD Million
                Table Straight Nozzle Air Guns Market Forecast 2021-2026, by Region, in Volume
8 Marketing & Price
    8.1 Price and Margin
        8.1.1 Price Trends
        8.1.2 Factors of Price Change
                Table Price Factors List
        8.1.3 Manufacturers Gross Margin Analysis
    8.2 Marketing Channel
                Figure Marketing Channels Overview
9 Research Conclusion","List of Table
1.                Table Upstream Segment of Straight Nozzle Air Guns
2.                Table Application Segment of Straight Nozzle Air Guns
3.                Table Global Straight Nozzle Air Guns Market 2016-2026, by Application, in USD Million
4.                Table Major Company List of Above 85 DB
5.                Table Global Straight Nozzle Air Guns Market 2016-2020, by Type, in USD Million
6.                Table Global Straight Nozzle Air Guns Market 2016-2020, by Type, in Volume
7.                Table Global Straight Nozzle Air Guns Market Forecast 2021-2026, by Type, in USD Million
8.                Table Global Straight Nozzle Air Guns Market Forecast 2021-2026, by Type, in Volume
9.                Table Festo Overview List
10.                Table Business Operation of Festo (Sales Revenue, Sales Volume, Price, Cost, Gross Margin)
11.                Table Smc Overview List
12.                Table Business Operation of Smc (Sales Revenue, Sales Volume, Price, Cost, Gross Margin)
13.                Table Metabo Overview List
14.                Table Business Operation of Metabo (Sales Revenue, Sales Volume, Price, Cost, Gross Margin)
15.                Table Silvent Overview List
16.                Table Business Operation of Silvent (Sales Revenue, Sales Volume, Price, Cost, Gross Margin)
17.                Table Exair Overview List
18.                Table Business Operation of Exair (Sales Revenue, Sales Volume, Price, Cost, Gross Margin)
19.                Table Hazet Overview List
20.                Table Business Operation of Hazet (Sales Revenue, Sales Volume, Price, Cost, Gross Margin)
21.                Table Parker Overview List
22.                Table Business Operation of Parker (Sales Revenue, Sales Volume, Price, Cost, Gross Margin)
23.                Table Bahco Overview List
24.                Table Business Operation of Bahco (Sales Revenue, Sales Volume, Price, Cost, Gross Margin)
25.                Table Guardair Overview List
26.                Table Business Operation of Guardair (Sales Revenue, Sales Volume, Price, Cost, Gross Margin)
27.                Table Jwl Overview List
28.                Table Business Operation of Jwl (Sales Revenue, Sales Volume, Price, Cost, Gross Margin)
29.                Table Kitz Micro Filter Overview List
30.                Table Business Operation of Kitz Micro Filter (Sales Revenue, Sales Volume, Price, Cost, Gross Margin)
31.                Table Cejn Overview List
32.                Table Business Operation of Cejn (Sales Revenue, Cost, Gross Margin)
33.                Table Coilhose Overview List
34.                Table Business Operation of Coilhose (Sales Revenue, Sales Volume, Price, Cost, Gross Margin)
35.                Table Sata Overview List
36.                Table Business Operation of Sata (Sales Revenue, Cost, Gross Margin)
37.                Table Prevost Overview List
38.                Table Business Operation of Prevost (Sales Revenue, Cost, Gross Margin)
39.                Table Aventics Overview List
40.                Table Business Operation of Aventics (Sales Revenue, Cost, Gross Margin)
41.                Table Ningbo Pneumission Overview List
42.                Table Business Operation of Ningbo Pneumission (Sales Revenue, Cost, Gross Margin)
43.                Table Airtx Overview List
44.                Table Business Operation of Airtx (Sales Revenue, Cost, Gross Margin)
45.                Table Global Straight Nozzle Air Guns Sales Revenue 2016-2020, by Company, in USD Million
46.                Table Global Straight Nozzle Air Guns Sales Revenue Share 2016-2020, by Company, in USD Million
47.                Table Global Straight Nozzle Air Guns Sales Volume 2016-2020, by Company, in Volume
48.                Table Global Straight Nozzle Air Guns Sales Volume Share 2016-2020, by Company, in Volume
49.                Table Regional Demand Comparison List
50.                Table Major Application in Different Regions
51.                Table Straight Nozzle Air Guns Demand Forecast 2021-2026, by Application, in USD Million
52.                Table Straight Nozzle Air Guns Demand Forecast 2021-2026, by Application, in Volume
53.                Table Straight Nozzle Air Guns Market Growth 2021-2026, by Application, in Volume
54.                Table Straight Nozzle Air Guns Market Share in 2026, by Application, in Volume
55.                Table Straight Nozzle Air Guns Production 2016-2020, by Region, in USD Million
56.                Table Straight Nozzle Air Guns Production 2016-2020, by Region, in Volume
57.                Table Global Straight Nozzle Air Guns Market 2016-2020, by Region, in USD Million
58.                Table Global Straight Nozzle Air Guns Market Share 2016-2020, by Region, in USD Million
59.                Table Global Straight Nozzle Air Guns Market 2016-2020, by Region, in Volume
60.                Table Global Straight Nozzle Air Guns Market Share 2016-2020, by Region, in Volume
61.                Table North America Straight Nozzle Air Guns Market Size 2016-2020, by Country, in USD Million
62.                Table North America Straight Nozzle Air Guns Market Size 2016-2020, by Country, in Volume
63.                Table Europe Straight Nozzle Air Guns Market Size 2016-2020, by Country, in USD Million
64.                Table Europe Straight Nozzle Air Guns Market Size 2016-2020, by Country, in Volume
65.                Table Asia-Pacific Straight Nozzle Air Guns Market Size 2016-2020, by Country, in USD Million
66.                Table Asia-Pacific Straight Nozzle Air Guns Market Size 2016-2020, by Country, in Volume
67.                Table South America Straight Nozzle Air Guns Market Size 2016-2020, by Country, in USD Million
68.                Table South America Straight Nozzle Air Guns Market Size 2016-2020, by Country, in Volume
69.                Table Middle East & Africa Straight Nozzle Air Guns Market Size 2016-2020, by Country, in USD Million
70.                Table Middle East & Africa Straight Nozzle Air Guns Market Size 2016-2020, by Country, in Volume
71.                Table Straight Nozzle Air Guns Market Forecast 2021-2026, by Region, in USD Million
72.                Table Straight Nozzle Air Guns Market Forecast 2021-2026, by Region, in Volume
73.                Table Price Factors List","List of Figure
1.                Figure Straight Nozzle Air Guns Industry Chain Structure
2.                Figure Global Straight Nozzle Air Guns Market Growth 2016-2020, by Type, in USD Million
3.                Figure Global Straight Nozzle Air Guns Market Growth 2016-2020, by Type, in Volume
4.                Figure Global Straight Nozzle Air Guns Sales Revenue Share in 2020, by Company, in USD Million
5.                Figure Global Straight Nozzle Air Guns Sales Volume Share in 2020, by Company, in Volume
6.                Figure North America Straight Nozzle Air Guns Market Concentration, in 2020
7.                Figure Europe Straight Nozzle Air Guns Market Market Concentration, in 2020
8.                Figure Asia-Pacific Straight Nozzle Air Guns MMarket Concentration, in 2020
9.                Figure South America Straight Nozzle Air Guns Market Concentration, in 2020
10.                Figure Middle East & Africa Straight Nozzle Air Guns Market Concentration, in 2020
11.                Figure Straight Nozzle Air Guns Demand in Industrial Machinery, 2016-2020, in USD Million
12.                Figure Straight Nozzle Air Guns Demand in Industrial Machinery, 2016-2020, in Volume
13.                Figure Straight Nozzle Air Guns Demand in Electronics, 2016-2020, in USD Million
14.                Figure Straight Nozzle Air Guns Demand in Electronics, 2016-2020, in Volume
15.                Figure Straight Nozzle Air Guns Demand in Automotive, 2016-2020, in USD Million
16.                Figure Straight Nozzle Air Guns Demand in Automotive, 2016-2020, in Volume
17.                Figure Straight Nozzle Air Guns Demand in Others, 2016-2020, in USD Million
18.                Figure Straight Nozzle Air Guns Demand in Others, 2016-2020, in Volume
19.                Figure Straight Nozzle Air Guns Market Growth 2021-2026, by Application, in USD Million
20.                Figure Straight Nozzle Air Guns Market Share in 2026, by Application, in USD Million
21.                Figure North America Straight Nozzle Air Guns Market Size and Growth 2016-2020, in USD Million
22.                Figure North America Straight Nozzle Air Guns Market Size and Growth 2016-2020, in Volume
23.                Figure Europe Straight Nozzle Air Guns Market Size and Growth 2016-2020, in USD Million
24.                Figure Europe Straight Nozzle Air Guns Market Size and Growth 2016-2020, in Volume
25.                Figure Asia-Pacific Straight Nozzle Air Guns Market Size and Growth 2016-2020, in USD Million
26.                Figure Asia-Pacific Straight Nozzle Air Guns Market Size and Growth 2016-2020, in Volume
27.                Figure South America Straight Nozzle Air Guns Market Size and Growth 2016-2020, in USD Million
28.                Figure South America Straight Nozzle Air Guns Market Size and Growth 2016-2020, in Volume
29.                Figure Middle East & Africa Straight Nozzle Air Guns Market Size and Growth 2016-2020, in USD Million
30.                Figure Middle East & Africa Straight Nozzle Air Guns Market Size and Growth 2016-2020, in Volume
31.                Figure Marketing Channels Overview","$2,980 ","$5,960 ","$5,960 ",99SGL298Mac20210200024825
7-Apr-21,"Life & Medical","Global Cordyceps Supplement Market Analysis 2016-2020 and Forecast 2021-2026","Snapshot
The global Cordyceps Supplement market size is estimated at xxx million USD with a CAGR xx% from 2016-2020 and is expected to reach xxx Million USD in 2021 with a CAGR xx% from 2021 to 2026. The report begins from overview of Industry Chain structure, and describes industry environment, then analyses market size and forecast of Cordyceps Supplement by product, region and application, in addition, this report introduces market competition situation among the vendors and company profile, besides, market price analysis and value chain features are covered in this report.
Product Type Coverage (Market Size & Forecast, Major Company of Product Type etc.):
        Capsules
        Tablets
        Liquid and spray
        Others
Company Coverage (Company Profile, Sales Revenue, Price, Gross Margin, Main Products etc.):
        Mushroom Science
        Host Defense(US)
        Paradise Herbs(US)
        Oregon's Wild Harvest(US)
        Perfect Supplements LLC(US)
        Real Herbs
        Aloha Medicinals)US)
        Solaray(US)
        Pure Essence Labs(US)
Application Coverage (Market Size & Forecast, Different Demand Market by Region, Main Consumer Profile etc.):
        Hospital and Clinics
        Individual Households
Region Coverage (Regional Production, Demand & Forecast by Countries etc.):
        North America (U.S., Canada, Mexico)
        Europe (Germany, U.K., France, Italy, Russia, Spain etc.)
        Asia-Pacific (China, India, Japan, Southeast Asia etc.)
        South America (Brazil, Argentina etc.)
        Middle East & Africa (Saudi Arabia, South Africa etc.)",92,"Table of Contents
1 Industry Overview
    1.1 Cordyceps Supplement Industry
                Figure Cordyceps Supplement Industry Chain Structure
        1.1.1 Overview
        1.1.2 Development of Cordyceps Supplement
    1.2 Market Segment
        1.2.1 Upstream
                Table Upstream Segment of Cordyceps Supplement
        1.2.2 Downstream
                Table Application Segment of Cordyceps Supplement
                Table Global Cordyceps Supplement Market 2016-2026, by Application, in USD Million
        1.2.3 COVID-19 Impact
    1.3 Cost Analysis
2 Industry Environment (PEST Analysis)
    2.1 Policy
    2.2 Economics
    2.3 Sociology
    2.4 Technology
3 Cordyceps Supplement Market by Type
    3.1 By Type
        3.1.1 Capsules
                Table Major Company List of Capsules
        3.1.2 Tablets
                Table Major Company List of Tablets
        3.1.3 Liquid and spray
                Table Major Company List of Liquid and spray
        3.1.4 Others
                Table Major Company List of Others
    3.2 Market Size
                Table Global Cordyceps Supplement Market 2016-2020, by Type, in USD Million
                Figure Global Cordyceps Supplement Market Growth 2016-2020, by Type, in USD Million
                Table Global Cordyceps Supplement Market 2016-2020, by Type, in Volume
                Figure Global Cordyceps Supplement Market Growth 2016-2020, by Type, in Volume
    3.3 Market Forecast
                Table Global Cordyceps Supplement Market Forecast 2021-2026, by Type, in USD Million
                Table Global Cordyceps Supplement Market Forecast 2021-2026, by Type, in Volume
4 Major Companies List
    4.1 Mushroom Science (Company Profile, Sales Data etc.)
        4.1.1 Mushroom Science Profile
                Table Mushroom Science Overview List
        4.1.2 Mushroom Science Products & Services
        4.1.3 Mushroom Science Business Operation Conditions
                Table Business Operation of Mushroom Science (Sales Revenue, Sales Volume, Price, Cost, Gross Margin)
    4.2 Host Defense(US) (Company Profile, Sales Data etc.)
        4.2.1 Host Defense(US) Profile
                Table Host Defense(US) Overview List
        4.2.2 Host Defense(US) Products & Services
        4.2.3 Host Defense(US) Business Operation Conditions
                Table Business Operation of Host Defense(US) (Sales Revenue, Sales Volume, Price, Cost, Gross Margin)
    4.3 Paradise Herbs(US) (Company Profile, Sales Data etc.)
        4.3.1 Paradise Herbs(US) Profile
                Table Paradise Herbs(US) Overview List
        4.3.2 Paradise Herbs(US) Products & Services
        4.3.3 Paradise Herbs(US) Business Operation Conditions
                Table Business Operation of Paradise Herbs(US) (Sales Revenue, Sales Volume, Price, Cost, Gross Margin)
    4.4 Oregon's Wild Harvest(US) (Company Profile, Sales Data etc.)
        4.4.1 Oregon's Wild Harvest(US) Profile
                Table Oregon's Wild Harvest(US) Overview List
        4.4.2 Oregon's Wild Harvest(US) Products & Services
        4.4.3 Oregon's Wild Harvest(US) Business Operation Conditions
                Table Business Operation of Oregon's Wild Harvest(US) (Sales Revenue, Sales Volume, Price, Cost, Gross Margin)
    4.5 Perfect Supplements LLC(US) (Company Profile, Sales Data etc.)
        4.5.1 Perfect Supplements LLC(US) Profile
                Table Perfect Supplements LLC(US) Overview List
        4.5.2 Perfect Supplements LLC(US) Products & Services
        4.5.3 Perfect Supplements LLC(US) Business Operation Conditions
                Table Business Operation of Perfect Supplements LLC(US) (Sales Revenue, Sales Volume, Price, Cost, Gross Margin)
    4.6 Real Herbs (Company Profile, Sales Data etc.)
        4.6.1 Real Herbs Profile
                Table Real Herbs Overview List
        4.6.2 Real Herbs Products & Services
        4.6.3 Real Herbs Business Operation Conditions
                Table Business Operation of Real Herbs (Sales Revenue, Sales Volume, Price, Cost, Gross Margin)
    4.7 Aloha Medicinals)US) (Company Profile, Sales Data etc.)
        4.7.1 Aloha Medicinals)US) Profile
                Table Aloha Medicinals)US) Overview List
        4.7.2 Aloha Medicinals)US) Products & Services
        4.7.3 Aloha Medicinals)US) Business Operation Conditions
                Table Business Operation of Aloha Medicinals)US) (Sales Revenue, Sales Volume, Price, Cost, Gross Margin)
    4.8 Solaray(US) (Company Profile, Sales Data etc.)
        4.8.1 Solaray(US) Profile
                Table Solaray(US) Overview List
        4.8.2 Solaray(US) Products & Services
        4.8.3 Solaray(US) Business Operation Conditions
                Table Business Operation of Solaray(US) (Sales Revenue, Sales Volume, Price, Cost, Gross Margin)
    4.9 Pure Essence Labs(US) (Company Profile, Sales Data etc.)
        4.9.1 Pure Essence Labs(US) Profile
                Table Pure Essence Labs(US) Overview List
        4.9.2 Pure Essence Labs(US) Products & Services
        4.9.3 Pure Essence Labs(US) Business Operation Conditions
                Table Business Operation of Pure Essence Labs(US) (Sales Revenue, Sales Volume, Price, Cost, Gross Margin)
5 Market Competition
    5.1 Company Competition
                Table Global Cordyceps Supplement Sales Revenue 2016-2020, by Company, in USD Million
                Table Global Cordyceps Supplement Sales Revenue Share 2016-2020, by Company, in USD Million
                Figure Global Cordyceps Supplement Sales Revenue Share in 2020, by Company, in USD Million
                Table Global Cordyceps Supplement Sales Volume 2016-2020, by Company, in Volume
                Table Global Cordyceps Supplement Sales Volume Share 2016-2020, by Company, in Volume
                Figure Global Cordyceps Supplement Sales Volume Share in 2020, by Company, in Volume
    5.2 Regional Market by Company
                Figure North America Cordyceps Supplement Market Concentration, in 2020
                Figure Europe Cordyceps Supplement Market Market Concentration, in 2020
                Figure Asia-Pacific Cordyceps Supplement MMarket Concentration, in 2020
                Figure South America Cordyceps Supplement Market Concentration, in 2020
                Figure Middle East & Africa Cordyceps Supplement Market Concentration, in 2020
6 Demand by End Market
    6.1 Demand Situation
        6.1.1 Demand in Hospital and Clinics
                Figure Cordyceps Supplement Demand in Hospital and Clinics, 2016-2020, in USD Million
                Figure Cordyceps Supplement Demand in Hospital and Clinics, 2016-2020, in Volume
        6.1.2 Demand in Individual Households
                Figure Cordyceps Supplement Demand in Individual Households, 2016-2020, in USD Million
                Figure Cordyceps Supplement Demand in Individual Households, 2016-2020, in Volume
    6.2 Regional Demand Comparison
                Table Regional Demand Comparison List
                Table Major Application in Different Regions
    6.3 Demand Forecast
                Table Cordyceps Supplement Demand Forecast 2021-2026, by Application, in USD Million
                Figure Cordyceps Supplement Market Growth 2021-2026, by Application, in USD Million
                Figure Cordyceps Supplement Market Share in 2026, by Application, in USD Million
                Table Cordyceps Supplement Demand Forecast 2021-2026, by Application, in Volume
                Table Cordyceps Supplement Market Growth 2021-2026, by Application, in Volume
                Table Cordyceps Supplement Market Share in 2026, by Application, in Volume
    6.4 Impact of the COVID-19 on the Demand
7 Region Operation
    7.1 Regional Production
                Table Cordyceps Supplement Production 2016-2020, by Region, in USD Million
                Table Cordyceps Supplement Production 2016-2020, by Region, in Volume
    7.2 Regional Market
                Table Global Cordyceps Supplement Market 2016-2020, by Region, in USD Million
                Table Global Cordyceps Supplement Market Share 2016-2020, by Region, in USD Million
                Table Global Cordyceps Supplement Market 2016-2020, by Region, in Volume
                Table Global Cordyceps Supplement Market Share 2016-2020, by Region, in Volume
    7.3 by Region
        7.3.1 North America
            7.3.1.1 Overview
                Figure North America Cordyceps Supplement Market Size and Growth 2016-2020, in USD Million
                Figure North America Cordyceps Supplement Market Size and Growth 2016-2020, in Volume
            7.3.1.2 by Country (U.S., Canada, Mexico)
                Table North America Cordyceps Supplement Market Size 2016-2020, by Country, in USD Million
                Table North America Cordyceps Supplement Market Size 2016-2020, by Country, in Volume
        7.3.2 Europe
            7.3.2.1 Overview
                Figure Europe Cordyceps Supplement Market Size and Growth 2016-2020, in USD Million
                Figure Europe Cordyceps Supplement Market Size and Growth 2016-2020, in Volume
            7.3.2.2 by Country (Germany, U.K., France, Italy, Russia, Spain etc.)
                Table Europe Cordyceps Supplement Market Size 2016-2020, by Country, in USD Million
                Table Europe Cordyceps Supplement Market Size 2016-2020, by Country, in Volume
        7.3.3 Asia-Pacific
            7.3.3.1 Overview
                Figure Asia-Pacific Cordyceps Supplement Market Size and Growth 2016-2020, in USD Million
                Figure Asia-Pacific Cordyceps Supplement Market Size and Growth 2016-2020, in Volume
            7.3.3.2 by Country (China, India, Japan, Southeast Asia etc.)
                Table Asia-Pacific Cordyceps Supplement Market Size 2016-2020, by Country, in USD Million
                Table Asia-Pacific Cordyceps Supplement Market Size 2016-2020, by Country, in Volume
        7.3.4 South America
            7.3.4.1 Overview
                Figure South America Cordyceps Supplement Market Size and Growth 2016-2020, in USD Million
                Figure South America Cordyceps Supplement Market Size and Growth 2016-2020, in Volume
            7.3.4.2 by Country (Brazil, Argentina etc.)
                Table South America Cordyceps Supplement Market Size 2016-2020, by Country, in USD Million
                Table South America Cordyceps Supplement Market Size 2016-2020, by Country, in Volume
        7.3.5 Middle East & Africa
            7.3.5.1 Overview
                Figure Middle East & Africa Cordyceps Supplement Market Size and Growth 2016-2020, in USD Million
                Figure Middle East & Africa Cordyceps Supplement Market Size and Growth 2016-2020, in Volume
            7.3.5.2 by Country (Saudi Arabia, South Africa etc.)
                Table Middle East & Africa Cordyceps Supplement Market Size 2016-2020, by Country, in USD Million
                Table Middle East & Africa Cordyceps Supplement Market Size 2016-2020, by Country, in Volume
    7.4 Regional Import & Export
    7.5 Regional Forecast
                Table Cordyceps Supplement Market Forecast 2021-2026, by Region, in USD Million
                Table Cordyceps Supplement Market Forecast 2021-2026, by Region, in Volume
8 Marketing & Price
    8.1 Price and Margin
        8.1.1 Price Trends
        8.1.2 Factors of Price Change
                Table Price Factors List
        8.1.3 Manufacturers Gross Margin Analysis
    8.2 Marketing Channel
                Figure Marketing Channels Overview
9 Research Conclusion","List of Table
1.                Table Upstream Segment of Cordyceps Supplement
2.                Table Application Segment of Cordyceps Supplement
3.                Table Global Cordyceps Supplement Market 2016-2026, by Application, in USD Million
4.                Table Major Company List of Tablets
5.                Table Major Company List of Liquid and spray
6.                Table Major Company List of Others
7.                Table Global Cordyceps Supplement Market 2016-2020, by Type, in USD Million
8.                Table Global Cordyceps Supplement Market 2016-2020, by Type, in Volume
9.                Table Global Cordyceps Supplement Market Forecast 2021-2026, by Type, in USD Million
10.                Table Global Cordyceps Supplement Market Forecast 2021-2026, by Type, in Volume
11.                Table Mushroom Science Overview List
12.                Table Business Operation of Mushroom Science (Sales Revenue, Sales Volume, Price, Cost, Gross Margin)
13.                Table Host Defense(US) Overview List
14.                Table Business Operation of Host Defense(US) (Sales Revenue, Sales Volume, Price, Cost, Gross Margin)
15.                Table Paradise Herbs(US) Overview List
16.                Table Business Operation of Paradise Herbs(US) (Sales Revenue, Sales Volume, Price, Cost, Gross Margin)
17.                Table Oregon's Wild Harvest(US) Overview List
18.                Table Business Operation of Oregon's Wild Harvest(US) (Sales Revenue, Sales Volume, Price, Cost, Gross Margin)
19.                Table Perfect Supplements LLC(US) Overview List
20.                Table Business Operation of Perfect Supplements LLC(US) (Sales Revenue, Sales Volume, Price, Cost, Gross Margin)
21.                Table Real Herbs Overview List
22.                Table Business Operation of Real Herbs (Sales Revenue, Sales Volume, Price, Cost, Gross Margin)
23.                Table Aloha Medicinals)US) Overview List
24.                Table Business Operation of Aloha Medicinals)US) (Sales Revenue, Sales Volume, Price, Cost, Gross Margin)
25.                Table Solaray(US) Overview List
26.                Table Business Operation of Solaray(US) (Sales Revenue, Sales Volume, Price, Cost, Gross Margin)
27.                Table Pure Essence Labs(US) Overview List
28.                Table Business Operation of Pure Essence Labs(US) (Sales Revenue, Sales Volume, Price, Cost, Gross Margin)
29.                Table Global Cordyceps Supplement Sales Revenue 2016-2020, by Company, in USD Million
30.                Table Global Cordyceps Supplement Sales Revenue Share 2016-2020, by Company, in USD Million
31.                Table Global Cordyceps Supplement Sales Volume 2016-2020, by Company, in Volume
32.                Table Global Cordyceps Supplement Sales Volume Share 2016-2020, by Company, in Volume
33.                Table Regional Demand Comparison List
34.                Table Major Application in Different Regions
35.                Table Cordyceps Supplement Demand Forecast 2021-2026, by Application, in USD Million
36.                Table Cordyceps Supplement Demand Forecast 2021-2026, by Application, in Volume
37.                Table Cordyceps Supplement Market Growth 2021-2026, by Application, in Volume
38.                Table Cordyceps Supplement Market Share in 2026, by Application, in Volume
39.                Table Cordyceps Supplement Production 2016-2020, by Region, in USD Million
40.                Table Cordyceps Supplement Production 2016-2020, by Region, in Volume
41.                Table Global Cordyceps Supplement Market 2016-2020, by Region, in USD Million
42.                Table Global Cordyceps Supplement Market Share 2016-2020, by Region, in USD Million
43.                Table Global Cordyceps Supplement Market 2016-2020, by Region, in Volume
44.                Table Global Cordyceps Supplement Market Share 2016-2020, by Region, in Volume
45.                Table North America Cordyceps Supplement Market Size 2016-2020, by Country, in USD Million
46.                Table North America Cordyceps Supplement Market Size 2016-2020, by Country, in Volume
47.                Table Europe Cordyceps Supplement Market Size 2016-2020, by Country, in USD Million
48.                Table Europe Cordyceps Supplement Market Size 2016-2020, by Country, in Volume
49.                Table Asia-Pacific Cordyceps Supplement Market Size 2016-2020, by Country, in USD Million
50.                Table Asia-Pacific Cordyceps Supplement Market Size 2016-2020, by Country, in Volume
51.                Table South America Cordyceps Supplement Market Size 2016-2020, by Country, in USD Million
52.                Table South America Cordyceps Supplement Market Size 2016-2020, by Country, in Volume
53.                Table Middle East & Africa Cordyceps Supplement Market Size 2016-2020, by Country, in USD Million
54.                Table Middle East & Africa Cordyceps Supplement Market Size 2016-2020, by Country, in Volume
55.                Table Cordyceps Supplement Market Forecast 2021-2026, by Region, in USD Million
56.                Table Cordyceps Supplement Market Forecast 2021-2026, by Region, in Volume
57.                Table Price Factors List","List of Figure
1.                Figure Cordyceps Supplement Industry Chain Structure
2.                Figure Global Cordyceps Supplement Market Growth 2016-2020, by Type, in USD Million
3.                Figure Global Cordyceps Supplement Market Growth 2016-2020, by Type, in Volume
4.                Figure Global Cordyceps Supplement Sales Revenue Share in 2020, by Company, in USD Million
5.                Figure Global Cordyceps Supplement Sales Volume Share in 2020, by Company, in Volume
6.                Figure North America Cordyceps Supplement Market Concentration, in 2020
7.                Figure Europe Cordyceps Supplement Market Market Concentration, in 2020
8.                Figure Asia-Pacific Cordyceps Supplement MMarket Concentration, in 2020
9.                Figure South America Cordyceps Supplement Market Concentration, in 2020
10.                Figure Middle East & Africa Cordyceps Supplement Market Concentration, in 2020
11.                Figure Cordyceps Supplement Demand in Hospital and Clinics, 2016-2020, in USD Million
12.                Figure Cordyceps Supplement Demand in Hospital and Clinics, 2016-2020, in Volume
13.                Figure Cordyceps Supplement Demand in Individual Households, 2016-2020, in USD Million
14.                Figure Cordyceps Supplement Demand in Individual Households, 2016-2020, in Volume
15.                Figure Cordyceps Supplement Market Growth 2021-2026, by Application, in USD Million
16.                Figure Cordyceps Supplement Market Share in 2026, by Application, in USD Million
17.                Figure North America Cordyceps Supplement Market Size and Growth 2016-2020, in USD Million
18.                Figure North America Cordyceps Supplement Market Size and Growth 2016-2020, in Volume
19.                Figure Europe Cordyceps Supplement Market Size and Growth 2016-2020, in USD Million
20.                Figure Europe Cordyceps Supplement Market Size and Growth 2016-2020, in Volume
21.                Figure Asia-Pacific Cordyceps Supplement Market Size and Growth 2016-2020, in USD Million
22.                Figure Asia-Pacific Cordyceps Supplement Market Size and Growth 2016-2020, in Volume
23.                Figure South America Cordyceps Supplement Market Size and Growth 2016-2020, in USD Million
24.                Figure South America Cordyceps Supplement Market Size and Growth 2016-2020, in Volume
25.                Figure Middle East & Africa Cordyceps Supplement Market Size and Growth 2016-2020, in USD Million
26.                Figure Middle East & Africa Cordyceps Supplement Market Size and Growth 2016-2020, in Volume
27.                Figure Marketing Channels Overview","$2,980 ","$5,960 ","$5,960 ",99SGL298Lif20210200024826
7-Apr-21,"Chemical & Material","Global Sodium CarboxyMethyl Cellulose Market Analysis 2016-2020 and Forecast 2021-2026","Snapshot
The global Sodium CarboxyMethyl Cellulose market size is estimated at xxx million USD with a CAGR xx% from 2016-2020 and is expected to reach xxx Million USD in 2021 with a CAGR xx% from 2021 to 2026. The report begins from overview of Industry Chain structure, and describes industry environment, then analyses market size and forecast of Sodium CarboxyMethyl Cellulose by product, region and application, in addition, this report introduces market competition situation among the vendors and company profile, besides, market price analysis and value chain features are covered in this report.
Product Type Coverage (Market Size & Forecast, Major Company of Product Type etc.):
        Food Grade
        Ceramic Grade
        Textile Grade
        Others
Company Coverage (Company Profile, Sales Revenue, Price, Gross Margin, Main Products etc.):
        Qingdao Tianya Chemical
        CP Kelco
        Sinocmc Co.,Ltd
        The DOW Chemical Company
        Akay Organics
        Niran BioChemical
Application Coverage (Market Size & Forecast, Different Demand Market by Region, Main Consumer Profile etc.):
        Food Industry
        Paints
        Consumer Goods
        Others
Region Coverage (Regional Production, Demand & Forecast by Countries etc.):
        North America (U.S., Canada, Mexico)
        Europe (Germany, U.K., France, Italy, Russia, Spain etc.)
        Asia-Pacific (China, India, Japan, Southeast Asia etc.)
        South America (Brazil, Argentina etc.)
        Middle East & Africa (Saudi Arabia, South Africa etc.)",89,"Table of Contents
1 Industry Overview
    1.1 Sodium CarboxyMethyl Cellulose Industry
                Figure Sodium CarboxyMethyl Cellulose Industry Chain Structure
        1.1.1 Overview
        1.1.2 Development of Sodium CarboxyMethyl Cellulose
    1.2 Market Segment
        1.2.1 Upstream
                Table Upstream Segment of Sodium CarboxyMethyl Cellulose
        1.2.2 Downstream
                Table Application Segment of Sodium CarboxyMethyl Cellulose
                Table Global Sodium CarboxyMethyl Cellulose Market 2016-2026, by Application, in USD Million
        1.2.3 COVID-19 Impact
    1.3 Cost Analysis
2 Industry Environment (PEST Analysis)
    2.1 Policy
    2.2 Economics
    2.3 Sociology
    2.4 Technology
3 Sodium CarboxyMethyl Cellulose Market by Type
    3.1 By Type
        3.1.1 Food Grade
                Table Major Company List of Food Grade
        3.1.2 Ceramic Grade
                Table Major Company List of Ceramic Grade
        3.1.3 Textile Grade
                Table Major Company List of Textile Grade
        3.1.4 Others
                Table Major Company List of Others
    3.2 Market Size
                Table Global Sodium CarboxyMethyl Cellulose Market 2016-2020, by Type, in USD Million
                Figure Global Sodium CarboxyMethyl Cellulose Market Growth 2016-2020, by Type, in USD Million
                Table Global Sodium CarboxyMethyl Cellulose Market 2016-2020, by Type, in Volume
                Figure Global Sodium CarboxyMethyl Cellulose Market Growth 2016-2020, by Type, in Volume
    3.3 Market Forecast
                Table Global Sodium CarboxyMethyl Cellulose Market Forecast 2021-2026, by Type, in USD Million
                Table Global Sodium CarboxyMethyl Cellulose Market Forecast 2021-2026, by Type, in Volume
4 Major Companies List
    4.1 Qingdao Tianya Chemical (Company Profile, Sales Data etc.)
        4.1.1 Qingdao Tianya Chemical Profile
                Table Qingdao Tianya Chemical Overview List
        4.1.2 Qingdao Tianya Chemical Products & Services
        4.1.3 Qingdao Tianya Chemical Business Operation Conditions
                Table Business Operation of Qingdao Tianya Chemical (Sales Revenue, Sales Volume, Price, Cost, Gross Margin)
    4.2 CP Kelco (Company Profile, Sales Data etc.)
        4.2.1 CP Kelco Profile
                Table CP Kelco Overview List
        4.2.2 CP Kelco Products & Services
        4.2.3 CP Kelco Business Operation Conditions
                Table Business Operation of CP Kelco (Sales Revenue, Sales Volume, Price, Cost, Gross Margin)
    4.3 Sinocmc Co.,Ltd (Company Profile, Sales Data etc.)
        4.3.1 Sinocmc Co.,Ltd Profile
                Table Sinocmc Co.,Ltd Overview List
        4.3.2 Sinocmc Co.,Ltd Products & Services
        4.3.3 Sinocmc Co.,Ltd Business Operation Conditions
                Table Business Operation of Sinocmc Co.,Ltd (Sales Revenue, Sales Volume, Price, Cost, Gross Margin)
    4.4 The DOW Chemical Company (Company Profile, Sales Data etc.)
        4.4.1 The DOW Chemical Company Profile
                Table The DOW Chemical Company Overview List
        4.4.2 The DOW Chemical Company Products & Services
        4.4.3 The DOW Chemical Company Business Operation Conditions
                Table Business Operation of The DOW Chemical Company (Sales Revenue, Sales Volume, Price, Cost, Gross Margin)
    4.5 Akay Organics (Company Profile, Sales Data etc.)
        4.5.1 Akay Organics Profile
                Table Akay Organics Overview List
        4.5.2 Akay Organics Products & Services
        4.5.3 Akay Organics Business Operation Conditions
                Table Business Operation of Akay Organics (Sales Revenue, Sales Volume, Price, Cost, Gross Margin)
    4.6 Niran BioChemical (Company Profile, Sales Data etc.)
        4.6.1 Niran BioChemical Profile
                Table Niran BioChemical Overview List
        4.6.2 Niran BioChemical Products & Services
        4.6.3 Niran BioChemical Business Operation Conditions
                Table Business Operation of Niran BioChemical (Sales Revenue, Sales Volume, Price, Cost, Gross Margin)
5 Market Competition
    5.1 Company Competition
                Table Global Sodium CarboxyMethyl Cellulose Sales Revenue 2016-2020, by Company, in USD Million
                Table Global Sodium CarboxyMethyl Cellulose Sales Revenue Share 2016-2020, by Company, in USD Million
                Figure Global Sodium CarboxyMethyl Cellulose Sales Revenue Share in 2020, by Company, in USD Million
                Table Global Sodium CarboxyMethyl Cellulose Sales Volume 2016-2020, by Company, in Volume
                Table Global Sodium CarboxyMethyl Cellulose Sales Volume Share 2016-2020, by Company, in Volume
                Figure Global Sodium CarboxyMethyl Cellulose Sales Volume Share in 2020, by Company, in Volume
    5.2 Regional Market by Company
                Figure North America Sodium CarboxyMethyl Cellulose Market Concentration, in 2020
                Figure Europe Sodium CarboxyMethyl Cellulose Market Market Concentration, in 2020
                Figure Asia-Pacific Sodium CarboxyMethyl Cellulose MMarket Concentration, in 2020
                Figure South America Sodium CarboxyMethyl Cellulose Market Concentration, in 2020
                Figure Middle East & Africa Sodium CarboxyMethyl Cellulose Market Concentration, in 2020
6 Demand by End Market
    6.1 Demand Situation
        6.1.1 Demand in Food Industry
                Figure Sodium CarboxyMethyl Cellulose Demand in Food Industry, 2016-2020, in USD Million
                Figure Sodium CarboxyMethyl Cellulose Demand in Food Industry, 2016-2020, in Volume
        6.1.2 Demand in Paints
                Figure Sodium CarboxyMethyl Cellulose Demand in Paints, 2016-2020, in USD Million
                Figure Sodium CarboxyMethyl Cellulose Demand in Paints, 2016-2020, in Volume
        6.1.3 Demand in Consumer Goods
                Figure Sodium CarboxyMethyl Cellulose Demand in Consumer Goods, 2016-2020, in USD Million
                Figure Sodium CarboxyMethyl Cellulose Demand in Consumer Goods, 2016-2020, in Volume
        6.1.4 Demand in Others
                Figure Sodium CarboxyMethyl Cellulose Demand in Others, 2016-2020, in USD Million
                Figure Sodium CarboxyMethyl Cellulose Demand in Others, 2016-2020, in Volume
    6.2 Regional Demand Comparison
                Table Regional Demand Comparison List
                Table Major Application in Different Regions
    6.3 Demand Forecast
                Table Sodium CarboxyMethyl Cellulose Demand Forecast 2021-2026, by Application, in USD Million
                Figure Sodium CarboxyMethyl Cellulose Market Growth 2021-2026, by Application, in USD Million
                Figure Sodium CarboxyMethyl Cellulose Market Share in 2026, by Application, in USD Million
                Table Sodium CarboxyMethyl Cellulose Demand Forecast 2021-2026, by Application, in Volume
                Table Sodium CarboxyMethyl Cellulose Market Growth 2021-2026, by Application, in Volume
                Table Sodium CarboxyMethyl Cellulose Market Share in 2026, by Application, in Volume
    6.4 Impact of the COVID-19 on the Demand
7 Region Operation
    7.1 Regional Production
                Table Sodium CarboxyMethyl Cellulose Production 2016-2020, by Region, in USD Million
                Table Sodium CarboxyMethyl Cellulose Production 2016-2020, by Region, in Volume
    7.2 Regional Market
                Table Global Sodium CarboxyMethyl Cellulose Market 2016-2020, by Region, in USD Million
                Table Global Sodium CarboxyMethyl Cellulose Market Share 2016-2020, by Region, in USD Million
                Table Global Sodium CarboxyMethyl Cellulose Market 2016-2020, by Region, in Volume
                Table Global Sodium CarboxyMethyl Cellulose Market Share 2016-2020, by Region, in Volume
    7.3 by Region
        7.3.1 North America
            7.3.1.1 Overview
                Figure North America Sodium CarboxyMethyl Cellulose Market Size and Growth 2016-2020, in USD Million
                Figure North America Sodium CarboxyMethyl Cellulose Market Size and Growth 2016-2020, in Volume
            7.3.1.2 by Country (U.S., Canada, Mexico)
                Table North America Sodium CarboxyMethyl Cellulose Market Size 2016-2020, by Country, in USD Million
                Table North America Sodium CarboxyMethyl Cellulose Market Size 2016-2020, by Country, in Volume
        7.3.2 Europe
            7.3.2.1 Overview
                Figure Europe Sodium CarboxyMethyl Cellulose Market Size and Growth 2016-2020, in USD Million
                Figure Europe Sodium CarboxyMethyl Cellulose Market Size and Growth 2016-2020, in Volume
            7.3.2.2 by Country (Germany, U.K., France, Italy, Russia, Spain etc.)
                Table Europe Sodium CarboxyMethyl Cellulose Market Size 2016-2020, by Country, in USD Million
                Table Europe Sodium CarboxyMethyl Cellulose Market Size 2016-2020, by Country, in Volume
        7.3.3 Asia-Pacific
            7.3.3.1 Overview
                Figure Asia-Pacific Sodium CarboxyMethyl Cellulose Market Size and Growth 2016-2020, in USD Million
                Figure Asia-Pacific Sodium CarboxyMethyl Cellulose Market Size and Growth 2016-2020, in Volume
            7.3.3.2 by Country (China, India, Japan, Southeast Asia etc.)
                Table Asia-Pacific Sodium CarboxyMethyl Cellulose Market Size 2016-2020, by Country, in USD Million
                Table Asia-Pacific Sodium CarboxyMethyl Cellulose Market Size 2016-2020, by Country, in Volume
        7.3.4 South America
            7.3.4.1 Overview
                Figure South America Sodium CarboxyMethyl Cellulose Market Size and Growth 2016-2020, in USD Million
                Figure South America Sodium CarboxyMethyl Cellulose Market Size and Growth 2016-2020, in Volume
            7.3.4.2 by Country (Brazil, Argentina etc.)
                Table South America Sodium CarboxyMethyl Cellulose Market Size 2016-2020, by Country, in USD Million
                Table South America Sodium CarboxyMethyl Cellulose Market Size 2016-2020, by Country, in Volume
        7.3.5 Middle East & Africa
            7.3.5.1 Overview
                Figure Middle East & Africa Sodium CarboxyMethyl Cellulose Market Size and Growth 2016-2020, in USD Million
                Figure Middle East & Africa Sodium CarboxyMethyl Cellulose Market Size and Growth 2016-2020, in Volume
            7.3.5.2 by Country (Saudi Arabia, South Africa etc.)
                Table Middle East & Africa Sodium CarboxyMethyl Cellulose Market Size 2016-2020, by Country, in USD Million
                Table Middle East & Africa Sodium CarboxyMethyl Cellulose Market Size 2016-2020, by Country, in Volume
    7.4 Regional Import & Export
    7.5 Regional Forecast
                Table Sodium CarboxyMethyl Cellulose Market Forecast 2021-2026, by Region, in USD Million
                Table Sodium CarboxyMethyl Cellulose Market Forecast 2021-2026, by Region, in Volume
8 Marketing & Price
    8.1 Price and Margin
        8.1.1 Price Trends
        8.1.2 Factors of Price Change
                Table Price Factors List
        8.1.3 Manufacturers Gross Margin Analysis
    8.2 Marketing Channel
                Figure Marketing Channels Overview
9 Research Conclusion","List of Table
1.                Table Upstream Segment of Sodium CarboxyMethyl Cellulose
2.                Table Application Segment of Sodium CarboxyMethyl Cellulose
3.                Table Global Sodium CarboxyMethyl Cellulose Market 2016-2026, by Application, in USD Million
4.                Table Major Company List of Ceramic Grade
5.                Table Major Company List of Textile Grade
6.                Table Major Company List of Others
7.                Table Global Sodium CarboxyMethyl Cellulose Market 2016-2020, by Type, in USD Million
8.                Table Global Sodium CarboxyMethyl Cellulose Market 2016-2020, by Type, in Volume
9.                Table Global Sodium CarboxyMethyl Cellulose Market Forecast 2021-2026, by Type, in USD Million
10.                Table Global Sodium CarboxyMethyl Cellulose Market Forecast 2021-2026, by Type, in Volume
11.                Table Qingdao Tianya Chemical Overview List
12.                Table Business Operation of Qingdao Tianya Chemical (Sales Revenue, Sales Volume, Price, Cost, Gross Margin)
13.                Table CP Kelco Overview List
14.                Table Business Operation of CP Kelco (Sales Revenue, Sales Volume, Price, Cost, Gross Margin)
15.                Table Sinocmc Co.,Ltd Overview List
16.                Table Business Operation of Sinocmc Co.,Ltd (Sales Revenue, Sales Volume, Price, Cost, Gross Margin)
17.                Table The DOW Chemical Company Overview List
18.                Table Business Operation of The DOW Chemical Company (Sales Revenue, Sales Volume, Price, Cost, Gross Margin)
19.                Table Akay Organics Overview List
20.                Table Business Operation of Akay Organics (Sales Revenue, Sales Volume, Price, Cost, Gross Margin)
21.                Table Niran BioChemical Overview List
22.                Table Business Operation of Niran BioChemical (Sales Revenue, Sales Volume, Price, Cost, Gross Margin)
23.                Table Global Sodium CarboxyMethyl Cellulose Sales Revenue 2016-2020, by Company, in USD Million
24.                Table Global Sodium CarboxyMethyl Cellulose Sales Revenue Share 2016-2020, by Company, in USD Million
25.                Table Global Sodium CarboxyMethyl Cellulose Sales Volume 2016-2020, by Company, in Volume
26.                Table Global Sodium CarboxyMethyl Cellulose Sales Volume Share 2016-2020, by Company, in Volume
27.                Table Regional Demand Comparison List
28.                Table Major Application in Different Regions
29.                Table Sodium CarboxyMethyl Cellulose Demand Forecast 2021-2026, by Application, in USD Million
30.                Table Sodium CarboxyMethyl Cellulose Demand Forecast 2021-2026, by Application, in Volume
31.                Table Sodium CarboxyMethyl Cellulose Market Growth 2021-2026, by Application, in Volume
32.                Table Sodium CarboxyMethyl Cellulose Market Share in 2026, by Application, in Volume
33.                Table Sodium CarboxyMethyl Cellulose Production 2016-2020, by Region, in USD Million
34.                Table Sodium CarboxyMethyl Cellulose Production 2016-2020, by Region, in Volume
35.                Table Global Sodium CarboxyMethyl Cellulose Market 2016-2020, by Region, in USD Million
36.                Table Global Sodium CarboxyMethyl Cellulose Market Share 2016-2020, by Region, in USD Million
37.                Table Global Sodium CarboxyMethyl Cellulose Market 2016-2020, by Region, in Volume
38.                Table Global Sodium CarboxyMethyl Cellulose Market Share 2016-2020, by Region, in Volume
39.                Table North America Sodium CarboxyMethyl Cellulose Market Size 2016-2020, by Country, in USD Million
40.                Table North America Sodium CarboxyMethyl Cellulose Market Size 2016-2020, by Country, in Volume
41.                Table Europe Sodium CarboxyMethyl Cellulose Market Size 2016-2020, by Country, in USD Million
42.                Table Europe Sodium CarboxyMethyl Cellulose Market Size 2016-2020, by Country, in Volume
43.                Table Asia-Pacific Sodium CarboxyMethyl Cellulose Market Size 2016-2020, by Country, in USD Million
44.                Table Asia-Pacific Sodium CarboxyMethyl Cellulose Market Size 2016-2020, by Country, in Volume
45.                Table South America Sodium CarboxyMethyl Cellulose Market Size 2016-2020, by Country, in USD Million
46.                Table South America Sodium CarboxyMethyl Cellulose Market Size 2016-2020, by Country, in Volume
47.                Table Middle East & Africa Sodium CarboxyMethyl Cellulose Market Size 2016-2020, by Country, in USD Million
48.                Table Middle East & Africa Sodium CarboxyMethyl Cellulose Market Size 2016-2020, by Country, in Volume
49.                Table Sodium CarboxyMethyl Cellulose Market Forecast 2021-2026, by Region, in USD Million
50.                Table Sodium CarboxyMethyl Cellulose Market Forecast 2021-2026, by Region, in Volume
51.                Table Price Factors List","List of Figure
1.                Figure Sodium CarboxyMethyl Cellulose Industry Chain Structure
2.                Figure Global Sodium CarboxyMethyl Cellulose Market Growth 2016-2020, by Type, in USD Million
3.                Figure Global Sodium CarboxyMethyl Cellulose Market Growth 2016-2020, by Type, in Volume
4.                Figure Global Sodium CarboxyMethyl Cellulose Sales Revenue Share in 2020, by Company, in USD Million
5.                Figure Global Sodium CarboxyMethyl Cellulose Sales Volume Share in 2020, by Company, in Volume
6.                Figure North America Sodium CarboxyMethyl Cellulose Market Concentration, in 2020
7.                Figure Europe Sodium CarboxyMethyl Cellulose Market Market Concentration, in 2020
8.                Figure Asia-Pacific Sodium CarboxyMethyl Cellulose MMarket Concentration, in 2020
9.                Figure South America Sodium CarboxyMethyl Cellulose Market Concentration, in 2020
10.                Figure Middle East & Africa Sodium CarboxyMethyl Cellulose Market Concentration, in 2020
11.                Figure Sodium CarboxyMethyl Cellulose Demand in Food Industry, 2016-2020, in USD Million
12.                Figure Sodium CarboxyMethyl Cellulose Demand in Food Industry, 2016-2020, in Volume
13.                Figure Sodium CarboxyMethyl Cellulose Demand in Paints, 2016-2020, in USD Million
14.                Figure Sodium CarboxyMethyl Cellulose Demand in Paints, 2016-2020, in Volume
15.                Figure Sodium CarboxyMethyl Cellulose Demand in Consumer Goods, 2016-2020, in USD Million
16.                Figure Sodium CarboxyMethyl Cellulose Demand in Consumer Goods, 2016-2020, in Volume
17.                Figure Sodium CarboxyMethyl Cellulose Demand in Others, 2016-2020, in USD Million
18.                Figure Sodium CarboxyMethyl Cellulose Demand in Others, 2016-2020, in Volume
19.                Figure Sodium CarboxyMethyl Cellulose Market Growth 2021-2026, by Application, in USD Million
20.                Figure Sodium CarboxyMethyl Cellulose Market Share in 2026, by Application, in USD Million
21.                Figure North America Sodium CarboxyMethyl Cellulose Market Size and Growth 2016-2020, in USD Million
22.                Figure North America Sodium CarboxyMethyl Cellulose Market Size and Growth 2016-2020, in Volume
23.                Figure Europe Sodium CarboxyMethyl Cellulose Market Size and Growth 2016-2020, in USD Million
24.                Figure Europe Sodium CarboxyMethyl Cellulose Market Size and Growth 2016-2020, in Volume
25.                Figure Asia-Pacific Sodium CarboxyMethyl Cellulose Market Size and Growth 2016-2020, in USD Million
26.                Figure Asia-Pacific Sodium CarboxyMethyl Cellulose Market Size and Growth 2016-2020, in Volume
27.                Figure South America Sodium CarboxyMethyl Cellulose Market Size and Growth 2016-2020, in USD Million
28.                Figure South America Sodium CarboxyMethyl Cellulose Market Size and Growth 2016-2020, in Volume
29.                Figure Middle East & Africa Sodium CarboxyMethyl Cellulose Market Size and Growth 2016-2020, in USD Million
30.                Figure Middle East & Africa Sodium CarboxyMethyl Cellulose Market Size and Growth 2016-2020, in Volume
31.                Figure Marketing Channels Overview","$2,980 ","$5,960 ","$5,960 ",99SGL298Che20210200024827
7-Apr-21,"Automotive & Transportation","Global Crossply OTR Tires Market Analysis 2016-2020 and Forecast 2021-2026","Snapshot
The global Crossply OTR Tires market size is estimated at xxx million USD with a CAGR xx% from 2016-2020 and is expected to reach xxx Million USD in 2021 with a CAGR xx% from 2021 to 2026. The report begins from overview of Industry Chain structure, and describes industry environment, then analyses market size and forecast of Crossply OTR Tires by product, region and application, in addition, this report introduces market competition situation among the vendors and company profile, besides, market price analysis and value chain features are covered in this report.
Product Type Coverage (Market Size & Forecast, Major Company of Product Type etc.):
        Inner Tube
        Tubeless
Company Coverage (Company Profile, Sales Revenue, Price, Gross Margin, Main Products etc.):
        Michelin
        Bridgestone
        Goodyear
        Titan
        Yokohama Tire
        Bkt
        Continental
        Alliance Tire Group
        J.K.
        Pirelli
        Maxam Tire
        Nokian
        Chemchina
        Guizhou Tire
        Zhongce Rubber
        Long March
        Double Coin
        Haoyu Rubber
        Triangle
        Prinx Chengshan
        Tutric
        Doublestar
Application Coverage (Market Size & Forecast, Different Demand Market by Region, Main Consumer Profile etc.):
        Loader
        Grader
        Telescopic Handlers
        Others
Region Coverage (Regional Production, Demand & Forecast by Countries etc.):
        North America (U.S., Canada, Mexico)
        Europe (Germany, U.K., France, Italy, Russia, Spain etc.)
        Asia-Pacific (China, India, Japan, Southeast Asia etc.)
        South America (Brazil, Argentina etc.)
        Middle East & Africa (Saudi Arabia, South Africa etc.)",123,"Table of Contents
1 Industry Overview
    1.1 Crossply OTR Tires Industry
                Figure Crossply OTR Tires Industry Chain Structure
        1.1.1 Overview
        1.1.2 Development of Crossply OTR Tires
    1.2 Market Segment
        1.2.1 Upstream
                Table Upstream Segment of Crossply OTR Tires
        1.2.2 Downstream
                Table Application Segment of Crossply OTR Tires
                Table Global Crossply OTR Tires Market 2016-2026, by Application, in USD Million
        1.2.3 COVID-19 Impact
    1.3 Cost Analysis
2 Industry Environment (PEST Analysis)
    2.1 Policy
    2.2 Economics
    2.3 Sociology
    2.4 Technology
3 Crossply OTR Tires Market by Type
    3.1 By Type
        3.1.1 Inner Tube
                Table Major Company List of Inner Tube
        3.1.2 Tubeless
                Table Major Company List of Tubeless
    3.2 Market Size
                Table Global Crossply OTR Tires Market 2016-2020, by Type, in USD Million
                Figure Global Crossply OTR Tires Market Growth 2016-2020, by Type, in USD Million
                Table Global Crossply OTR Tires Market 2016-2020, by Type, in Volume
                Figure Global Crossply OTR Tires Market Growth 2016-2020, by Type, in Volume
    3.3 Market Forecast
                Table Global Crossply OTR Tires Market Forecast 2021-2026, by Type, in USD Million
                Table Global Crossply OTR Tires Market Forecast 2021-2026, by Type, in Volume
4 Major Companies List
    4.1 Michelin (Company Profile, Sales Data etc.)
        4.1.1 Michelin Profile
                Table Michelin Overview List
        4.1.2 Michelin Products & Services
        4.1.3 Michelin Business Operation Conditions
                Table Business Operation of Michelin (Sales Revenue, Sales Volume, Price, Cost, Gross Margin)
    4.2 Bridgestone (Company Profile, Sales Data etc.)
        4.2.1 Bridgestone Profile
                Table Bridgestone Overview List
        4.2.2 Bridgestone Products & Services
        4.2.3 Bridgestone Business Operation Conditions
                Table Business Operation of Bridgestone (Sales Revenue, Sales Volume, Price, Cost, Gross Margin)
    4.3 Goodyear (Company Profile, Sales Data etc.)
        4.3.1 Goodyear Profile
                Table Goodyear Overview List
        4.3.2 Goodyear Products & Services
        4.3.3 Goodyear Business Operation Conditions
                Table Business Operation of Goodyear (Sales Revenue, Sales Volume, Price, Cost, Gross Margin)
    4.4 Titan (Company Profile, Sales Data etc.)
        4.4.1 Titan Profile
                Table Titan Overview List
        4.4.2 Titan Products & Services
        4.4.3 Titan Business Operation Conditions
                Table Business Operation of Titan (Sales Revenue, Sales Volume, Price, Cost, Gross Margin)
    4.5 Yokohama Tire (Company Profile, Sales Data etc.)
        4.5.1 Yokohama Tire Profile
                Table Yokohama Tire Overview List
        4.5.2 Yokohama Tire Products & Services
        4.5.3 Yokohama Tire Business Operation Conditions
                Table Business Operation of Yokohama Tire (Sales Revenue, Sales Volume, Price, Cost, Gross Margin)
    4.6 Bkt (Company Profile, Sales Data etc.)
        4.6.1 Bkt Profile
                Table Bkt Overview List
        4.6.2 Bkt Products & Services
        4.6.3 Bkt Business Operation Conditions
                Table Business Operation of Bkt (Sales Revenue, Sales Volume, Price, Cost, Gross Margin)
    4.7 Continental (Company Profile, Sales Data etc.)
        4.7.1 Continental Profile
                Table Continental Overview List
        4.7.2 Continental Products & Services
        4.7.3 Continental Business Operation Conditions
                Table Business Operation of Continental (Sales Revenue, Sales Volume, Price, Cost, Gross Margin)
    4.8 Alliance Tire Group (Company Profile, Sales Data etc.)
        4.8.1 Alliance Tire Group Profile
                Table Alliance Tire Group Overview List
        4.8.2 Alliance Tire Group Products & Services
        4.8.3 Alliance Tire Group Business Operation Conditions
                Table Business Operation of Alliance Tire Group (Sales Revenue, Sales Volume, Price, Cost, Gross Margin)
    4.9 J.K. (Company Profile, Sales Data etc.)
        4.9.1 J.K. Profile
                Table J.K. Overview List
        4.9.2 J.K. Products & Services
        4.9.3 J.K. Business Operation Conditions
                Table Business Operation of J.K. (Sales Revenue, Sales Volume, Price, Cost, Gross Margin)
    4.10 Pirelli (Company Profile, Sales Data etc.)
        4.10.1 Pirelli Profile
                Table Pirelli Overview List
        4.10.2 Pirelli Products & Services
        4.10.3 Pirelli Business Operation Conditions
                Table Business Operation of Pirelli (Sales Revenue, Sales Volume, Price, Cost, Gross Margin)
    4.11 Maxam Tire (Company Profile, Sales Data etc.)
        4.11.1 Maxam Tire Profile
                Table Maxam Tire Overview List
        4.11.2 Maxam Tire Products & Services
        4.11.3 Maxam Tire Business Operation Conditions
                Table Business Operation of Maxam Tire (Sales Revenue, Sales Volume, Price, Cost, Gross Margin)
    4.12 Nokian (Company Profile, Sales Data etc.)
        4.12.1 Nokian Profile
                Table Nokian Overview List
        4.12.2 Nokian Products & Services
        4.12.3 Nokian Business Operation Conditions
                Table Business Operation of Nokian (Sales Revenue, Cost, Gross Margin)
    4.13 Chemchina (Company Profile, Sales Data etc.)
        4.13.1 Chemchina Profile
                Table Chemchina Overview List
        4.13.2 Chemchina Products & Services
        4.13.3 Chemchina Business Operation Conditions
                Table Business Operation of Chemchina (Sales Revenue, Sales Volume, Price, Cost, Gross Margin)
    4.14 Guizhou Tire (Company Profile, Sales Data etc.)
        4.14.1 Guizhou Tire Profile
                Table Guizhou Tire Overview List
        4.14.2 Guizhou Tire Products & Services
        4.14.3 Guizhou Tire Business Operation Conditions
                Table Business Operation of Guizhou Tire (Sales Revenue, Cost, Gross Margin)
    4.15 Zhongce Rubber (Company Profile, Sales Data etc.)
        4.15.1 Zhongce Rubber Profile
                Table Zhongce Rubber Overview List
        4.15.2 Zhongce Rubber Products & Services
        4.15.3 Zhongce Rubber Business Operation Conditions
                Table Business Operation of Zhongce Rubber (Sales Revenue, Cost, Gross Margin)
    4.16 Long March (Company Profile, Sales Data etc.)
        4.16.1 Long March Profile
                Table Long March Overview List
        4.16.2 Long March Products & Services
        4.16.3 Long March Business Operation Conditions
                Table Business Operation of Long March (Sales Revenue, Cost, Gross Margin)
    4.17 Double Coin (Company Profile, Sales Data etc.)
        4.17.1 Double Coin Profile
                Table Double Coin Overview List
        4.17.2 Double Coin Products & Services
        4.17.3 Double Coin Business Operation Conditions
                Table Business Operation of Double Coin (Sales Revenue, Cost, Gross Margin)
    4.18 Haoyu Rubber (Company Profile, Sales Data etc.)
        4.18.1 Haoyu Rubber Profile
                Table Haoyu Rubber Overview List
        4.18.2 Haoyu Rubber Products & Services
        4.18.3 Haoyu Rubber Business Operation Conditions
                Table Business Operation of Haoyu Rubber (Sales Revenue, Cost, Gross Margin)
    4.19 Triangle (Company Profile, Sales Data etc.)
        4.19.1 Triangle Profile
                Table Triangle Overview List
        4.19.2 Triangle Products & Services
        4.19.3 Triangle Business Operation Conditions
                Table Business Operation of Triangle (Sales Revenue, Cost, Gross Margin)
    4.20 Prinx Chengshan (Company Profile, Sales Data etc.)
        4.20.1 Prinx Chengshan Profile
                Table Prinx Chengshan Overview List
        4.20.2 Prinx Chengshan Products & Services
        4.20.3 Prinx Chengshan Business Operation Conditions
                Table Business Operation of Prinx Chengshan (Sales Revenue, Cost, Gross Margin)
    4.21 Tutric (Company Profile, Sales Data etc.)
        4.21.1 Tutric Profile
                Table Tutric Overview List
        4.21.2 Tutric Products & Services
        4.21.3 Tutric Business Operation Conditions
                Table Business Operation of Tutric (Sales Revenue, Cost, Gross Margin)
    4.22 Doublestar (Company Profile, Sales Data etc.)
        4.22.1 Doublestar Profile
                Table Doublestar Overview List
        4.22.2 Doublestar Products & Services
        4.22.3 Doublestar Business Operation Conditions
                Table Business Operation of Doublestar (Sales Revenue, Cost, Gross Margin)
5 Market Competition
    5.1 Company Competition
                Table Global Crossply OTR Tires Sales Revenue 2016-2020, by Company, in USD Million
                Table Global Crossply OTR Tires Sales Revenue Share 2016-2020, by Company, in USD Million
                Figure Global Crossply OTR Tires Sales Revenue Share in 2020, by Company, in USD Million
                Table Global Crossply OTR Tires Sales Volume 2016-2020, by Company, in Volume
                Table Global Crossply OTR Tires Sales Volume Share 2016-2020, by Company, in Volume
                Figure Global Crossply OTR Tires Sales Volume Share in 2020, by Company, in Volume
    5.2 Regional Market by Company
                Figure North America Crossply OTR Tires Market Concentration, in 2020
                Figure Europe Crossply OTR Tires Market Market Concentration, in 2020
                Figure Asia-Pacific Crossply OTR Tires MMarket Concentration, in 2020
                Figure South America Crossply OTR Tires Market Concentration, in 2020
                Figure Middle East & Africa Crossply OTR Tires Market Concentration, in 2020
6 Demand by End Market
    6.1 Demand Situation
        6.1.1 Demand in Loader
                Figure Crossply OTR Tires Demand in Loader, 2016-2020, in USD Million
                Figure Crossply OTR Tires Demand in Loader, 2016-2020, in Volume
        6.1.2 Demand in Grader
                Figure Crossply OTR Tires Demand in Grader, 2016-2020, in USD Million
                Figure Crossply OTR Tires Demand in Grader, 2016-2020, in Volume
        6.1.3 Demand in Telescopic Handlers
                Figure Crossply OTR Tires Demand in Telescopic Handlers, 2016-2020, in USD Million
                Figure Crossply OTR Tires Demand in Telescopic Handlers, 2016-2020, in Volume
        6.1.4 Demand in Others
                Figure Crossply OTR Tires Demand in Others, 2016-2020, in USD Million
                Figure Crossply OTR Tires Demand in Others, 2016-2020, in Volume
    6.2 Regional Demand Comparison
                Table Regional Demand Comparison List
                Table Major Application in Different Regions
    6.3 Demand Forecast
                Table Crossply OTR Tires Demand Forecast 2021-2026, by Application, in USD Million
                Figure Crossply OTR Tires Market Growth 2021-2026, by Application, in USD Million
                Figure Crossply OTR Tires Market Share in 2026, by Application, in USD Million
                Table Crossply OTR Tires Demand Forecast 2021-2026, by Application, in Volume
                Table Crossply OTR Tires Market Growth 2021-2026, by Application, in Volume
                Table Crossply OTR Tires Market Share in 2026, by Application, in Volume
    6.4 Impact of the COVID-19 on the Demand
7 Region Operation
    7.1 Regional Production
                Table Crossply OTR Tires Production 2016-2020, by Region, in USD Million
                Table Crossply OTR Tires Production 2016-2020, by Region, in Volume
    7.2 Regional Market
                Table Global Crossply OTR Tires Market 2016-2020, by Region, in USD Million
                Table Global Crossply OTR Tires Market Share 2016-2020, by Region, in USD Million
                Table Global Crossply OTR Tires Market 2016-2020, by Region, in Volume
                Table Global Crossply OTR Tires Market Share 2016-2020, by Region, in Volume
    7.3 by Region
        7.3.1 North America
            7.3.1.1 Overview
                Figure North America Crossply OTR Tires Market Size and Growth 2016-2020, in USD Million
                Figure North America Crossply OTR Tires Market Size and Growth 2016-2020, in Volume
            7.3.1.2 by Country (U.S., Canada, Mexico)
                Table North America Crossply OTR Tires Market Size 2016-2020, by Country, in USD Million
                Table North America Crossply OTR Tires Market Size 2016-2020, by Country, in Volume
        7.3.2 Europe
            7.3.2.1 Overview
                Figure Europe Crossply OTR Tires Market Size and Growth 2016-2020, in USD Million
                Figure Europe Crossply OTR Tires Market Size and Growth 2016-2020, in Volume
            7.3.2.2 by Country (Germany, U.K., France, Italy, Russia, Spain etc.)
                Table Europe Crossply OTR Tires Market Size 2016-2020, by Country, in USD Million
                Table Europe Crossply OTR Tires Market Size 2016-2020, by Country, in Volume
        7.3.3 Asia-Pacific
            7.3.3.1 Overview
                Figure Asia-Pacific Crossply OTR Tires Market Size and Growth 2016-2020, in USD Million
                Figure Asia-Pacific Crossply OTR Tires Market Size and Growth 2016-2020, in Volume
            7.3.3.2 by Country (China, India, Japan, Southeast Asia etc.)
                Table Asia-Pacific Crossply OTR Tires Market Size 2016-2020, by Country, in USD Million
                Table Asia-Pacific Crossply OTR Tires Market Size 2016-2020, by Country, in Volume
        7.3.4 South America
            7.3.4.1 Overview
                Figure South America Crossply OTR Tires Market Size and Growth 2016-2020, in USD Million
                Figure South America Crossply OTR Tires Market Size and Growth 2016-2020, in Volume
            7.3.4.2 by Country (Brazil, Argentina etc.)
                Table South America Crossply OTR Tires Market Size 2016-2020, by Country, in USD Million
                Table South America Crossply OTR Tires Market Size 2016-2020, by Country, in Volume
        7.3.5 Middle East & Africa
            7.3.5.1 Overview
                Figure Middle East & Africa Crossply OTR Tires Market Size and Growth 2016-2020, in USD Million
                Figure Middle East & Africa Crossply OTR Tires Market Size and Growth 2016-2020, in Volume
            7.3.5.2 by Country (Saudi Arabia, South Africa etc.)
                Table Middle East & Africa Crossply OTR Tires Market Size 2016-2020, by Country, in USD Million
                Table Middle East & Africa Crossply OTR Tires Market Size 2016-2020, by Country, in Volume
    7.4 Regional Import & Export
    7.5 Regional Forecast
                Table Crossply OTR Tires Market Forecast 2021-2026, by Region, in USD Million
                Table Crossply OTR Tires Market Forecast 2021-2026, by Region, in Volume
8 Marketing & Price
    8.1 Price and Margin
        8.1.1 Price Trends
        8.1.2 Factors of Price Change
                Table Price Factors List
        8.1.3 Manufacturers Gross Margin Analysis
    8.2 Marketing Channel
                Figure Marketing Channels Overview
9 Research Conclusion","List of Table
1.                Table Upstream Segment of Crossply OTR Tires
2.                Table Application Segment of Crossply OTR Tires
3.                Table Global Crossply OTR Tires Market 2016-2026, by Application, in USD Million
4.                Table Major Company List of Tubeless
5.                Table Global Crossply OTR Tires Market 2016-2020, by Type, in USD Million
6.                Table Global Crossply OTR Tires Market 2016-2020, by Type, in Volume
7.                Table Global Crossply OTR Tires Market Forecast 2021-2026, by Type, in USD Million
8.                Table Global Crossply OTR Tires Market Forecast 2021-2026, by Type, in Volume
9.                Table Michelin Overview List
10.                Table Business Operation of Michelin (Sales Revenue, Sales Volume, Price, Cost, Gross Margin)
11.                Table Bridgestone Overview List
12.                Table Business Operation of Bridgestone (Sales Revenue, Sales Volume, Price, Cost, Gross Margin)
13.                Table Goodyear Overview List
14.                Table Business Operation of Goodyear (Sales Revenue, Sales Volume, Price, Cost, Gross Margin)
15.                Table Titan Overview List
16.                Table Business Operation of Titan (Sales Revenue, Sales Volume, Price, Cost, Gross Margin)
17.                Table Yokohama Tire Overview List
18.                Table Business Operation of Yokohama Tire (Sales Revenue, Sales Volume, Price, Cost, Gross Margin)
19.                Table Bkt Overview List
20.                Table Business Operation of Bkt (Sales Revenue, Sales Volume, Price, Cost, Gross Margin)
21.                Table Continental Overview List
22.                Table Business Operation of Continental (Sales Revenue, Sales Volume, Price, Cost, Gross Margin)
23.                Table Alliance Tire Group Overview List
24.                Table Business Operation of Alliance Tire Group (Sales Revenue, Sales Volume, Price, Cost, Gross Margin)
25.                Table J.K. Overview List
26.                Table Business Operation of J.K. (Sales Revenue, Sales Volume, Price, Cost, Gross Margin)
27.                Table Pirelli Overview List
28.                Table Business Operation of Pirelli (Sales Revenue, Sales Volume, Price, Cost, Gross Margin)
29.                Table Maxam Tire Overview List
30.                Table Business Operation of Maxam Tire (Sales Revenue, Sales Volume, Price, Cost, Gross Margin)
31.                Table Nokian Overview List
32.                Table Business Operation of Nokian (Sales Revenue, Cost, Gross Margin)
33.                Table Chemchina Overview List
34.                Table Business Operation of Chemchina (Sales Revenue, Sales Volume, Price, Cost, Gross Margin)
35.                Table Guizhou Tire Overview List
36.                Table Business Operation of Guizhou Tire (Sales Revenue, Cost, Gross Margin)
37.                Table Zhongce Rubber Overview List
38.                Table Business Operation of Zhongce Rubber (Sales Revenue, Cost, Gross Margin)
39.                Table Long March Overview List
40.                Table Business Operation of Long March (Sales Revenue, Cost, Gross Margin)
41.                Table Double Coin Overview List
42.                Table Business Operation of Double Coin (Sales Revenue, Cost, Gross Margin)
43.                Table Haoyu Rubber Overview List
44.                Table Business Operation of Haoyu Rubber (Sales Revenue, Cost, Gross Margin)
45.                Table Triangle Overview List
46.                Table Business Operation of Triangle (Sales Revenue, Cost, Gross Margin)
47.                Table Prinx Chengshan Overview List
48.                Table Business Operation of Prinx Chengshan (Sales Revenue, Cost, Gross Margin)
49.                Table Tutric Overview List
50.                Table Business Operation of Tutric (Sales Revenue, Cost, Gross Margin)
51.                Table Doublestar Overview List
52.                Table Business Operation of Doublestar (Sales Revenue, Cost, Gross Margin)
53.                Table Global Crossply OTR Tires Sales Revenue 2016-2020, by Company, in USD Million
54.                Table Global Crossply OTR Tires Sales Revenue Share 2016-2020, by Company, in USD Million
55.                Table Global Crossply OTR Tires Sales Volume 2016-2020, by Company, in Volume
56.                Table Global Crossply OTR Tires Sales Volume Share 2016-2020, by Company, in Volume
57.                Table Regional Demand Comparison List
58.                Table Major Application in Different Regions
59.                Table Crossply OTR Tires Demand Forecast 2021-2026, by Application, in USD Million
60.                Table Crossply OTR Tires Demand Forecast 2021-2026, by Application, in Volume
61.                Table Crossply OTR Tires Market Growth 2021-2026, by Application, in Volume
62.                Table Crossply OTR Tires Market Share in 2026, by Application, in Volume
63.                Table Crossply OTR Tires Production 2016-2020, by Region, in USD Million
64.                Table Crossply OTR Tires Production 2016-2020, by Region, in Volume
65.                Table Global Crossply OTR Tires Market 2016-2020, by Region, in USD Million
66.                Table Global Crossply OTR Tires Market Share 2016-2020, by Region, in USD Million
67.                Table Global Crossply OTR Tires Market 2016-2020, by Region, in Volume
68.                Table Global Crossply OTR Tires Market Share 2016-2020, by Region, in Volume
69.                Table North America Crossply OTR Tires Market Size 2016-2020, by Country, in USD Million
70.                Table North America Crossply OTR Tires Market Size 2016-2020, by Country, in Volume
71.                Table Europe Crossply OTR Tires Market Size 2016-2020, by Country, in USD Million
72.                Table Europe Crossply OTR Tires Market Size 2016-2020, by Country, in Volume
73.                Table Asia-Pacific Crossply OTR Tires Market Size 2016-2020, by Country, in USD Million
74.                Table Asia-Pacific Crossply OTR Tires Market Size 2016-2020, by Country, in Volume
75.                Table South America Crossply OTR Tires Market Size 2016-2020, by Country, in USD Million
76.                Table South America Crossply OTR Tires Market Size 2016-2020, by Country, in Volume
77.                Table Middle East & Africa Crossply OTR Tires Market Size 2016-2020, by Country, in USD Million
78.                Table Middle East & Africa Crossply OTR Tires Market Size 2016-2020, by Country, in Volume
79.                Table Crossply OTR Tires Market Forecast 2021-2026, by Region, in USD Million
80.                Table Crossply OTR Tires Market Forecast 2021-2026, by Region, in Volume
81.                Table Price Factors List","List of Figure
1.                Figure Crossply OTR Tires Industry Chain Structure
2.                Figure Global Crossply OTR Tires Market Growth 2016-2020, by Type, in USD Million
3.                Figure Global Crossply OTR Tires Market Growth 2016-2020, by Type, in Volume
4.                Figure Global Crossply OTR Tires Sales Revenue Share in 2020, by Company, in USD Million
5.                Figure Global Crossply OTR Tires Sales Volume Share in 2020, by Company, in Volume
6.                Figure North America Crossply OTR Tires Market Concentration, in 2020
7.                Figure Europe Crossply OTR Tires Market Market Concentration, in 2020
8.                Figure Asia-Pacific Crossply OTR Tires MMarket Concentration, in 2020
9.                Figure South America Crossply OTR Tires Market Concentration, in 2020
10.                Figure Middle East & Africa Crossply OTR Tires Market Concentration, in 2020
11.                Figure Crossply OTR Tires Demand in Loader, 2016-2020, in USD Million
12.                Figure Crossply OTR Tires Demand in Loader, 2016-2020, in Volume
13.                Figure Crossply OTR Tires Demand in Grader, 2016-2020, in USD Million
14.                Figure Crossply OTR Tires Demand in Grader, 2016-2020, in Volume
15.                Figure Crossply OTR Tires Demand in Telescopic Handlers, 2016-2020, in USD Million
16.                Figure Crossply OTR Tires Demand in Telescopic Handlers, 2016-2020, in Volume
17.                Figure Crossply OTR Tires Demand in Others, 2016-2020, in USD Million
18.                Figure Crossply OTR Tires Demand in Others, 2016-2020, in Volume
19.                Figure Crossply OTR Tires Market Growth 2021-2026, by Application, in USD Million
20.                Figure Crossply OTR Tires Market Share in 2026, by Application, in USD Million
21.                Figure North America Crossply OTR Tires Market Size and Growth 2016-2020, in USD Million
22.                Figure North America Crossply OTR Tires Market Size and Growth 2016-2020, in Volume
23.                Figure Europe Crossply OTR Tires Market Size and Growth 2016-2020, in USD Million
24.                Figure Europe Crossply OTR Tires Market Size and Growth 2016-2020, in Volume
25.                Figure Asia-Pacific Crossply OTR Tires Market Size and Growth 2016-2020, in USD Million
26.                Figure Asia-Pacific Crossply OTR Tires Market Size and Growth 2016-2020, in Volume
27.                Figure South America Crossply OTR Tires Market Size and Growth 2016-2020, in USD Million
28.                Figure South America Crossply OTR Tires Market Size and Growth 2016-2020, in Volume
29.                Figure Middle East & Africa Crossply OTR Tires Market Size and Growth 2016-2020, in USD Million
30.                Figure Middle East & Africa Crossply OTR Tires Market Size and Growth 2016-2020, in Volume
31.                Figure Marketing Channels Overview","$2,980 ","$5,960 ","$5,960 ",99SGL298Aut20210200024828
7-Apr-21,"Chemical & Material","Global Cadmium Acetate Market Analysis 2016-2020 and Forecast 2021-2026","Snapshot
The global Cadmium Acetate market size is estimated at xxx million USD with a CAGR xx% from 2016-2020 and is expected to reach xxx Million USD in 2021 with a CAGR xx% from 2021 to 2026. The report begins from overview of Industry Chain structure, and describes industry environment, then analyses market size and forecast of Cadmium Acetate by product, region and application, in addition, this report introduces market competition situation among the vendors and company profile, besides, market price analysis and value chain features are covered in this report.
Product Type Coverage (Market Size & Forecast, Major Company of Product Type etc.):
        Cadmium Oxide Method
        Cadmium Nitrate Method
Company Coverage (Company Profile, Sales Revenue, Price, Gross Margin, Main Products etc.):
        Nanjing Reagent
        Wuhan Xin Wei Chemical
Application Coverage (Market Size & Forecast, Different Demand Market by Region, Main Consumer Profile etc.):
        Ceramic Industry
        Electroplate
        Textile Printing
        Others
Region Coverage (Regional Production, Demand & Forecast by Countries etc.):
        North America (U.S., Canada, Mexico)
        Europe (Germany, U.K., France, Italy, Russia, Spain etc.)
        Asia-Pacific (China, India, Japan, Southeast Asia etc.)
        South America (Brazil, Argentina etc.)
        Middle East & Africa (Saudi Arabia, South Africa etc.)",79,"Table of Contents
1 Industry Overview
    1.1 Cadmium Acetate Industry
                Figure Cadmium Acetate Industry Chain Structure
        1.1.1 Overview
        1.1.2 Development of Cadmium Acetate
    1.2 Market Segment
        1.2.1 Upstream
                Table Upstream Segment of Cadmium Acetate
        1.2.2 Downstream
                Table Application Segment of Cadmium Acetate
                Table Global Cadmium Acetate Market 2016-2026, by Application, in USD Million
        1.2.3 COVID-19 Impact
    1.3 Cost Analysis
2 Industry Environment (PEST Analysis)
    2.1 Policy
    2.2 Economics
    2.3 Sociology
    2.4 Technology
3 Cadmium Acetate Market by Type
    3.1 By Type
        3.1.1 Cadmium Oxide Method
                Table Major Company List of Cadmium Oxide Method
        3.1.2 Cadmium Nitrate Method
                Table Major Company List of Cadmium Nitrate Method
    3.2 Market Size
                Table Global Cadmium Acetate Market 2016-2020, by Type, in USD Million
                Figure Global Cadmium Acetate Market Growth 2016-2020, by Type, in USD Million
                Table Global Cadmium Acetate Market 2016-2020, by Type, in Volume
                Figure Global Cadmium Acetate Market Growth 2016-2020, by Type, in Volume
    3.3 Market Forecast
                Table Global Cadmium Acetate Market Forecast 2021-2026, by Type, in USD Million
                Table Global Cadmium Acetate Market Forecast 2021-2026, by Type, in Volume
4 Major Companies List
    4.1 Nanjing Reagent (Company Profile, Sales Data etc.)
        4.1.1 Nanjing Reagent Profile
                Table Nanjing Reagent Overview List
        4.1.2 Nanjing Reagent Products & Services
        4.1.3 Nanjing Reagent Business Operation Conditions
                Table Business Operation of Nanjing Reagent (Sales Revenue, Sales Volume, Price, Cost, Gross Margin)
    4.2 Wuhan Xin Wei Chemical (Company Profile, Sales Data etc.)
        4.2.1 Wuhan Xin Wei Chemical Profile
                Table Wuhan Xin Wei Chemical Overview List
        4.2.2 Wuhan Xin Wei Chemical Products & Services
        4.2.3 Wuhan Xin Wei Chemical Business Operation Conditions
                Table Business Operation of Wuhan Xin Wei Chemical (Sales Revenue, Sales Volume, Price, Cost, Gross Margin)
5 Market Competition
    5.1 Company Competition
                Table Global Cadmium Acetate Sales Revenue 2016-2020, by Company, in USD Million
                Table Global Cadmium Acetate Sales Revenue Share 2016-2020, by Company, in USD Million
                Figure Global Cadmium Acetate Sales Revenue Share in 2020, by Company, in USD Million
                Table Global Cadmium Acetate Sales Volume 2016-2020, by Company, in Volume
                Table Global Cadmium Acetate Sales Volume Share 2016-2020, by Company, in Volume
                Figure Global Cadmium Acetate Sales Volume Share in 2020, by Company, in Volume
    5.2 Regional Market by Company
                Figure North America Cadmium Acetate Market Concentration, in 2020
                Figure Europe Cadmium Acetate Market Market Concentration, in 2020
                Figure Asia-Pacific Cadmium Acetate MMarket Concentration, in 2020
                Figure South America Cadmium Acetate Market Concentration, in 2020
                Figure Middle East & Africa Cadmium Acetate Market Concentration, in 2020
6 Demand by End Market
    6.1 Demand Situation
        6.1.1 Demand in Ceramic Industry
                Figure Cadmium Acetate Demand in Ceramic Industry, 2016-2020, in USD Million
                Figure Cadmium Acetate Demand in Ceramic Industry, 2016-2020, in Volume
        6.1.2 Demand in Electroplate
                Figure Cadmium Acetate Demand in Electroplate, 2016-2020, in USD Million
                Figure Cadmium Acetate Demand in Electroplate, 2016-2020, in Volume
        6.1.3 Demand in Textile Printing
                Figure Cadmium Acetate Demand in Textile Printing, 2016-2020, in USD Million
                Figure Cadmium Acetate Demand in Textile Printing, 2016-2020, in Volume
        6.1.4 Demand in Others
                Figure Cadmium Acetate Demand in Others, 2016-2020, in USD Million
                Figure Cadmium Acetate Demand in Others, 2016-2020, in Volume
    6.2 Regional Demand Comparison
                Table Regional Demand Comparison List
                Table Major Application in Different Regions
    6.3 Demand Forecast
                Table Cadmium Acetate Demand Forecast 2021-2026, by Application, in USD Million
                Figure Cadmium Acetate Market Growth 2021-2026, by Application, in USD Million
                Figure Cadmium Acetate Market Share in 2026, by Application, in USD Million
                Table Cadmium Acetate Demand Forecast 2021-2026, by Application, in Volume
                Table Cadmium Acetate Market Growth 2021-2026, by Application, in Volume
                Table Cadmium Acetate Market Share in 2026, by Application, in Volume
    6.4 Impact of the COVID-19 on the Demand
7 Region Operation
    7.1 Regional Production
                Table Cadmium Acetate Production 2016-2020, by Region, in USD Million
                Table Cadmium Acetate Production 2016-2020, by Region, in Volume
    7.2 Regional Market
                Table Global Cadmium Acetate Market 2016-2020, by Region, in USD Million
                Table Global Cadmium Acetate Market Share 2016-2020, by Region, in USD Million
                Table Global Cadmium Acetate Market 2016-2020, by Region, in Volume
                Table Global Cadmium Acetate Market Share 2016-2020, by Region, in Volume
    7.3 by Region
        7.3.1 North America
            7.3.1.1 Overview
                Figure North America Cadmium Acetate Market Size and Growth 2016-2020, in USD Million
                Figure North America Cadmium Acetate Market Size and Growth 2016-2020, in Volume
            7.3.1.2 by Country (U.S., Canada, Mexico)
                Table North America Cadmium Acetate Market Size 2016-2020, by Country, in USD Million
                Table North America Cadmium Acetate Market Size 2016-2020, by Country, in Volume
        7.3.2 Europe
            7.3.2.1 Overview
                Figure Europe Cadmium Acetate Market Size and Growth 2016-2020, in USD Million
                Figure Europe Cadmium Acetate Market Size and Growth 2016-2020, in Volume
            7.3.2.2 by Country (Germany, U.K., France, Italy, Russia, Spain etc.)
                Table Europe Cadmium Acetate Market Size 2016-2020, by Country, in USD Million
                Table Europe Cadmium Acetate Market Size 2016-2020, by Country, in Volume
        7.3.3 Asia-Pacific
            7.3.3.1 Overview
                Figure Asia-Pacific Cadmium Acetate Market Size and Growth 2016-2020, in USD Million
                Figure Asia-Pacific Cadmium Acetate Market Size and Growth 2016-2020, in Volume
            7.3.3.2 by Country (China, India, Japan, Southeast Asia etc.)
                Table Asia-Pacific Cadmium Acetate Market Size 2016-2020, by Country, in USD Million
                Table Asia-Pacific Cadmium Acetate Market Size 2016-2020, by Country, in Volume
        7.3.4 South America
            7.3.4.1 Overview
                Figure South America Cadmium Acetate Market Size and Growth 2016-2020, in USD Million
                Figure South America Cadmium Acetate Market Size and Growth 2016-2020, in Volume
            7.3.4.2 by Country (Brazil, Argentina etc.)
                Table South America Cadmium Acetate Market Size 2016-2020, by Country, in USD Million
                Table South America Cadmium Acetate Market Size 2016-2020, by Country, in Volume
        7.3.5 Middle East & Africa
            7.3.5.1 Overview
                Figure Middle East & Africa Cadmium Acetate Market Size and Growth 2016-2020, in USD Million
                Figure Middle East & Africa Cadmium Acetate Market Size and Growth 2016-2020, in Volume
            7.3.5.2 by Country (Saudi Arabia, South Africa etc.)
                Table Middle East & Africa Cadmium Acetate Market Size 2016-2020, by Country, in USD Million
                Table Middle East & Africa Cadmium Acetate Market Size 2016-2020, by Country, in Volume
    7.4 Regional Import & Export
    7.5 Regional Forecast
                Table Cadmium Acetate Market Forecast 2021-2026, by Region, in USD Million
                Table Cadmium Acetate Market Forecast 2021-2026, by Region, in Volume
8 Marketing & Price
    8.1 Price and Margin
        8.1.1 Price Trends
        8.1.2 Factors of Price Change
                Table Price Factors List
        8.1.3 Manufacturers Gross Margin Analysis
    8.2 Marketing Channel
                Figure Marketing Channels Overview
9 Research Conclusion","List of Table
1.                Table Upstream Segment of Cadmium Acetate
2.                Table Application Segment of Cadmium Acetate
3.                Table Global Cadmium Acetate Market 2016-2026, by Application, in USD Million
4.                Table Major Company List of Cadmium Nitrate Method
5.                Table Global Cadmium Acetate Market 2016-2020, by Type, in USD Million
6.                Table Global Cadmium Acetate Market 2016-2020, by Type, in Volume
7.                Table Global Cadmium Acetate Market Forecast 2021-2026, by Type, in USD Million
8.                Table Global Cadmium Acetate Market Forecast 2021-2026, by Type, in Volume
9.                Table Nanjing Reagent Overview List
10.                Table Business Operation of Nanjing Reagent (Sales Revenue, Sales Volume, Price, Cost, Gross Margin)
11.                Table Wuhan Xin Wei Chemical Overview List
12.                Table Business Operation of Wuhan Xin Wei Chemical (Sales Revenue, Sales Volume, Price, Cost, Gross Margin)
13.                Table Global Cadmium Acetate Sales Revenue 2016-2020, by Company, in USD Million
14.                Table Global Cadmium Acetate Sales Revenue Share 2016-2020, by Company, in USD Million
15.                Table Global Cadmium Acetate Sales Volume 2016-2020, by Company, in Volume
16.                Table Global Cadmium Acetate Sales Volume Share 2016-2020, by Company, in Volume
17.                Table Regional Demand Comparison List
18.                Table Major Application in Different Regions
19.                Table Cadmium Acetate Demand Forecast 2021-2026, by Application, in USD Million
20.                Table Cadmium Acetate Demand Forecast 2021-2026, by Application, in Volume
21.                Table Cadmium Acetate Market Growth 2021-2026, by Application, in Volume
22.                Table Cadmium Acetate Market Share in 2026, by Application, in Volume
23.                Table Cadmium Acetate Production 2016-2020, by Region, in USD Million
24.                Table Cadmium Acetate Production 2016-2020, by Region, in Volume
25.                Table Global Cadmium Acetate Market 2016-2020, by Region, in USD Million
26.                Table Global Cadmium Acetate Market Share 2016-2020, by Region, in USD Million
27.                Table Global Cadmium Acetate Market 2016-2020, by Region, in Volume
28.                Table Global Cadmium Acetate Market Share 2016-2020, by Region, in Volume
29.                Table North America Cadmium Acetate Market Size 2016-2020, by Country, in USD Million
30.                Table North America Cadmium Acetate Market Size 2016-2020, by Country, in Volume
31.                Table Europe Cadmium Acetate Market Size 2016-2020, by Country, in USD Million
32.                Table Europe Cadmium Acetate Market Size 2016-2020, by Country, in Volume
33.                Table Asia-Pacific Cadmium Acetate Market Size 2016-2020, by Country, in USD Million
34.                Table Asia-Pacific Cadmium Acetate Market Size 2016-2020, by Country, in Volume
35.                Table South America Cadmium Acetate Market Size 2016-2020, by Country, in USD Million
36.                Table South America Cadmium Acetate Market Size 2016-2020, by Country, in Volume
37.                Table Middle East & Africa Cadmium Acetate Market Size 2016-2020, by Country, in USD Million
38.                Table Middle East & Africa Cadmium Acetate Market Size 2016-2020, by Country, in Volume
39.                Table Cadmium Acetate Market Forecast 2021-2026, by Region, in USD Million
40.                Table Cadmium Acetate Market Forecast 2021-2026, by Region, in Volume
41.                Table Price Factors List","List of Figure
1.                Figure Cadmium Acetate Industry Chain Structure
2.                Figure Global Cadmium Acetate Market Growth 2016-2020, by Type, in USD Million
3.                Figure Global Cadmium Acetate Market Growth 2016-2020, by Type, in Volume
4.                Figure Global Cadmium Acetate Sales Revenue Share in 2020, by Company, in USD Million
5.                Figure Global Cadmium Acetate Sales Volume Share in 2020, by Company, in Volume
6.                Figure North America Cadmium Acetate Market Concentration, in 2020
7.                Figure Europe Cadmium Acetate Market Market Concentration, in 2020
8.                Figure Asia-Pacific Cadmium Acetate MMarket Concentration, in 2020
9.                Figure South America Cadmium Acetate Market Concentration, in 2020
10.                Figure Middle East & Africa Cadmium Acetate Market Concentration, in 2020
11.                Figure Cadmium Acetate Demand in Ceramic Industry, 2016-2020, in USD Million
12.                Figure Cadmium Acetate Demand in Ceramic Industry, 2016-2020, in Volume
13.                Figure Cadmium Acetate Demand in Electroplate, 2016-2020, in USD Million
14.                Figure Cadmium Acetate Demand in Electroplate, 2016-2020, in Volume
15.                Figure Cadmium Acetate Demand in Textile Printing, 2016-2020, in USD Million
16.                Figure Cadmium Acetate Demand in Textile Printing, 2016-2020, in Volume
17.                Figure Cadmium Acetate Demand in Others, 2016-2020, in USD Million
18.                Figure Cadmium Acetate Demand in Others, 2016-2020, in Volume
19.                Figure Cadmium Acetate Market Growth 2021-2026, by Application, in USD Million
20.                Figure Cadmium Acetate Market Share in 2026, by Application, in USD Million
21.                Figure North America Cadmium Acetate Market Size and Growth 2016-2020, in USD Million
22.                Figure North America Cadmium Acetate Market Size and Growth 2016-2020, in Volume
23.                Figure Europe Cadmium Acetate Market Size and Growth 2016-2020, in USD Million
24.                Figure Europe Cadmium Acetate Market Size and Growth 2016-2020, in Volume
25.                Figure Asia-Pacific Cadmium Acetate Market Size and Growth 2016-2020, in USD Million
26.                Figure Asia-Pacific Cadmium Acetate Market Size and Growth 2016-2020, in Volume
27.                Figure South America Cadmium Acetate Market Size and Growth 2016-2020, in USD Million
28.                Figure South America Cadmium Acetate Market Size and Growth 2016-2020, in Volume
29.                Figure Middle East & Africa Cadmium Acetate Market Size and Growth 2016-2020, in USD Million
30.                Figure Middle East & Africa Cadmium Acetate Market Size and Growth 2016-2020, in Volume
31.                Figure Marketing Channels Overview","$2,980 ","$5,960 ","$5,960 ",99SGL298Che20210200024829
7-Apr-21,"Chemical & Material","Global Industrial Mining Explosives Market Analysis 2016-2020 and Forecast 2021-2026","Snapshot
The global Industrial Mining Explosives market size is estimated at xxx million USD with a CAGR xx% from 2016-2020 and is expected to reach xxx Million USD in 2021 with a CAGR xx% from 2021 to 2026. The report begins from overview of Industry Chain structure, and describes industry environment, then analyses market size and forecast of Industrial Mining Explosives by product, region and application, in addition, this report introduces market competition situation among the vendors and company profile, besides, market price analysis and value chain features are covered in this report.
Product Type Coverage (Market Size & Forecast, Major Company of Product Type etc.):
        Ammonium Nitrate Explosives (Powder)
        ANFO
        Emulsion Explosive
Company Coverage (Company Profile, Sales Revenue, Price, Gross Margin, Main Products etc.):
        Orica
        IPL (Dyno Nobel)
        MAXAM
        AEL
        ENAEX
        Sasol
        Yunnan Civil Explosive
        Solar Explosives
        Gezhouba Explosive
        EPC-UK
        Anhui Jiangnan
        Guizhou Jiulian
        Nanling Civil Explosive
        BME Mining
        NOF Corporation
        IDEAL
        Sichuan Yahua
        AUSTIN
        Kailong Chemical
        Leiming Kehua
        TOD Chemical
Application Coverage (Market Size & Forecast, Different Demand Market by Region, Main Consumer Profile etc.):
        Coal Mining
        Quarrying and Nonmetal Mining
        Metal Mining
Region Coverage (Regional Production, Demand & Forecast by Countries etc.):
        North America (U.S., Canada, Mexico)
        Europe (Germany, U.K., France, Italy, Russia, Spain etc.)
        Asia-Pacific (China, India, Japan, Southeast Asia etc.)
        South America (Brazil, Argentina etc.)
        Middle East & Africa (Saudi Arabia, South Africa etc.)",120,"Table of Contents
1 Industry Overview
    1.1 Industrial Mining Explosives Industry
                Figure Industrial Mining Explosives Industry Chain Structure
        1.1.1 Overview
        1.1.2 Development of Industrial Mining Explosives
    1.2 Market Segment
        1.2.1 Upstream
                Table Upstream Segment of Industrial Mining Explosives
        1.2.2 Downstream
                Table Application Segment of Industrial Mining Explosives
                Table Global Industrial Mining Explosives Market 2016-2026, by Application, in USD Million
        1.2.3 COVID-19 Impact
    1.3 Cost Analysis
2 Industry Environment (PEST Analysis)
    2.1 Policy
    2.2 Economics
    2.3 Sociology
    2.4 Technology
3 Industrial Mining Explosives Market by Type
    3.1 By Type
        3.1.1 Ammonium Nitrate Explosives (Powder)
                Table Major Company List of Ammonium Nitrate Explosives (Powder)
        3.1.2 ANFO
                Table Major Company List of ANFO
        3.1.3 Emulsion Explosive
                Table Major Company List of Emulsion Explosive
    3.2 Market Size
                Table Global Industrial Mining Explosives Market 2016-2020, by Type, in USD Million
                Figure Global Industrial Mining Explosives Market Growth 2016-2020, by Type, in USD Million
                Table Global Industrial Mining Explosives Market 2016-2020, by Type, in Volume
                Figure Global Industrial Mining Explosives Market Growth 2016-2020, by Type, in Volume
    3.3 Market Forecast
                Table Global Industrial Mining Explosives Market Forecast 2021-2026, by Type, in USD Million
                Table Global Industrial Mining Explosives Market Forecast 2021-2026, by Type, in Volume
4 Major Companies List
    4.1 Orica (Company Profile, Sales Data etc.)
        4.1.1 Orica Profile
                Table Orica Overview List
        4.1.2 Orica Products & Services
        4.1.3 Orica Business Operation Conditions
                Table Business Operation of Orica (Sales Revenue, Sales Volume, Price, Cost, Gross Margin)
    4.2 IPL (Dyno Nobel) (Company Profile, Sales Data etc.)
        4.2.1 IPL (Dyno Nobel) Profile
                Table IPL (Dyno Nobel) Overview List
        4.2.2 IPL (Dyno Nobel) Products & Services
        4.2.3 IPL (Dyno Nobel) Business Operation Conditions
                Table Business Operation of IPL (Dyno Nobel) (Sales Revenue, Sales Volume, Price, Cost, Gross Margin)
    4.3 MAXAM (Company Profile, Sales Data etc.)
        4.3.1 MAXAM Profile
                Table MAXAM Overview List
        4.3.2 MAXAM Products & Services
        4.3.3 MAXAM Business Operation Conditions
                Table Business Operation of MAXAM (Sales Revenue, Sales Volume, Price, Cost, Gross Margin)
    4.4 AEL (Company Profile, Sales Data etc.)
        4.4.1 AEL Profile
                Table AEL Overview List
        4.4.2 AEL Products & Services
        4.4.3 AEL Business Operation Conditions
                Table Business Operation of AEL (Sales Revenue, Sales Volume, Price, Cost, Gross Margin)
    4.5 ENAEX (Company Profile, Sales Data etc.)
        4.5.1 ENAEX Profile
                Table ENAEX Overview List
        4.5.2 ENAEX Products & Services
        4.5.3 ENAEX Business Operation Conditions
                Table Business Operation of ENAEX (Sales Revenue, Sales Volume, Price, Cost, Gross Margin)
    4.6 Sasol (Company Profile, Sales Data etc.)
        4.6.1 Sasol Profile
                Table Sasol Overview List
        4.6.2 Sasol Products & Services
        4.6.3 Sasol Business Operation Conditions
                Table Business Operation of Sasol (Sales Revenue, Sales Volume, Price, Cost, Gross Margin)
    4.7 Yunnan Civil Explosive (Company Profile, Sales Data etc.)
        4.7.1 Yunnan Civil Explosive Profile
                Table Yunnan Civil Explosive Overview List
        4.7.2 Yunnan Civil Explosive Products & Services
        4.7.3 Yunnan Civil Explosive Business Operation Conditions
                Table Business Operation of Yunnan Civil Explosive (Sales Revenue, Sales Volume, Price, Cost, Gross Margin)
    4.8 Solar Explosives (Company Profile, Sales Data etc.)
        4.8.1 Solar Explosives Profile
                Table Solar Explosives Overview List
        4.8.2 Solar Explosives Products & Services
        4.8.3 Solar Explosives Business Operation Conditions
                Table Business Operation of Solar Explosives (Sales Revenue, Sales Volume, Price, Cost, Gross Margin)
    4.9 Gezhouba Explosive (Company Profile, Sales Data etc.)
        4.9.1 Gezhouba Explosive Profile
                Table Gezhouba Explosive Overview List
        4.9.2 Gezhouba Explosive Products & Services
        4.9.3 Gezhouba Explosive Business Operation Conditions
                Table Business Operation of Gezhouba Explosive (Sales Revenue, Sales Volume, Price, Cost, Gross Margin)
    4.10 EPC-UK (Company Profile, Sales Data etc.)
        4.10.1 EPC-UK Profile
                Table EPC-UK Overview List
        4.10.2 EPC-UK Products & Services
        4.10.3 EPC-UK Business Operation Conditions
                Table Business Operation of EPC-UK (Sales Revenue, Sales Volume, Price, Cost, Gross Margin)
    4.11 Anhui Jiangnan (Company Profile, Sales Data etc.)
        4.11.1 Anhui Jiangnan Profile
                Table Anhui Jiangnan Overview List
        4.11.2 Anhui Jiangnan Products & Services
        4.11.3 Anhui Jiangnan Business Operation Conditions
                Table Business Operation of Anhui Jiangnan (Sales Revenue, Sales Volume, Price, Cost, Gross Margin)
    4.12 Guizhou Jiulian (Company Profile, Sales Data etc.)
        4.12.1 Guizhou Jiulian Profile
                Table Guizhou Jiulian Overview List
        4.12.2 Guizhou Jiulian Products & Services
        4.12.3 Guizhou Jiulian Business Operation Conditions
                Table Business Operation of Guizhou Jiulian (Sales Revenue, Cost, Gross Margin)
    4.13 Nanling Civil Explosive (Company Profile, Sales Data etc.)
        4.13.1 Nanling Civil Explosive Profile
                Table Nanling Civil Explosive Overview List
        4.13.2 Nanling Civil Explosive Products & Services
        4.13.3 Nanling Civil Explosive Business Operation Conditions
                Table Business Operation of Nanling Civil Explosive (Sales Revenue, Sales Volume, Price, Cost, Gross Margin)
    4.14 BME Mining (Company Profile, Sales Data etc.)
        4.14.1 BME Mining Profile
                Table BME Mining Overview List
        4.14.2 BME Mining Products & Services
        4.14.3 BME Mining Business Operation Conditions
                Table Business Operation of BME Mining (Sales Revenue, Cost, Gross Margin)
    4.15 NOF Corporation (Company Profile, Sales Data etc.)
        4.15.1 NOF Corporation Profile
                Table NOF Corporation Overview List
        4.15.2 NOF Corporation Products & Services
        4.15.3 NOF Corporation Business Operation Conditions
                Table Business Operation of NOF Corporation (Sales Revenue, Cost, Gross Margin)
    4.16 IDEAL (Company Profile, Sales Data etc.)
        4.16.1 IDEAL Profile
                Table IDEAL Overview List
        4.16.2 IDEAL Products & Services
        4.16.3 IDEAL Business Operation Conditions
                Table Business Operation of IDEAL (Sales Revenue, Cost, Gross Margin)
    4.17 Sichuan Yahua (Company Profile, Sales Data etc.)
        4.17.1 Sichuan Yahua Profile
                Table Sichuan Yahua Overview List
        4.17.2 Sichuan Yahua Products & Services
        4.17.3 Sichuan Yahua Business Operation Conditions
                Table Business Operation of Sichuan Yahua (Sales Revenue, Cost, Gross Margin)
    4.18 AUSTIN (Company Profile, Sales Data etc.)
        4.18.1 AUSTIN Profile
                Table AUSTIN Overview List
        4.18.2 AUSTIN Products & Services
        4.18.3 AUSTIN Business Operation Conditions
                Table Business Operation of AUSTIN (Sales Revenue, Cost, Gross Margin)
    4.19 Kailong Chemical (Company Profile, Sales Data etc.)
        4.19.1 Kailong Chemical Profile
                Table Kailong Chemical Overview List
        4.19.2 Kailong Chemical Products & Services
        4.19.3 Kailong Chemical Business Operation Conditions
                Table Business Operation of Kailong Chemical (Sales Revenue, Cost, Gross Margin)
    4.20 Leiming Kehua (Company Profile, Sales Data etc.)
        4.20.1 Leiming Kehua Profile
                Table Leiming Kehua Overview List
        4.20.2 Leiming Kehua Products & Services
        4.20.3 Leiming Kehua Business Operation Conditions
                Table Business Operation of Leiming Kehua (Sales Revenue, Cost, Gross Margin)
    4.21 TOD Chemical (Company Profile, Sales Data etc.)
        4.21.1 TOD Chemical Profile
                Table TOD Chemical Overview List
        4.21.2 TOD Chemical Products & Services
        4.21.3 TOD Chemical Business Operation Conditions
                Table Business Operation of TOD Chemical (Sales Revenue, Cost, Gross Margin)
5 Market Competition
    5.1 Company Competition
                Table Global Industrial Mining Explosives Sales Revenue 2016-2020, by Company, in USD Million
                Table Global Industrial Mining Explosives Sales Revenue Share 2016-2020, by Company, in USD Million
                Figure Global Industrial Mining Explosives Sales Revenue Share in 2020, by Company, in USD Million
                Table Global Industrial Mining Explosives Sales Volume 2016-2020, by Company, in Volume
                Table Global Industrial Mining Explosives Sales Volume Share 2016-2020, by Company, in Volume
                Figure Global Industrial Mining Explosives Sales Volume Share in 2020, by Company, in Volume
    5.2 Regional Market by Company
                Figure North America Industrial Mining Explosives Market Concentration, in 2020
                Figure Europe Industrial Mining Explosives Market Market Concentration, in 2020
                Figure Asia-Pacific Industrial Mining Explosives MMarket Concentration, in 2020
                Figure South America Industrial Mining Explosives Market Concentration, in 2020
                Figure Middle East & Africa Industrial Mining Explosives Market Concentration, in 2020
6 Demand by End Market
    6.1 Demand Situation
        6.1.1 Demand in Coal Mining
                Figure Industrial Mining Explosives Demand in Coal Mining, 2016-2020, in USD Million
                Figure Industrial Mining Explosives Demand in Coal Mining, 2016-2020, in Volume
        6.1.2 Demand in Quarrying and Nonmetal Mining
                Figure Industrial Mining Explosives Demand in Quarrying and Nonmetal Mining, 2016-2020, in USD Million
                Figure Industrial Mining Explosives Demand in Quarrying and Nonmetal Mining, 2016-2020, in Volume
        6.1.3 Demand in Metal Mining
                Figure Industrial Mining Explosives Demand in Metal Mining, 2016-2020, in USD Million
                Figure Industrial Mining Explosives Demand in Metal Mining, 2016-2020, in Volume
    6.2 Regional Demand Comparison
                Table Regional Demand Comparison List
                Table Major Application in Different Regions
    6.3 Demand Forecast
                Table Industrial Mining Explosives Demand Forecast 2021-2026, by Application, in USD Million
                Figure Industrial Mining Explosives Market Growth 2021-2026, by Application, in USD Million
                Figure Industrial Mining Explosives Market Share in 2026, by Application, in USD Million
                Table Industrial Mining Explosives Demand Forecast 2021-2026, by Application, in Volume
                Table Industrial Mining Explosives Market Growth 2021-2026, by Application, in Volume
                Table Industrial Mining Explosives Market Share in 2026, by Application, in Volume
    6.4 Impact of the COVID-19 on the Demand
7 Region Operation
    7.1 Regional Production
                Table Industrial Mining Explosives Production 2016-2020, by Region, in USD Million
                Table Industrial Mining Explosives Production 2016-2020, by Region, in Volume
    7.2 Regional Market
                Table Global Industrial Mining Explosives Market 2016-2020, by Region, in USD Million
                Table Global Industrial Mining Explosives Market Share 2016-2020, by Region, in USD Million
                Table Global Industrial Mining Explosives Market 2016-2020, by Region, in Volume
                Table Global Industrial Mining Explosives Market Share 2016-2020, by Region, in Volume
    7.3 by Region
        7.3.1 North America
            7.3.1.1 Overview
                Figure North America Industrial Mining Explosives Market Size and Growth 2016-2020, in USD Million
                Figure North America Industrial Mining Explosives Market Size and Growth 2016-2020, in Volume
            7.3.1.2 by Country (U.S., Canada, Mexico)
                Table North America Industrial Mining Explosives Market Size 2016-2020, by Country, in USD Million
                Table North America Industrial Mining Explosives Market Size 2016-2020, by Country, in Volume
        7.3.2 Europe
            7.3.2.1 Overview
                Figure Europe Industrial Mining Explosives Market Size and Growth 2016-2020, in USD Million
                Figure Europe Industrial Mining Explosives Market Size and Growth 2016-2020, in Volume
            7.3.2.2 by Country (Germany, U.K., France, Italy, Russia, Spain etc.)
                Table Europe Industrial Mining Explosives Market Size 2016-2020, by Country, in USD Million
                Table Europe Industrial Mining Explosives Market Size 2016-2020, by Country, in Volume
        7.3.3 Asia-Pacific
            7.3.3.1 Overview
                Figure Asia-Pacific Industrial Mining Explosives Market Size and Growth 2016-2020, in USD Million
                Figure Asia-Pacific Industrial Mining Explosives Market Size and Growth 2016-2020, in Volume
            7.3.3.2 by Country (China, India, Japan, Southeast Asia etc.)
                Table Asia-Pacific Industrial Mining Explosives Market Size 2016-2020, by Country, in USD Million
                Table Asia-Pacific Industrial Mining Explosives Market Size 2016-2020, by Country, in Volume
        7.3.4 South America
            7.3.4.1 Overview
                Figure South America Industrial Mining Explosives Market Size and Growth 2016-2020, in USD Million
                Figure South America Industrial Mining Explosives Market Size and Growth 2016-2020, in Volume
            7.3.4.2 by Country (Brazil, Argentina etc.)
                Table South America Industrial Mining Explosives Market Size 2016-2020, by Country, in USD Million
                Table South America Industrial Mining Explosives Market Size 2016-2020, by Country, in Volume
        7.3.5 Middle East & Africa
            7.3.5.1 Overview
                Figure Middle East & Africa Industrial Mining Explosives Market Size and Growth 2016-2020, in USD Million
                Figure Middle East & Africa Industrial Mining Explosives Market Size and Growth 2016-2020, in Volume
            7.3.5.2 by Country (Saudi Arabia, South Africa etc.)
                Table Middle East & Africa Industrial Mining Explosives Market Size 2016-2020, by Country, in USD Million
                Table Middle East & Africa Industrial Mining Explosives Market Size 2016-2020, by Country, in Volume
    7.4 Regional Import & Export
    7.5 Regional Forecast
                Table Industrial Mining Explosives Market Forecast 2021-2026, by Region, in USD Million
                Table Industrial Mining Explosives Market Forecast 2021-2026, by Region, in Volume
8 Marketing & Price
    8.1 Price and Margin
        8.1.1 Price Trends
        8.1.2 Factors of Price Change
                Table Price Factors List
        8.1.3 Manufacturers Gross Margin Analysis
    8.2 Marketing Channel
                Figure Marketing Channels Overview
9 Research Conclusion","List of Table
1.                Table Upstream Segment of Industrial Mining Explosives
2.                Table Application Segment of Industrial Mining Explosives
3.                Table Global Industrial Mining Explosives Market 2016-2026, by Application, in USD Million
4.                Table Major Company List of ANFO
5.                Table Major Company List of Emulsion Explosive
6.                Table Global Industrial Mining Explosives Market 2016-2020, by Type, in USD Million
7.                Table Global Industrial Mining Explosives Market 2016-2020, by Type, in Volume
8.                Table Global Industrial Mining Explosives Market Forecast 2021-2026, by Type, in USD Million
9.                Table Global Industrial Mining Explosives Market Forecast 2021-2026, by Type, in Volume
10.                Table Orica Overview List
11.                Table Business Operation of Orica (Sales Revenue, Sales Volume, Price, Cost, Gross Margin)
12.                Table IPL (Dyno Nobel) Overview List
13.                Table Business Operation of IPL (Dyno Nobel) (Sales Revenue, Sales Volume, Price, Cost, Gross Margin)
14.                Table MAXAM Overview List
15.                Table Business Operation of MAXAM (Sales Revenue, Sales Volume, Price, Cost, Gross Margin)
16.                Table AEL Overview List
17.                Table Business Operation of AEL (Sales Revenue, Sales Volume, Price, Cost, Gross Margin)
18.                Table ENAEX Overview List
19.                Table Business Operation of ENAEX (Sales Revenue, Sales Volume, Price, Cost, Gross Margin)
20.                Table Sasol Overview List
21.                Table Business Operation of Sasol (Sales Revenue, Sales Volume, Price, Cost, Gross Margin)
22.                Table Yunnan Civil Explosive Overview List
23.                Table Business Operation of Yunnan Civil Explosive (Sales Revenue, Sales Volume, Price, Cost, Gross Margin)
24.                Table Solar Explosives Overview List
25.                Table Business Operation of Solar Explosives (Sales Revenue, Sales Volume, Price, Cost, Gross Margin)
26.                Table Gezhouba Explosive Overview List
27.                Table Business Operation of Gezhouba Explosive (Sales Revenue, Sales Volume, Price, Cost, Gross Margin)
28.                Table EPC-UK Overview List
29.                Table Business Operation of EPC-UK (Sales Revenue, Sales Volume, Price, Cost, Gross Margin)
30.                Table Anhui Jiangnan Overview List
31.                Table Business Operation of Anhui Jiangnan (Sales Revenue, Sales Volume, Price, Cost, Gross Margin)
32.                Table Guizhou Jiulian Overview List
33.                Table Business Operation of Guizhou Jiulian (Sales Revenue, Cost, Gross Margin)
34.                Table Nanling Civil Explosive Overview List
35.                Table Business Operation of Nanling Civil Explosive (Sales Revenue, Sales Volume, Price, Cost, Gross Margin)
36.                Table BME Mining Overview List
37.                Table Business Operation of BME Mining (Sales Revenue, Cost, Gross Margin)
38.                Table NOF Corporation Overview List
39.                Table Business Operation of NOF Corporation (Sales Revenue, Cost, Gross Margin)
40.                Table IDEAL Overview List
41.                Table Business Operation of IDEAL (Sales Revenue, Cost, Gross Margin)
42.                Table Sichuan Yahua Overview List
43.                Table Business Operation of Sichuan Yahua (Sales Revenue, Cost, Gross Margin)
44.                Table AUSTIN Overview List
45.                Table Business Operation of AUSTIN (Sales Revenue, Cost, Gross Margin)
46.                Table Kailong Chemical Overview List
47.                Table Business Operation of Kailong Chemical (Sales Revenue, Cost, Gross Margin)
48.                Table Leiming Kehua Overview List
49.                Table Business Operation of Leiming Kehua (Sales Revenue, Cost, Gross Margin)
50.                Table TOD Chemical Overview List
51.                Table Business Operation of TOD Chemical (Sales Revenue, Cost, Gross Margin)
52.                Table Global Industrial Mining Explosives Sales Revenue 2016-2020, by Company, in USD Million
53.                Table Global Industrial Mining Explosives Sales Revenue Share 2016-2020, by Company, in USD Million
54.                Table Global Industrial Mining Explosives Sales Volume 2016-2020, by Company, in Volume
55.                Table Global Industrial Mining Explosives Sales Volume Share 2016-2020, by Company, in Volume
56.                Table Regional Demand Comparison List
57.                Table Major Application in Different Regions
58.                Table Industrial Mining Explosives Demand Forecast 2021-2026, by Application, in USD Million
59.                Table Industrial Mining Explosives Demand Forecast 2021-2026, by Application, in Volume
60.                Table Industrial Mining Explosives Market Growth 2021-2026, by Application, in Volume
61.                Table Industrial Mining Explosives Market Share in 2026, by Application, in Volume
62.                Table Industrial Mining Explosives Production 2016-2020, by Region, in USD Million
63.                Table Industrial Mining Explosives Production 2016-2020, by Region, in Volume
64.                Table Global Industrial Mining Explosives Market 2016-2020, by Region, in USD Million
65.                Table Global Industrial Mining Explosives Market Share 2016-2020, by Region, in USD Million
66.                Table Global Industrial Mining Explosives Market 2016-2020, by Region, in Volume
67.                Table Global Industrial Mining Explosives Market Share 2016-2020, by Region, in Volume
68.                Table North America Industrial Mining Explosives Market Size 2016-2020, by Country, in USD Million
69.                Table North America Industrial Mining Explosives Market Size 2016-2020, by Country, in Volume
70.                Table Europe Industrial Mining Explosives Market Size 2016-2020, by Country, in USD Million
71.                Table Europe Industrial Mining Explosives Market Size 2016-2020, by Country, in Volume
72.                Table Asia-Pacific Industrial Mining Explosives Market Size 2016-2020, by Country, in USD Million
73.                Table Asia-Pacific Industrial Mining Explosives Market Size 2016-2020, by Country, in Volume
74.                Table South America Industrial Mining Explosives Market Size 2016-2020, by Country, in USD Million
75.                Table South America Industrial Mining Explosives Market Size 2016-2020, by Country, in Volume
76.                Table Middle East & Africa Industrial Mining Explosives Market Size 2016-2020, by Country, in USD Million
77.                Table Middle East & Africa Industrial Mining Explosives Market Size 2016-2020, by Country, in Volume
78.                Table Industrial Mining Explosives Market Forecast 2021-2026, by Region, in USD Million
79.                Table Industrial Mining Explosives Market Forecast 2021-2026, by Region, in Volume
80.                Table Price Factors List","List of Figure
1.                Figure Industrial Mining Explosives Industry Chain Structure
2.                Figure Global Industrial Mining Explosives Market Growth 2016-2020, by Type, in USD Million
3.                Figure Global Industrial Mining Explosives Market Growth 2016-2020, by Type, in Volume
4.                Figure Global Industrial Mining Explosives Sales Revenue Share in 2020, by Company, in USD Million
5.                Figure Global Industrial Mining Explosives Sales Volume Share in 2020, by Company, in Volume
6.                Figure North America Industrial Mining Explosives Market Concentration, in 2020
7.                Figure Europe Industrial Mining Explosives Market Market Concentration, in 2020
8.                Figure Asia-Pacific Industrial Mining Explosives MMarket Concentration, in 2020
9.                Figure South America Industrial Mining Explosives Market Concentration, in 2020
10.                Figure Middle East & Africa Industrial Mining Explosives Market Concentration, in 2020
11.                Figure Industrial Mining Explosives Demand in Coal Mining, 2016-2020, in USD Million
12.                Figure Industrial Mining Explosives Demand in Coal Mining, 2016-2020, in Volume
13.                Figure Industrial Mining Explosives Demand in Quarrying and Nonmetal Mining, 2016-2020, in USD Million
14.                Figure Industrial Mining Explosives Demand in Quarrying and Nonmetal Mining, 2016-2020, in Volume
15.                Figure Industrial Mining Explosives Demand in Metal Mining, 2016-2020, in USD Million
16.                Figure Industrial Mining Explosives Demand in Metal Mining, 2016-2020, in Volume
17.                Figure Industrial Mining Explosives Market Growth 2021-2026, by Application, in USD Million
18.                Figure Industrial Mining Explosives Market Share in 2026, by Application, in USD Million
19.                Figure North America Industrial Mining Explosives Market Size and Growth 2016-2020, in USD Million
20.                Figure North America Industrial Mining Explosives Market Size and Growth 2016-2020, in Volume
21.                Figure Europe Industrial Mining Explosives Market Size and Growth 2016-2020, in USD Million
22.                Figure Europe Industrial Mining Explosives Market Size and Growth 2016-2020, in Volume
23.                Figure Asia-Pacific Industrial Mining Explosives Market Size and Growth 2016-2020, in USD Million
24.                Figure Asia-Pacific Industrial Mining Explosives Market Size and Growth 2016-2020, in Volume
25.                Figure South America Industrial Mining Explosives Market Size and Growth 2016-2020, in USD Million
26.                Figure South America Industrial Mining Explosives Market Size and Growth 2016-2020, in Volume
27.                Figure Middle East & Africa Industrial Mining Explosives Market Size and Growth 2016-2020, in USD Million
28.                Figure Middle East & Africa Industrial Mining Explosives Market Size and Growth 2016-2020, in Volume
29.                Figure Marketing Channels Overview","$2,980 ","$5,960 ","$5,960 ",99SGL298Che20210200024830
7-Apr-21,"Chemical & Material","Global BOPP Films Market Analysis 2016-2020 and Forecast 2021-2026","Snapshot
The global BOPP Films market size is estimated at xxx million USD with a CAGR xx% from 2016-2020 and is expected to reach xxx Million USD in 2021 with a CAGR xx% from 2021 to 2026. The report begins from overview of Industry Chain structure, and describes industry environment, then analyses market size and forecast of BOPP Films by product, region and application, in addition, this report introduces market competition situation among the vendors and company profile, besides, market price analysis and value chain features are covered in this report.
Product Type Coverage (Market Size & Forecast, Major Company of Product Type etc.):
        Soft Touch Film
        DECRO BOPP Film
        Others
Company Coverage (Company Profile, Sales Revenue, Price, Gross Margin, Main Products etc.):
        Ampacet
        ANDRITZ AG
        Baojiali
        Baoshuo
        Baosu
        Biofilm
        Changhai
        CNPC Fushun
        Cosmo
        Dagang Petrochemical
Application Coverage (Market Size & Forecast, Different Demand Market by Region, Main Consumer Profile etc.):
        Food Packaging Industry
        Label Industry
        Print Lamination Industry
        Others
Region Coverage (Regional Production, Demand & Forecast by Countries etc.):
        North America (U.S., Canada, Mexico)
        Europe (Germany, U.K., France, Italy, Russia, Spain etc.)
        Asia-Pacific (China, India, Japan, Southeast Asia etc.)
        South America (Brazil, Argentina etc.)
        Middle East & Africa (Saudi Arabia, South Africa etc.)",95,"Table of Contents
1 Industry Overview
    1.1 BOPP Films Industry
                Figure BOPP Films Industry Chain Structure
        1.1.1 Overview
        1.1.2 Development of BOPP Films
    1.2 Market Segment
        1.2.1 Upstream
                Table Upstream Segment of BOPP Films
        1.2.2 Downstream
                Table Application Segment of BOPP Films
                Table Global BOPP Films Market 2016-2026, by Application, in USD Million
        1.2.3 COVID-19 Impact
    1.3 Cost Analysis
2 Industry Environment (PEST Analysis)
    2.1 Policy
    2.2 Economics
    2.3 Sociology
    2.4 Technology
3 BOPP Films Market by Type
    3.1 By Type
        3.1.1 Soft Touch Film
                Table Major Company List of Soft Touch Film
        3.1.2 DECRO BOPP Film
                Table Major Company List of DECRO BOPP Film
        3.1.3 Others
                Table Major Company List of Others
    3.2 Market Size
                Table Global BOPP Films Market 2016-2020, by Type, in USD Million
                Figure Global BOPP Films Market Growth 2016-2020, by Type, in USD Million
                Table Global BOPP Films Market 2016-2020, by Type, in Volume
                Figure Global BOPP Films Market Growth 2016-2020, by Type, in Volume
    3.3 Market Forecast
                Table Global BOPP Films Market Forecast 2021-2026, by Type, in USD Million
                Table Global BOPP Films Market Forecast 2021-2026, by Type, in Volume
4 Major Companies List
    4.1 Ampacet (Company Profile, Sales Data etc.)
        4.1.1 Ampacet Profile
                Table Ampacet Overview List
        4.1.2 Ampacet Products & Services
        4.1.3 Ampacet Business Operation Conditions
                Table Business Operation of Ampacet (Sales Revenue, Sales Volume, Price, Cost, Gross Margin)
    4.2 ANDRITZ AG (Company Profile, Sales Data etc.)
        4.2.1 ANDRITZ AG Profile
                Table ANDRITZ AG Overview List
        4.2.2 ANDRITZ AG Products & Services
        4.2.3 ANDRITZ AG Business Operation Conditions
                Table Business Operation of ANDRITZ AG (Sales Revenue, Sales Volume, Price, Cost, Gross Margin)
    4.3 Baojiali (Company Profile, Sales Data etc.)
        4.3.1 Baojiali Profile
                Table Baojiali Overview List
        4.3.2 Baojiali Products & Services
        4.3.3 Baojiali Business Operation Conditions
                Table Business Operation of Baojiali (Sales Revenue, Sales Volume, Price, Cost, Gross Margin)
    4.4 Baoshuo (Company Profile, Sales Data etc.)
        4.4.1 Baoshuo Profile
                Table Baoshuo Overview List
        4.4.2 Baoshuo Products & Services
        4.4.3 Baoshuo Business Operation Conditions
                Table Business Operation of Baoshuo (Sales Revenue, Sales Volume, Price, Cost, Gross Margin)
    4.5 Baosu (Company Profile, Sales Data etc.)
        4.5.1 Baosu Profile
                Table Baosu Overview List
        4.5.2 Baosu Products & Services
        4.5.3 Baosu Business Operation Conditions
                Table Business Operation of Baosu (Sales Revenue, Sales Volume, Price, Cost, Gross Margin)
    4.6 Biofilm (Company Profile, Sales Data etc.)
        4.6.1 Biofilm Profile
                Table Biofilm Overview List
        4.6.2 Biofilm Products & Services
        4.6.3 Biofilm Business Operation Conditions
                Table Business Operation of Biofilm (Sales Revenue, Sales Volume, Price, Cost, Gross Margin)
    4.7 Changhai (Company Profile, Sales Data etc.)
        4.7.1 Changhai Profile
                Table Changhai Overview List
        4.7.2 Changhai Products & Services
        4.7.3 Changhai Business Operation Conditions
                Table Business Operation of Changhai (Sales Revenue, Sales Volume, Price, Cost, Gross Margin)
    4.8 CNPC Fushun (Company Profile, Sales Data etc.)
        4.8.1 CNPC Fushun Profile
                Table CNPC Fushun Overview List
        4.8.2 CNPC Fushun Products & Services
        4.8.3 CNPC Fushun Business Operation Conditions
                Table Business Operation of CNPC Fushun (Sales Revenue, Sales Volume, Price, Cost, Gross Margin)
    4.9 Cosmo (Company Profile, Sales Data etc.)
        4.9.1 Cosmo Profile
                Table Cosmo Overview List
        4.9.2 Cosmo Products & Services
        4.9.3 Cosmo Business Operation Conditions
                Table Business Operation of Cosmo (Sales Revenue, Sales Volume, Price, Cost, Gross Margin)
    4.10 Dagang Petrochemical (Company Profile, Sales Data etc.)
        4.10.1 Dagang Petrochemical Profile
                Table Dagang Petrochemical Overview List
        4.10.2 Dagang Petrochemical Products & Services
        4.10.3 Dagang Petrochemical Business Operation Conditions
                Table Business Operation of Dagang Petrochemical (Sales Revenue, Sales Volume, Price, Cost, Gross Margin)
5 Market Competition
    5.1 Company Competition
                Table Global BOPP Films Sales Revenue 2016-2020, by Company, in USD Million
                Table Global BOPP Films Sales Revenue Share 2016-2020, by Company, in USD Million
                Figure Global BOPP Films Sales Revenue Share in 2020, by Company, in USD Million
                Table Global BOPP Films Sales Volume 2016-2020, by Company, in Volume
                Table Global BOPP Films Sales Volume Share 2016-2020, by Company, in Volume
                Figure Global BOPP Films Sales Volume Share in 2020, by Company, in Volume
    5.2 Regional Market by Company
                Figure North America BOPP Films Market Concentration, in 2020
                Figure Europe BOPP Films Market Market Concentration, in 2020
                Figure Asia-Pacific BOPP Films MMarket Concentration, in 2020
                Figure South America BOPP Films Market Concentration, in 2020
                Figure Middle East & Africa BOPP Films Market Concentration, in 2020
6 Demand by End Market
    6.1 Demand Situation
        6.1.1 Demand in Food Packaging Industry
                Figure BOPP Films Demand in Food Packaging Industry, 2016-2020, in USD Million
                Figure BOPP Films Demand in Food Packaging Industry, 2016-2020, in Volume
        6.1.2 Demand in Label Industry
                Figure BOPP Films Demand in Label Industry, 2016-2020, in USD Million
                Figure BOPP Films Demand in Label Industry, 2016-2020, in Volume
        6.1.3 Demand in Print Lamination Industry
                Figure BOPP Films Demand in Print Lamination Industry, 2016-2020, in USD Million
                Figure BOPP Films Demand in Print Lamination Industry, 2016-2020, in Volume
        6.1.4 Demand in Others
                Figure BOPP Films Demand in Others, 2016-2020, in USD Million
                Figure BOPP Films Demand in Others, 2016-2020, in Volume
    6.2 Regional Demand Comparison
                Table Regional Demand Comparison List
                Table Major Application in Different Regions
    6.3 Demand Forecast
                Table BOPP Films Demand Forecast 2021-2026, by Application, in USD Million
                Figure BOPP Films Market Growth 2021-2026, by Application, in USD Million
                Figure BOPP Films Market Share in 2026, by Application, in USD Million
                Table BOPP Films Demand Forecast 2021-2026, by Application, in Volume
                Table BOPP Films Market Growth 2021-2026, by Application, in Volume
                Table BOPP Films Market Share in 2026, by Application, in Volume
    6.4 Impact of the COVID-19 on the Demand
7 Region Operation
    7.1 Regional Production
                Table BOPP Films Production 2016-2020, by Region, in USD Million
                Table BOPP Films Production 2016-2020, by Region, in Volume
    7.2 Regional Market
                Table Global BOPP Films Market 2016-2020, by Region, in USD Million
                Table Global BOPP Films Market Share 2016-2020, by Region, in USD Million
                Table Global BOPP Films Market 2016-2020, by Region, in Volume
                Table Global BOPP Films Market Share 2016-2020, by Region, in Volume
    7.3 by Region
        7.3.1 North America
            7.3.1.1 Overview
                Figure North America BOPP Films Market Size and Growth 2016-2020, in USD Million
                Figure North America BOPP Films Market Size and Growth 2016-2020, in Volume
            7.3.1.2 by Country (U.S., Canada, Mexico)
                Table North America BOPP Films Market Size 2016-2020, by Country, in USD Million
                Table North America BOPP Films Market Size 2016-2020, by Country, in Volume
        7.3.2 Europe
            7.3.2.1 Overview
                Figure Europe BOPP Films Market Size and Growth 2016-2020, in USD Million
                Figure Europe BOPP Films Market Size and Growth 2016-2020, in Volume
            7.3.2.2 by Country (Germany, U.K., France, Italy, Russia, Spain etc.)
                Table Europe BOPP Films Market Size 2016-2020, by Country, in USD Million
                Table Europe BOPP Films Market Size 2016-2020, by Country, in Volume
        7.3.3 Asia-Pacific
            7.3.3.1 Overview
                Figure Asia-Pacific BOPP Films Market Size and Growth 2016-2020, in USD Million
                Figure Asia-Pacific BOPP Films Market Size and Growth 2016-2020, in Volume
            7.3.3.2 by Country (China, India, Japan, Southeast Asia etc.)
                Table Asia-Pacific BOPP Films Market Size 2016-2020, by Country, in USD Million
                Table Asia-Pacific BOPP Films Market Size 2016-2020, by Country, in Volume
        7.3.4 South America
            7.3.4.1 Overview
                Figure South America BOPP Films Market Size and Growth 2016-2020, in USD Million
                Figure South America BOPP Films Market Size and Growth 2016-2020, in Volume
            7.3.4.2 by Country (Brazil, Argentina etc.)
                Table South America BOPP Films Market Size 2016-2020, by Country, in USD Million
                Table South America BOPP Films Market Size 2016-2020, by Country, in Volume
        7.3.5 Middle East & Africa
            7.3.5.1 Overview
                Figure Middle East & Africa BOPP Films Market Size and Growth 2016-2020, in USD Million
                Figure Middle East & Africa BOPP Films Market Size and Growth 2016-2020, in Volume
            7.3.5.2 by Country (Saudi Arabia, South Africa etc.)
                Table Middle East & Africa BOPP Films Market Size 2016-2020, by Country, in USD Million
                Table Middle East & Africa BOPP Films Market Size 2016-2020, by Country, in Volume
    7.4 Regional Import & Export
    7.5 Regional Forecast
                Table BOPP Films Market Forecast 2021-2026, by Region, in USD Million
                Table BOPP Films Market Forecast 2021-2026, by Region, in Volume
8 Marketing & Price
    8.1 Price and Margin
        8.1.1 Price Trends
        8.1.2 Factors of Price Change
                Table Price Factors List
        8.1.3 Manufacturers Gross Margin Analysis
    8.2 Marketing Channel
                Figure Marketing Channels Overview
9 Research Conclusion","List of Table
1.                Table Upstream Segment of BOPP Films
2.                Table Application Segment of BOPP Films
3.                Table Global BOPP Films Market 2016-2026, by Application, in USD Million
4.                Table Major Company List of DECRO BOPP Film
5.                Table Major Company List of Others
6.                Table Global BOPP Films Market 2016-2020, by Type, in USD Million
7.                Table Global BOPP Films Market 2016-2020, by Type, in Volume
8.                Table Global BOPP Films Market Forecast 2021-2026, by Type, in USD Million
9.                Table Global BOPP Films Market Forecast 2021-2026, by Type, in Volume
10.                Table Ampacet Overview List
11.                Table Business Operation of Ampacet (Sales Revenue, Sales Volume, Price, Cost, Gross Margin)
12.                Table ANDRITZ AG Overview List
13.                Table Business Operation of ANDRITZ AG (Sales Revenue, Sales Volume, Price, Cost, Gross Margin)
14.                Table Baojiali Overview List
15.                Table Business Operation of Baojiali (Sales Revenue, Sales Volume, Price, Cost, Gross Margin)
16.                Table Baoshuo Overview List
17.                Table Business Operation of Baoshuo (Sales Revenue, Sales Volume, Price, Cost, Gross Margin)
18.                Table Baosu Overview List
19.                Table Business Operation of Baosu (Sales Revenue, Sales Volume, Price, Cost, Gross Margin)
20.                Table Biofilm Overview List
21.                Table Business Operation of Biofilm (Sales Revenue, Sales Volume, Price, Cost, Gross Margin)
22.                Table Changhai Overview List
23.                Table Business Operation of Changhai (Sales Revenue, Sales Volume, Price, Cost, Gross Margin)
24.                Table CNPC Fushun Overview List
25.                Table Business Operation of CNPC Fushun (Sales Revenue, Sales Volume, Price, Cost, Gross Margin)
26.                Table Cosmo Overview List
27.                Table Business Operation of Cosmo (Sales Revenue, Sales Volume, Price, Cost, Gross Margin)
28.                Table Dagang Petrochemical Overview List
29.                Table Business Operation of Dagang Petrochemical (Sales Revenue, Sales Volume, Price, Cost, Gross Margin)
30.                Table Global BOPP Films Sales Revenue 2016-2020, by Company, in USD Million
31.                Table Global BOPP Films Sales Revenue Share 2016-2020, by Company, in USD Million
32.                Table Global BOPP Films Sales Volume 2016-2020, by Company, in Volume
33.                Table Global BOPP Films Sales Volume Share 2016-2020, by Company, in Volume
34.                Table Regional Demand Comparison List
35.                Table Major Application in Different Regions
36.                Table BOPP Films Demand Forecast 2021-2026, by Application, in USD Million
37.                Table BOPP Films Demand Forecast 2021-2026, by Application, in Volume
38.                Table BOPP Films Market Growth 2021-2026, by Application, in Volume
39.                Table BOPP Films Market Share in 2026, by Application, in Volume
40.                Table BOPP Films Production 2016-2020, by Region, in USD Million
41.                Table BOPP Films Production 2016-2020, by Region, in Volume
42.                Table Global BOPP Films Market 2016-2020, by Region, in USD Million
43.                Table Global BOPP Films Market Share 2016-2020, by Region, in USD Million
44.                Table Global BOPP Films Market 2016-2020, by Region, in Volume
45.                Table Global BOPP Films Market Share 2016-2020, by Region, in Volume
46.                Table North America BOPP Films Market Size 2016-2020, by Country, in USD Million
47.                Table North America BOPP Films Market Size 2016-2020, by Country, in Volume
48.                Table Europe BOPP Films Market Size 2016-2020, by Country, in USD Million
49.                Table Europe BOPP Films Market Size 2016-2020, by Country, in Volume
50.                Table Asia-Pacific BOPP Films Market Size 2016-2020, by Country, in USD Million
51.                Table Asia-Pacific BOPP Films Market Size 2016-2020, by Country, in Volume
52.                Table South America BOPP Films Market Size 2016-2020, by Country, in USD Million
53.                Table South America BOPP Films Market Size 2016-2020, by Country, in Volume
54.                Table Middle East & Africa BOPP Films Market Size 2016-2020, by Country, in USD Million
55.                Table Middle East & Africa BOPP Films Market Size 2016-2020, by Country, in Volume
56.                Table BOPP Films Market Forecast 2021-2026, by Region, in USD Million
57.                Table BOPP Films Market Forecast 2021-2026, by Region, in Volume
58.                Table Price Factors List","List of Figure
1.                Figure BOPP Films Industry Chain Structure
2.                Figure Global BOPP Films Market Growth 2016-2020, by Type, in USD Million
3.                Figure Global BOPP Films Market Growth 2016-2020, by Type, in Volume
4.                Figure Global BOPP Films Sales Revenue Share in 2020, by Company, in USD Million
5.                Figure Global BOPP Films Sales Volume Share in 2020, by Company, in Volume
6.                Figure North America BOPP Films Market Concentration, in 2020
7.                Figure Europe BOPP Films Market Market Concentration, in 2020
8.                Figure Asia-Pacific BOPP Films MMarket Concentration, in 2020
9.                Figure South America BOPP Films Market Concentration, in 2020
10.                Figure Middle East & Africa BOPP Films Market Concentration, in 2020
11.                Figure BOPP Films Demand in Food Packaging Industry, 2016-2020, in USD Million
12.                Figure BOPP Films Demand in Food Packaging Industry, 2016-2020, in Volume
13.                Figure BOPP Films Demand in Label Industry, 2016-2020, in USD Million
14.                Figure BOPP Films Demand in Label Industry, 2016-2020, in Volume
15.                Figure BOPP Films Demand in Print Lamination Industry, 2016-2020, in USD Million
16.                Figure BOPP Films Demand in Print Lamination Industry, 2016-2020, in Volume
17.                Figure BOPP Films Demand in Others, 2016-2020, in USD Million
18.                Figure BOPP Films Demand in Others, 2016-2020, in Volume
19.                Figure BOPP Films Market Growth 2021-2026, by Application, in USD Million
20.                Figure BOPP Films Market Share in 2026, by Application, in USD Million
21.                Figure North America BOPP Films Market Size and Growth 2016-2020, in USD Million
22.                Figure North America BOPP Films Market Size and Growth 2016-2020, in Volume
23.                Figure Europe BOPP Films Market Size and Growth 2016-2020, in USD Million
24.                Figure Europe BOPP Films Market Size and Growth 2016-2020, in Volume
25.                Figure Asia-Pacific BOPP Films Market Size and Growth 2016-2020, in USD Million
26.                Figure Asia-Pacific BOPP Films Market Size and Growth 2016-2020, in Volume
27.                Figure South America BOPP Films Market Size and Growth 2016-2020, in USD Million
28.                Figure South America BOPP Films Market Size and Growth 2016-2020, in Volume
29.                Figure Middle East & Africa BOPP Films Market Size and Growth 2016-2020, in USD Million
30.                Figure Middle East & Africa BOPP Films Market Size and Growth 2016-2020, in Volume
31.                Figure Marketing Channels Overview","$2,980 ","$5,960 ","$5,960 ",99SGL298Che20210200024831
7-Apr-21,"Life & Medical","Global Blood Warmers Market Analysis 2016-2020 and Forecast 2021-2026","Snapshot
The global Blood Warmers market size is estimated at xxx million USD with a CAGR xx% from 2016-2020 and is expected to reach xxx Million USD in 2021 with a CAGR xx% from 2021 to 2026. The report begins from overview of Industry Chain structure, and describes industry environment, then analyses market size and forecast of Blood Warmers by product, region and application, in addition, this report introduces market competition situation among the vendors and company profile, besides, market price analysis and value chain features are covered in this report.
Product Type Coverage (Market Size & Forecast, Major Company of Product Type etc.):
        Dry
        Wet
Company Coverage (Company Profile, Sales Revenue, Price, Gross Margin, Main Products etc.):
        ACE Medical
        Bicakcilar
        3M
        Smiths Medical
        Gambro
        Biegler Medizin
Application Coverage (Market Size & Forecast, Different Demand Market by Region, Main Consumer Profile etc.):
        Hospital
        Clinic
        Others
Region Coverage (Regional Production, Demand & Forecast by Countries etc.):
        North America (U.S., Canada, Mexico)
        Europe (Germany, U.K., France, Italy, Russia, Spain etc.)
        Asia-Pacific (China, India, Japan, Southeast Asia etc.)
        South America (Brazil, Argentina etc.)
        Middle East & Africa (Saudi Arabia, South Africa etc.)",89,"Table of Contents
1 Industry Overview
    1.1 Blood Warmers Industry
                Figure Blood Warmers Industry Chain Structure
        1.1.1 Overview
        1.1.2 Development of Blood Warmers
    1.2 Market Segment
        1.2.1 Upstream
                Table Upstream Segment of Blood Warmers
        1.2.2 Downstream
                Table Application Segment of Blood Warmers
                Table Global Blood Warmers Market 2016-2026, by Application, in USD Million
        1.2.3 COVID-19 Impact
    1.3 Cost Analysis
2 Industry Environment (PEST Analysis)
    2.1 Policy
    2.2 Economics
    2.3 Sociology
    2.4 Technology
3 Blood Warmers Market by Type
    3.1 By Type
        3.1.1 Dry
                Table Major Company List of Dry
        3.1.2 Wet
                Table Major Company List of Wet
    3.2 Market Size
                Table Global Blood Warmers Market 2016-2020, by Type, in USD Million
                Figure Global Blood Warmers Market Growth 2016-2020, by Type, in USD Million
                Table Global Blood Warmers Market 2016-2020, by Type, in Volume
                Figure Global Blood Warmers Market Growth 2016-2020, by Type, in Volume
    3.3 Market Forecast
                Table Global Blood Warmers Market Forecast 2021-2026, by Type, in USD Million
                Table Global Blood Warmers Market Forecast 2021-2026, by Type, in Volume
4 Major Companies List
    4.1 ACE Medical (Company Profile, Sales Data etc.)
        4.1.1 ACE Medical Profile
                Table ACE Medical Overview List
        4.1.2 ACE Medical Products & Services
        4.1.3 ACE Medical Business Operation Conditions
                Table Business Operation of ACE Medical (Sales Revenue, Sales Volume, Price, Cost, Gross Margin)
    4.2 Bicakcilar (Company Profile, Sales Data etc.)
        4.2.1 Bicakcilar Profile
                Table Bicakcilar Overview List
        4.2.2 Bicakcilar Products & Services
        4.2.3 Bicakcilar Business Operation Conditions
                Table Business Operation of Bicakcilar (Sales Revenue, Sales Volume, Price, Cost, Gross Margin)
    4.3 3M (Company Profile, Sales Data etc.)
        4.3.1 3M Profile
                Table 3M Overview List
        4.3.2 3M Products & Services
        4.3.3 3M Business Operation Conditions
                Table Business Operation of 3M (Sales Revenue, Sales Volume, Price, Cost, Gross Margin)
    4.4 Smiths Medical (Company Profile, Sales Data etc.)
        4.4.1 Smiths Medical Profile
                Table Smiths Medical Overview List
        4.4.2 Smiths Medical Products & Services
        4.4.3 Smiths Medical Business Operation Conditions
                Table Business Operation of Smiths Medical (Sales Revenue, Sales Volume, Price, Cost, Gross Margin)
    4.5 Gambro (Company Profile, Sales Data etc.)
        4.5.1 Gambro Profile
                Table Gambro Overview List
        4.5.2 Gambro Products & Services
        4.5.3 Gambro Business Operation Conditions
                Table Business Operation of Gambro (Sales Revenue, Sales Volume, Price, Cost, Gross Margin)
    4.6 Biegler Medizin (Company Profile, Sales Data etc.)
        4.6.1 Biegler Medizin Profile
                Table Biegler Medizin Overview List
        4.6.2 Biegler Medizin Products & Services
        4.6.3 Biegler Medizin Business Operation Conditions
                Table Business Operation of Biegler Medizin (Sales Revenue, Sales Volume, Price, Cost, Gross Margin)
5 Market Competition
    5.1 Company Competition
                Table Global Blood Warmers Sales Revenue 2016-2020, by Company, in USD Million
                Table Global Blood Warmers Sales Revenue Share 2016-2020, by Company, in USD Million
                Figure Global Blood Warmers Sales Revenue Share in 2020, by Company, in USD Million
                Table Global Blood Warmers Sales Volume 2016-2020, by Company, in Volume
                Table Global Blood Warmers Sales Volume Share 2016-2020, by Company, in Volume
                Figure Global Blood Warmers Sales Volume Share in 2020, by Company, in Volume
    5.2 Regional Market by Company
                Figure North America Blood Warmers Market Concentration, in 2020
                Figure Europe Blood Warmers Market Market Concentration, in 2020
                Figure Asia-Pacific Blood Warmers MMarket Concentration, in 2020
                Figure South America Blood Warmers Market Concentration, in 2020
                Figure Middle East & Africa Blood Warmers Market Concentration, in 2020
6 Demand by End Market
    6.1 Demand Situation
        6.1.1 Demand in Hospital
                Figure Blood Warmers Demand in Hospital, 2016-2020, in USD Million
                Figure Blood Warmers Demand in Hospital, 2016-2020, in Volume
        6.1.2 Demand in Clinic
                Figure Blood Warmers Demand in Clinic, 2016-2020, in USD Million
                Figure Blood Warmers Demand in Clinic, 2016-2020, in Volume
        6.1.3 Demand in Others
                Figure Blood Warmers Demand in Others, 2016-2020, in USD Million
                Figure Blood Warmers Demand in Others, 2016-2020, in Volume
    6.2 Regional Demand Comparison
                Table Regional Demand Comparison List
                Table Major Application in Different Regions
    6.3 Demand Forecast
                Table Blood Warmers Demand Forecast 2021-2026, by Application, in USD Million
                Figure Blood Warmers Market Growth 2021-2026, by Application, in USD Million
                Figure Blood Warmers Market Share in 2026, by Application, in USD Million
                Table Blood Warmers Demand Forecast 2021-2026, by Application, in Volume
                Table Blood Warmers Market Growth 2021-2026, by Application, in Volume
                Table Blood Warmers Market Share in 2026, by Application, in Volume
    6.4 Impact of the COVID-19 on the Demand
7 Region Operation
    7.1 Regional Production
                Table Blood Warmers Production 2016-2020, by Region, in USD Million
                Table Blood Warmers Production 2016-2020, by Region, in Volume
    7.2 Regional Market
                Table Global Blood Warmers Market 2016-2020, by Region, in USD Million
                Table Global Blood Warmers Market Share 2016-2020, by Region, in USD Million
                Table Global Blood Warmers Market 2016-2020, by Region, in Volume
                Table Global Blood Warmers Market Share 2016-2020, by Region, in Volume
    7.3 by Region
        7.3.1 North America
            7.3.1.1 Overview
                Figure North America Blood Warmers Market Size and Growth 2016-2020, in USD Million
                Figure North America Blood Warmers Market Size and Growth 2016-2020, in Volume
            7.3.1.2 by Country (U.S., Canada, Mexico)
                Table North America Blood Warmers Market Size 2016-2020, by Country, in USD Million
                Table North America Blood Warmers Market Size 2016-2020, by Country, in Volume
        7.3.2 Europe
            7.3.2.1 Overview
                Figure Europe Blood Warmers Market Size and Growth 2016-2020, in USD Million
                Figure Europe Blood Warmers Market Size and Growth 2016-2020, in Volume
            7.3.2.2 by Country (Germany, U.K., France, Italy, Russia, Spain etc.)
                Table Europe Blood Warmers Market Size 2016-2020, by Country, in USD Million
                Table Europe Blood Warmers Market Size 2016-2020, by Country, in Volume
        7.3.3 Asia-Pacific
            7.3.3.1 Overview
                Figure Asia-Pacific Blood Warmers Market Size and Growth 2016-2020, in USD Million
                Figure Asia-Pacific Blood Warmers Market Size and Growth 2016-2020, in Volume
            7.3.3.2 by Country (China, India, Japan, Southeast Asia etc.)
                Table Asia-Pacific Blood Warmers Market Size 2016-2020, by Country, in USD Million
                Table Asia-Pacific Blood Warmers Market Size 2016-2020, by Country, in Volume
        7.3.4 South America
            7.3.4.1 Overview
                Figure South America Blood Warmers Market Size and Growth 2016-2020, in USD Million
                Figure South America Blood Warmers Market Size and Growth 2016-2020, in Volume
            7.3.4.2 by Country (Brazil, Argentina etc.)
                Table South America Blood Warmers Market Size 2016-2020, by Country, in USD Million
                Table South America Blood Warmers Market Size 2016-2020, by Country, in Volume
        7.3.5 Middle East & Africa
            7.3.5.1 Overview
                Figure Middle East & Africa Blood Warmers Market Size and Growth 2016-2020, in USD Million
                Figure Middle East & Africa Blood Warmers Market Size and Growth 2016-2020, in Volume
            7.3.5.2 by Country (Saudi Arabia, South Africa etc.)
                Table Middle East & Africa Blood Warmers Market Size 2016-2020, by Country, in USD Million
                Table Middle East & Africa Blood Warmers Market Size 2016-2020, by Country, in Volume
    7.4 Regional Import & Export
    7.5 Regional Forecast
                Table Blood Warmers Market Forecast 2021-2026, by Region, in USD Million
                Table Blood Warmers Market Forecast 2021-2026, by Region, in Volume
8 Marketing & Price
    8.1 Price and Margin
        8.1.1 Price Trends
        8.1.2 Factors of Price Change
                Table Price Factors List
        8.1.3 Manufacturers Gross Margin Analysis
    8.2 Marketing Channel
                Figure Marketing Channels Overview
9 Research Conclusion","List of Table
1.                Table Upstream Segment of Blood Warmers
2.                Table Application Segment of Blood Warmers
3.                Table Global Blood Warmers Market 2016-2026, by Application, in USD Million
4.                Table Major Company List of Wet
5.                Table Global Blood Warmers Market 2016-2020, by Type, in USD Million
6.                Table Global Blood Warmers Market 2016-2020, by Type, in Volume
7.                Table Global Blood Warmers Market Forecast 2021-2026, by Type, in USD Million
8.                Table Global Blood Warmers Market Forecast 2021-2026, by Type, in Volume
9.                Table ACE Medical Overview List
10.                Table Business Operation of ACE Medical (Sales Revenue, Sales Volume, Price, Cost, Gross Margin)
11.                Table Bicakcilar Overview List
12.                Table Business Operation of Bicakcilar (Sales Revenue, Sales Volume, Price, Cost, Gross Margin)
13.                Table 3M Overview List
14.                Table Business Operation of 3M (Sales Revenue, Sales Volume, Price, Cost, Gross Margin)
15.                Table Smiths Medical Overview List
16.                Table Business Operation of Smiths Medical (Sales Revenue, Sales Volume, Price, Cost, Gross Margin)
17.                Table Gambro Overview List
18.                Table Business Operation of Gambro (Sales Revenue, Sales Volume, Price, Cost, Gross Margin)
19.                Table Biegler Medizin Overview List
20.                Table Business Operation of Biegler Medizin (Sales Revenue, Sales Volume, Price, Cost, Gross Margin)
21.                Table Global Blood Warmers Sales Revenue 2016-2020, by Company, in USD Million
22.                Table Global Blood Warmers Sales Revenue Share 2016-2020, by Company, in USD Million
23.                Table Global Blood Warmers Sales Volume 2016-2020, by Company, in Volume
24.                Table Global Blood Warmers Sales Volume Share 2016-2020, by Company, in Volume
25.                Table Regional Demand Comparison List
26.                Table Major Application in Different Regions
27.                Table Blood Warmers Demand Forecast 2021-2026, by Application, in USD Million
28.                Table Blood Warmers Demand Forecast 2021-2026, by Application, in Volume
29.                Table Blood Warmers Market Growth 2021-2026, by Application, in Volume
30.                Table Blood Warmers Market Share in 2026, by Application, in Volume
31.                Table Blood Warmers Production 2016-2020, by Region, in USD Million
32.                Table Blood Warmers Production 2016-2020, by Region, in Volume
33.                Table Global Blood Warmers Market 2016-2020, by Region, in USD Million
34.                Table Global Blood Warmers Market Share 2016-2020, by Region, in USD Million
35.                Table Global Blood Warmers Market 2016-2020, by Region, in Volume
36.                Table Global Blood Warmers Market Share 2016-2020, by Region, in Volume
37.                Table North America Blood Warmers Market Size 2016-2020, by Country, in USD Million
38.                Table North America Blood Warmers Market Size 2016-2020, by Country, in Volume
39.                Table Europe Blood Warmers Market Size 2016-2020, by Country, in USD Million
40.                Table Europe Blood Warmers Market Size 2016-2020, by Country, in Volume
41.                Table Asia-Pacific Blood Warmers Market Size 2016-2020, by Country, in USD Million
42.                Table Asia-Pacific Blood Warmers Market Size 2016-2020, by Country, in Volume
43.                Table South America Blood Warmers Market Size 2016-2020, by Country, in USD Million
44.                Table South America Blood Warmers Market Size 2016-2020, by Country, in Volume
45.                Table Middle East & Africa Blood Warmers Market Size 2016-2020, by Country, in USD Million
46.                Table Middle East & Africa Blood Warmers Market Size 2016-2020, by Country, in Volume
47.                Table Blood Warmers Market Forecast 2021-2026, by Region, in USD Million
48.                Table Blood Warmers Market Forecast 2021-2026, by Region, in Volume
49.                Table Price Factors List","List of Figure
1.                Figure Blood Warmers Industry Chain Structure
2.                Figure Global Blood Warmers Market Growth 2016-2020, by Type, in USD Million
3.                Figure Global Blood Warmers Market Growth 2016-2020, by Type, in Volume
4.                Figure Global Blood Warmers Sales Revenue Share in 2020, by Company, in USD Million
5.                Figure Global Blood Warmers Sales Volume Share in 2020, by Company, in Volume
6.                Figure North America Blood Warmers Market Concentration, in 2020
7.                Figure Europe Blood Warmers Market Market Concentration, in 2020
8.                Figure Asia-Pacific Blood Warmers MMarket Concentration, in 2020
9.                Figure South America Blood Warmers Market Concentration, in 2020
10.                Figure Middle East & Africa Blood Warmers Market Concentration, in 2020
11.                Figure Blood Warmers Demand in Hospital, 2016-2020, in USD Million
12.                Figure Blood Warmers Demand in Hospital, 2016-2020, in Volume
13.                Figure Blood Warmers Demand in Clinic, 2016-2020, in USD Million
14.                Figure Blood Warmers Demand in Clinic, 2016-2020, in Volume
15.                Figure Blood Warmers Demand in Others, 2016-2020, in USD Million
16.                Figure Blood Warmers Demand in Others, 2016-2020, in Volume
17.                Figure Blood Warmers Market Growth 2021-2026, by Application, in USD Million
18.                Figure Blood Warmers Market Share in 2026, by Application, in USD Million
19.                Figure North America Blood Warmers Market Size and Growth 2016-2020, in USD Million
20.                Figure North America Blood Warmers Market Size and Growth 2016-2020, in Volume
21.                Figure Europe Blood Warmers Market Size and Growth 2016-2020, in USD Million
22.                Figure Europe Blood Warmers Market Size and Growth 2016-2020, in Volume
23.                Figure Asia-Pacific Blood Warmers Market Size and Growth 2016-2020, in USD Million
24.                Figure Asia-Pacific Blood Warmers Market Size and Growth 2016-2020, in Volume
25.                Figure South America Blood Warmers Market Size and Growth 2016-2020, in USD Million
26.                Figure South America Blood Warmers Market Size and Growth 2016-2020, in Volume
27.                Figure Middle East & Africa Blood Warmers Market Size and Growth 2016-2020, in USD Million
28.                Figure Middle East & Africa Blood Warmers Market Size and Growth 2016-2020, in Volume
29.                Figure Marketing Channels Overview","$2,980 ","$5,960 ","$5,960 ",99SGL298Lif20210200024832
7-Apr-21,"Life & Medical","Global Ultrasonic Doppler Diagnostic Equipment Market Analysis 2016-2020 and Forecast 2021-2026","Snapshot
The global Ultrasonic Doppler Diagnostic Equipment market size is estimated at xxx million USD with a CAGR xx% from 2016-2020 and is expected to reach xxx Million USD in 2021 with a CAGR xx% from 2021 to 2026. The report begins from overview of Industry Chain structure, and describes industry environment, then analyses market size and forecast of Ultrasonic Doppler Diagnostic Equipment by product, region and application, in addition, this report introduces market competition situation among the vendors and company profile, besides, market price analysis and value chain features are covered in this report.
Product Type Coverage (Market Size & Forecast, Major Company of Product Type etc.):
        Ultrasound Doppler Vascular Imaging
        Color Doppler Flow Imaging
Company Coverage (Company Profile, Sales Revenue, Price, Gross Margin, Main Products etc.):
        General Electric
        Philips
        Siemens
        TOSHIBA
        Hitachi
        Esaote
        SamSung(MEDISON)
        Sonosite (FUJIFILM )
        Mindray
        WELLD
        SonoScape
        LANDWIND MEDICAL
        SIUI
        CHISON
        EDAN Instruments
Application Coverage (Market Size & Forecast, Different Demand Market by Region, Main Consumer Profile etc.):
        Cardiology
        Radiology
        Obstetrics
        Gastroenterology
        Others
Region Coverage (Regional Production, Demand & Forecast by Countries etc.):
        North America (U.S., Canada, Mexico)
        Europe (Germany, U.K., France, Italy, Russia, Spain etc.)
        Asia-Pacific (China, India, Japan, Southeast Asia etc.)
        South America (Brazil, Argentina etc.)
        Middle East & Africa (Saudi Arabia, South Africa etc.)",101,"Table of Contents
1 Industry Overview
    1.1 Ultrasonic Doppler Diagnostic Equipment Industry
                Figure Ultrasonic Doppler Diagnostic Equipment Industry Chain Structure
        1.1.1 Overview
        1.1.2 Development of Ultrasonic Doppler Diagnostic Equipment
    1.2 Market Segment
        1.2.1 Upstream
                Table Upstream Segment of Ultrasonic Doppler Diagnostic Equipment
        1.2.2 Downstream
                Table Application Segment of Ultrasonic Doppler Diagnostic Equipment
                Table Global Ultrasonic Doppler Diagnostic Equipment Market 2016-2026, by Application, in USD Million
        1.2.3 COVID-19 Impact
    1.3 Cost Analysis
2 Industry Environment (PEST Analysis)
    2.1 Policy
    2.2 Economics
    2.3 Sociology
    2.4 Technology
3 Ultrasonic Doppler Diagnostic Equipment Market by Type
    3.1 By Type
        3.1.1 Ultrasound Doppler Vascular Imaging
                Table Major Company List of Ultrasound Doppler Vascular Imaging
        3.1.2 Color Doppler Flow Imaging
                Table Major Company List of Color Doppler Flow Imaging
    3.2 Market Size
                Table Global Ultrasonic Doppler Diagnostic Equipment Market 2016-2020, by Type, in USD Million
                Figure Global Ultrasonic Doppler Diagnostic Equipment Market Growth 2016-2020, by Type, in USD Million
                Table Global Ultrasonic Doppler Diagnostic Equipment Market 2016-2020, by Type, in Volume
                Figure Global Ultrasonic Doppler Diagnostic Equipment Market Growth 2016-2020, by Type, in Volume
    3.3 Market Forecast
                Table Global Ultrasonic Doppler Diagnostic Equipment Market Forecast 2021-2026, by Type, in USD Million
                Table Global Ultrasonic Doppler Diagnostic Equipment Market Forecast 2021-2026, by Type, in Volume
4 Major Companies List
    4.1 General Electric (Company Profile, Sales Data etc.)
        4.1.1 General Electric Profile
                Table General Electric Overview List
        4.1.2 General Electric Products & Services
        4.1.3 General Electric Business Operation Conditions
                Table Business Operation of General Electric (Sales Revenue, Sales Volume, Price, Cost, Gross Margin)
    4.2 Philips (Company Profile, Sales Data etc.)
        4.2.1 Philips Profile
                Table Philips Overview List
        4.2.2 Philips Products & Services
        4.2.3 Philips Business Operation Conditions
                Table Business Operation of Philips (Sales Revenue, Sales Volume, Price, Cost, Gross Margin)
    4.3 Siemens (Company Profile, Sales Data etc.)
        4.3.1 Siemens Profile
                Table Siemens Overview List
        4.3.2 Siemens Products & Services
        4.3.3 Siemens Business Operation Conditions
                Table Business Operation of Siemens (Sales Revenue, Sales Volume, Price, Cost, Gross Margin)
    4.4 TOSHIBA (Company Profile, Sales Data etc.)
        4.4.1 TOSHIBA Profile
                Table TOSHIBA Overview List
        4.4.2 TOSHIBA Products & Services
        4.4.3 TOSHIBA Business Operation Conditions
                Table Business Operation of TOSHIBA (Sales Revenue, Sales Volume, Price, Cost, Gross Margin)
    4.5 Hitachi (Company Profile, Sales Data etc.)
        4.5.1 Hitachi Profile
                Table Hitachi Overview List
        4.5.2 Hitachi Products & Services
        4.5.3 Hitachi Business Operation Conditions
                Table Business Operation of Hitachi (Sales Revenue, Sales Volume, Price, Cost, Gross Margin)
    4.6 Esaote (Company Profile, Sales Data etc.)
        4.6.1 Esaote Profile
                Table Esaote Overview List
        4.6.2 Esaote Products & Services
        4.6.3 Esaote Business Operation Conditions
                Table Business Operation of Esaote (Sales Revenue, Sales Volume, Price, Cost, Gross Margin)
    4.7 SamSung(MEDISON) (Company Profile, Sales Data etc.)
        4.7.1 SamSung(MEDISON) Profile
                Table SamSung(MEDISON) Overview List
        4.7.2 SamSung(MEDISON) Products & Services
        4.7.3 SamSung(MEDISON) Business Operation Conditions
                Table Business Operation of SamSung(MEDISON) (Sales Revenue, Sales Volume, Price, Cost, Gross Margin)
    4.8 Sonosite (FUJIFILM ) (Company Profile, Sales Data etc.)
        4.8.1 Sonosite (FUJIFILM ) Profile
                Table Sonosite (FUJIFILM ) Overview List
        4.8.2 Sonosite (FUJIFILM ) Products & Services
        4.8.3 Sonosite (FUJIFILM ) Business Operation Conditions
                Table Business Operation of Sonosite (FUJIFILM ) (Sales Revenue, Sales Volume, Price, Cost, Gross Margin)
    4.9 Mindray (Company Profile, Sales Data etc.)
        4.9.1 Mindray Profile
                Table Mindray Overview List
        4.9.2 Mindray Products & Services
        4.9.3 Mindray Business Operation Conditions
                Table Business Operation of Mindray (Sales Revenue, Sales Volume, Price, Cost, Gross Margin)
    4.10 WELLD (Company Profile, Sales Data etc.)
        4.10.1 WELLD Profile
                Table WELLD Overview List
        4.10.2 WELLD Products & Services
        4.10.3 WELLD Business Operation Conditions
                Table Business Operation of WELLD (Sales Revenue, Sales Volume, Price, Cost, Gross Margin)
    4.11 SonoScape (Company Profile, Sales Data etc.)
        4.11.1 SonoScape Profile
                Table SonoScape Overview List
        4.11.2 SonoScape Products & Services
        4.11.3 SonoScape Business Operation Conditions
                Table Business Operation of SonoScape (Sales Revenue, Sales Volume, Price, Cost, Gross Margin)
    4.12 LANDWIND MEDICAL (Company Profile, Sales Data etc.)
        4.12.1 LANDWIND MEDICAL Profile
                Table LANDWIND MEDICAL Overview List
        4.12.2 LANDWIND MEDICAL Products & Services
        4.12.3 LANDWIND MEDICAL Business Operation Conditions
                Table Business Operation of LANDWIND MEDICAL (Sales Revenue, Cost, Gross Margin)
    4.13 SIUI (Company Profile, Sales Data etc.)
        4.13.1 SIUI Profile
                Table SIUI Overview List
        4.13.2 SIUI Products & Services
        4.13.3 SIUI Business Operation Conditions
                Table Business Operation of SIUI (Sales Revenue, Sales Volume, Price, Cost, Gross Margin)
    4.14 CHISON (Company Profile, Sales Data etc.)
        4.14.1 CHISON Profile
                Table CHISON Overview List
        4.14.2 CHISON Products & Services
        4.14.3 CHISON Business Operation Conditions
                Table Business Operation of CHISON (Sales Revenue, Cost, Gross Margin)
    4.15 EDAN Instruments (Company Profile, Sales Data etc.)
        4.15.1 EDAN Instruments Profile
                Table EDAN Instruments Overview List
        4.15.2 EDAN Instruments Products & Services
        4.15.3 EDAN Instruments Business Operation Conditions
                Table Business Operation of EDAN Instruments (Sales Revenue, Cost, Gross Margin)
5 Market Competition
    5.1 Company Competition
                Table Global Ultrasonic Doppler Diagnostic Equipment Sales Revenue 2016-2020, by Company, in USD Million
                Table Global Ultrasonic Doppler Diagnostic Equipment Sales Revenue Share 2016-2020, by Company, in USD Million
                Figure Global Ultrasonic Doppler Diagnostic Equipment Sales Revenue Share in 2020, by Company, in USD Million
                Table Global Ultrasonic Doppler Diagnostic Equipment Sales Volume 2016-2020, by Company, in Volume
                Table Global Ultrasonic Doppler Diagnostic Equipment Sales Volume Share 2016-2020, by Company, in Volume
                Figure Global Ultrasonic Doppler Diagnostic Equipment Sales Volume Share in 2020, by Company, in Volume
    5.2 Regional Market by Company
                Figure North America Ultrasonic Doppler Diagnostic Equipment Market Concentration, in 2020
                Figure Europe Ultrasonic Doppler Diagnostic Equipment Market Market Concentration, in 2020
                Figure Asia-Pacific Ultrasonic Doppler Diagnostic Equipment MMarket Concentration, in 2020
                Figure South America Ultrasonic Doppler Diagnostic Equipment Market Concentration, in 2020
                Figure Middle East & Africa Ultrasonic Doppler Diagnostic Equipment Market Concentration, in 2020
6 Demand by End Market
    6.1 Demand Situation
        6.1.1 Demand in Cardiology
                Figure Ultrasonic Doppler Diagnostic Equipment Demand in Cardiology, 2016-2020, in USD Million
                Figure Ultrasonic Doppler Diagnostic Equipment Demand in Cardiology, 2016-2020, in Volume
        6.1.2 Demand in Radiology
                Figure Ultrasonic Doppler Diagnostic Equipment Demand in Radiology, 2016-2020, in USD Million
                Figure Ultrasonic Doppler Diagnostic Equipment Demand in Radiology, 2016-2020, in Volume
        6.1.3 Demand in Obstetrics
                Figure Ultrasonic Doppler Diagnostic Equipment Demand in Obstetrics, 2016-2020, in USD Million
                Figure Ultrasonic Doppler Diagnostic Equipment Demand in Obstetrics, 2016-2020, in Volume
        6.1.4 Demand in Gastroenterology
                Figure Ultrasonic Doppler Diagnostic Equipment Demand in Gastroenterology, 2016-2020, in USD Million
                Figure Ultrasonic Doppler Diagnostic Equipment Demand in Gastroenterology, 2016-2020, in Volume
        6.1.5 Demand in Others
                Figure Ultrasonic Doppler Diagnostic Equipment Demand in Others, 2016-2020, in USD Million
                Figure Ultrasonic Doppler Diagnostic Equipment Demand in Others, 2016-2020, in Volume
    6.2 Regional Demand Comparison
                Table Regional Demand Comparison List
                Table Major Application in Different Regions
    6.3 Demand Forecast
                Table Ultrasonic Doppler Diagnostic Equipment Demand Forecast 2021-2026, by Application, in USD Million
                Figure Ultrasonic Doppler Diagnostic Equipment Market Growth 2021-2026, by Application, in USD Million
                Figure Ultrasonic Doppler Diagnostic Equipment Market Share in 2026, by Application, in USD Million
                Table Ultrasonic Doppler Diagnostic Equipment Demand Forecast 2021-2026, by Application, in Volume
                Table Ultrasonic Doppler Diagnostic Equipment Market Growth 2021-2026, by Application, in Volume
                Table Ultrasonic Doppler Diagnostic Equipment Market Share in 2026, by Application, in Volume
    6.4 Impact of the COVID-19 on the Demand
7 Region Operation
    7.1 Regional Production
                Table Ultrasonic Doppler Diagnostic Equipment Production 2016-2020, by Region, in USD Million
                Table Ultrasonic Doppler Diagnostic Equipment Production 2016-2020, by Region, in Volume
    7.2 Regional Market
                Table Global Ultrasonic Doppler Diagnostic Equipment Market 2016-2020, by Region, in USD Million
                Table Global Ultrasonic Doppler Diagnostic Equipment Market Share 2016-2020, by Region, in USD Million
                Table Global Ultrasonic Doppler Diagnostic Equipment Market 2016-2020, by Region, in Volume
                Table Global Ultrasonic Doppler Diagnostic Equipment Market Share 2016-2020, by Region, in Volume
    7.3 by Region
        7.3.1 North America
            7.3.1.1 Overview
                Figure North America Ultrasonic Doppler Diagnostic Equipment Market Size and Growth 2016-2020, in USD Million
                Figure North America Ultrasonic Doppler Diagnostic Equipment Market Size and Growth 2016-2020, in Volume
            7.3.1.2 by Country (U.S., Canada, Mexico)
                Table North America Ultrasonic Doppler Diagnostic Equipment Market Size 2016-2020, by Country, in USD Million
                Table North America Ultrasonic Doppler Diagnostic Equipment Market Size 2016-2020, by Country, in Volume
        7.3.2 Europe
            7.3.2.1 Overview
                Figure Europe Ultrasonic Doppler Diagnostic Equipment Market Size and Growth 2016-2020, in USD Million
                Figure Europe Ultrasonic Doppler Diagnostic Equipment Market Size and Growth 2016-2020, in Volume
            7.3.2.2 by Country (Germany, U.K., France, Italy, Russia, Spain etc.)
                Table Europe Ultrasonic Doppler Diagnostic Equipment Market Size 2016-2020, by Country, in USD Million
                Table Europe Ultrasonic Doppler Diagnostic Equipment Market Size 2016-2020, by Country, in Volume
        7.3.3 Asia-Pacific
            7.3.3.1 Overview
                Figure Asia-Pacific Ultrasonic Doppler Diagnostic Equipment Market Size and Growth 2016-2020, in USD Million
                Figure Asia-Pacific Ultrasonic Doppler Diagnostic Equipment Market Size and Growth 2016-2020, in Volume
            7.3.3.2 by Country (China, India, Japan, Southeast Asia etc.)
                Table Asia-Pacific Ultrasonic Doppler Diagnostic Equipment Market Size 2016-2020, by Country, in USD Million
                Table Asia-Pacific Ultrasonic Doppler Diagnostic Equipment Market Size 2016-2020, by Country, in Volume
        7.3.4 South America
            7.3.4.1 Overview
                Figure South America Ultrasonic Doppler Diagnostic Equipment Market Size and Growth 2016-2020, in USD Million
                Figure South America Ultrasonic Doppler Diagnostic Equipment Market Size and Growth 2016-2020, in Volume
            7.3.4.2 by Country (Brazil, Argentina etc.)
                Table South America Ultrasonic Doppler Diagnostic Equipment Market Size 2016-2020, by Country, in USD Million
                Table South America Ultrasonic Doppler Diagnostic Equipment Market Size 2016-2020, by Country, in Volume
        7.3.5 Middle East & Africa
            7.3.5.1 Overview
                Figure Middle East & Africa Ultrasonic Doppler Diagnostic Equipment Market Size and Growth 2016-2020, in USD Million
                Figure Middle East & Africa Ultrasonic Doppler Diagnostic Equipment Market Size and Growth 2016-2020, in Volume
            7.3.5.2 by Country (Saudi Arabia, South Africa etc.)
                Table Middle East & Africa Ultrasonic Doppler Diagnostic Equipment Market Size 2016-2020, by Country, in USD Million
                Table Middle East & Africa Ultrasonic Doppler Diagnostic Equipment Market Size 2016-2020, by Country, in Volume
    7.4 Regional Import & Export
    7.5 Regional Forecast
                Table Ultrasonic Doppler Diagnostic Equipment Market Forecast 2021-2026, by Region, in USD Million
                Table Ultrasonic Doppler Diagnostic Equipment Market Forecast 2021-2026, by Region, in Volume
8 Marketing & Price
    8.1 Price and Margin
        8.1.1 Price Trends
        8.1.2 Factors of Price Change
                Table Price Factors List
        8.1.3 Manufacturers Gross Margin Analysis
    8.2 Marketing Channel
                Figure Marketing Channels Overview
9 Research Conclusion","List of Table
1.                Table Upstream Segment of Ultrasonic Doppler Diagnostic Equipment
2.                Table Application Segment of Ultrasonic Doppler Diagnostic Equipment
3.                Table Global Ultrasonic Doppler Diagnostic Equipment Market 2016-2026, by Application, in USD Million
4.                Table Major Company List of Color Doppler Flow Imaging
5.                Table Global Ultrasonic Doppler Diagnostic Equipment Market 2016-2020, by Type, in USD Million
6.                Table Global Ultrasonic Doppler Diagnostic Equipment Market 2016-2020, by Type, in Volume
7.                Table Global Ultrasonic Doppler Diagnostic Equipment Market Forecast 2021-2026, by Type, in USD Million
8.                Table Global Ultrasonic Doppler Diagnostic Equipment Market Forecast 2021-2026, by Type, in Volume
9.                Table General Electric Overview List
10.                Table Business Operation of General Electric (Sales Revenue, Sales Volume, Price, Cost, Gross Margin)
11.                Table Philips Overview List
12.                Table Business Operation of Philips (Sales Revenue, Sales Volume, Price, Cost, Gross Margin)
13.                Table Siemens Overview List
14.                Table Business Operation of Siemens (Sales Revenue, Sales Volume, Price, Cost, Gross Margin)
15.                Table TOSHIBA Overview List
16.                Table Business Operation of TOSHIBA (Sales Revenue, Sales Volume, Price, Cost, Gross Margin)
17.                Table Hitachi Overview List
18.                Table Business Operation of Hitachi (Sales Revenue, Sales Volume, Price, Cost, Gross Margin)
19.                Table Esaote Overview List
20.                Table Business Operation of Esaote (Sales Revenue, Sales Volume, Price, Cost, Gross Margin)
21.                Table SamSung(MEDISON) Overview List
22.                Table Business Operation of SamSung(MEDISON) (Sales Revenue, Sales Volume, Price, Cost, Gross Margin)
23.                Table Sonosite (FUJIFILM ) Overview List
24.                Table Business Operation of Sonosite (FUJIFILM ) (Sales Revenue, Sales Volume, Price, Cost, Gross Margin)
25.                Table Mindray Overview List
26.                Table Business Operation of Mindray (Sales Revenue, Sales Volume, Price, Cost, Gross Margin)
27.                Table WELLD Overview List
28.                Table Business Operation of WELLD (Sales Revenue, Sales Volume, Price, Cost, Gross Margin)
29.                Table SonoScape Overview List
30.                Table Business Operation of SonoScape (Sales Revenue, Sales Volume, Price, Cost, Gross Margin)
31.                Table LANDWIND MEDICAL Overview List
32.                Table Business Operation of LANDWIND MEDICAL (Sales Revenue, Cost, Gross Margin)
33.                Table SIUI Overview List
34.                Table Business Operation of SIUI (Sales Revenue, Sales Volume, Price, Cost, Gross Margin)
35.                Table CHISON Overview List
36.                Table Business Operation of CHISON (Sales Revenue, Cost, Gross Margin)
37.                Table EDAN Instruments Overview List
38.                Table Business Operation of EDAN Instruments (Sales Revenue, Cost, Gross Margin)
39.                Table Global Ultrasonic Doppler Diagnostic Equipment Sales Revenue 2016-2020, by Company, in USD Million
40.                Table Global Ultrasonic Doppler Diagnostic Equipment Sales Revenue Share 2016-2020, by Company, in USD Million
41.                Table Global Ultrasonic Doppler Diagnostic Equipment Sales Volume 2016-2020, by Company, in Volume
42.                Table Global Ultrasonic Doppler Diagnostic Equipment Sales Volume Share 2016-2020, by Company, in Volume
43.                Table Regional Demand Comparison List
44.                Table Major Application in Different Regions
45.                Table Ultrasonic Doppler Diagnostic Equipment Demand Forecast 2021-2026, by Application, in USD Million
46.                Table Ultrasonic Doppler Diagnostic Equipment Demand Forecast 2021-2026, by Application, in Volume
47.                Table Ultrasonic Doppler Diagnostic Equipment Market Growth 2021-2026, by Application, in Volume
48.                Table Ultrasonic Doppler Diagnostic Equipment Market Share in 2026, by Application, in Volume
49.                Table Ultrasonic Doppler Diagnostic Equipment Production 2016-2020, by Region, in USD Million
50.                Table Ultrasonic Doppler Diagnostic Equipment Production 2016-2020, by Region, in Volume
51.                Table Global Ultrasonic Doppler Diagnostic Equipment Market 2016-2020, by Region, in USD Million
52.                Table Global Ultrasonic Doppler Diagnostic Equipment Market Share 2016-2020, by Region, in USD Million
53.                Table Global Ultrasonic Doppler Diagnostic Equipment Market 2016-2020, by Region, in Volume
54.                Table Global Ultrasonic Doppler Diagnostic Equipment Market Share 2016-2020, by Region, in Volume
55.                Table North America Ultrasonic Doppler Diagnostic Equipment Market Size 2016-2020, by Country, in USD Million
56.                Table North America Ultrasonic Doppler Diagnostic Equipment Market Size 2016-2020, by Country, in Volume
57.                Table Europe Ultrasonic Doppler Diagnostic Equipment Market Size 2016-2020, by Country, in USD Million
58.                Table Europe Ultrasonic Doppler Diagnostic Equipment Market Size 2016-2020, by Country, in Volume
59.                Table Asia-Pacific Ultrasonic Doppler Diagnostic Equipment Market Size 2016-2020, by Country, in USD Million
60.                Table Asia-Pacific Ultrasonic Doppler Diagnostic Equipment Market Size 2016-2020, by Country, in Volume
61.                Table South America Ultrasonic Doppler Diagnostic Equipment Market Size 2016-2020, by Country, in USD Million
62.                Table South America Ultrasonic Doppler Diagnostic Equipment Market Size 2016-2020, by Country, in Volume
63.                Table Middle East & Africa Ultrasonic Doppler Diagnostic Equipment Market Size 2016-2020, by Country, in USD Million
64.                Table Middle East & Africa Ultrasonic Doppler Diagnostic Equipment Market Size 2016-2020, by Country, in Volume
65.                Table Ultrasonic Doppler Diagnostic Equipment Market Forecast 2021-2026, by Region, in USD Million
66.                Table Ultrasonic Doppler Diagnostic Equipment Market Forecast 2021-2026, by Region, in Volume
67.                Table Price Factors List","List of Figure
1.                Figure Ultrasonic Doppler Diagnostic Equipment Industry Chain Structure
2.                Figure Global Ultrasonic Doppler Diagnostic Equipment Market Growth 2016-2020, by Type, in USD Million
3.                Figure Global Ultrasonic Doppler Diagnostic Equipment Market Growth 2016-2020, by Type, in Volume
4.                Figure Global Ultrasonic Doppler Diagnostic Equipment Sales Revenue Share in 2020, by Company, in USD Million
5.                Figure Global Ultrasonic Doppler Diagnostic Equipment Sales Volume Share in 2020, by Company, in Volume
6.                Figure North America Ultrasonic Doppler Diagnostic Equipment Market Concentration, in 2020
7.                Figure Europe Ultrasonic Doppler Diagnostic Equipment Market Market Concentration, in 2020
8.                Figure Asia-Pacific Ultrasonic Doppler Diagnostic Equipment MMarket Concentration, in 2020
9.                Figure South America Ultrasonic Doppler Diagnostic Equipment Market Concentration, in 2020
10.                Figure Middle East & Africa Ultrasonic Doppler Diagnostic Equipment Market Concentration, in 2020
11.                Figure Ultrasonic Doppler Diagnostic Equipment Demand in Cardiology, 2016-2020, in USD Million
12.                Figure Ultrasonic Doppler Diagnostic Equipment Demand in Cardiology, 2016-2020, in Volume
13.                Figure Ultrasonic Doppler Diagnostic Equipment Demand in Radiology, 2016-2020, in USD Million
14.                Figure Ultrasonic Doppler Diagnostic Equipment Demand in Radiology, 2016-2020, in Volume
15.                Figure Ultrasonic Doppler Diagnostic Equipment Demand in Obstetrics, 2016-2020, in USD Million
16.                Figure Ultrasonic Doppler Diagnostic Equipment Demand in Obstetrics, 2016-2020, in Volume
17.                Figure Ultrasonic Doppler Diagnostic Equipment Demand in Gastroenterology, 2016-2020, in USD Million
18.                Figure Ultrasonic Doppler Diagnostic Equipment Demand in Gastroenterology, 2016-2020, in Volume
19.                Figure Ultrasonic Doppler Diagnostic Equipment Demand in Others, 2016-2020, in USD Million
20.                Figure Ultrasonic Doppler Diagnostic Equipment Demand in Others, 2016-2020, in Volume
21.                Figure Ultrasonic Doppler Diagnostic Equipment Market Growth 2021-2026, by Application, in USD Million
22.                Figure Ultrasonic Doppler Diagnostic Equipment Market Share in 2026, by Application, in USD Million
23.                Figure North America Ultrasonic Doppler Diagnostic Equipment Market Size and Growth 2016-2020, in USD Million
24.                Figure North America Ultrasonic Doppler Diagnostic Equipment Market Size and Growth 2016-2020, in Volume
25.                Figure Europe Ultrasonic Doppler Diagnostic Equipment Market Size and Growth 2016-2020, in USD Million
26.                Figure Europe Ultrasonic Doppler Diagnostic Equipment Market Size and Growth 2016-2020, in Volume
27.                Figure Asia-Pacific Ultrasonic Doppler Diagnostic Equipment Market Size and Growth 2016-2020, in USD Million
28.                Figure Asia-Pacific Ultrasonic Doppler Diagnostic Equipment Market Size and Growth 2016-2020, in Volume
29.                Figure South America Ultrasonic Doppler Diagnostic Equipment Market Size and Growth 2016-2020, in USD Million
30.                Figure South America Ultrasonic Doppler Diagnostic Equipment Market Size and Growth 2016-2020, in Volume
31.                Figure Middle East & Africa Ultrasonic Doppler Diagnostic Equipment Market Size and Growth 2016-2020, in USD Million
32.                Figure Middle East & Africa Ultrasonic Doppler Diagnostic Equipment Market Size and Growth 2016-2020, in Volume
33.                Figure Marketing Channels Overview","$2,980 ","$5,960 ","$5,960 ",99SGL298Lif20210200024833
7-Apr-21,"Life & Medical","Global Oxymetry Market Analysis 2016-2020 and Forecast 2021-2026","Snapshot
The global Oxymetry market size is estimated at xxx million USD with a CAGR xx% from 2016-2020 and is expected to reach xxx Million USD in 2021 with a CAGR xx% from 2021 to 2026. The report begins from overview of Industry Chain structure, and describes industry environment, then analyses market size and forecast of Oxymetry by product, region and application, in addition, this report introduces market competition situation among the vendors and company profile, besides, market price analysis and value chain features are covered in this report.
Product Type Coverage (Market Size & Forecast, Major Company of Product Type etc.):
        Disposable Sensor
        Reusable Sensors
Company Coverage (Company Profile, Sales Revenue, Price, Gross Margin, Main Products etc.):
        Masimo
        Medtronic
        Nonin Medical
        Smiths Medical
        Nihon-Kohden
        Philips
        GE Healthcare
        Konica Minolta
        Mindray
        Heal Force
        Contec
        Jerry Medical
        Solaris
Application Coverage (Market Size & Forecast, Different Demand Market by Region, Main Consumer Profile etc.):
        Hospital
        Ambulatory Surgical Center
        Home Care
Region Coverage (Regional Production, Demand & Forecast by Countries etc.):
        North America (U.S., Canada, Mexico)
        Europe (Germany, U.K., France, Italy, Russia, Spain etc.)
        Asia-Pacific (China, India, Japan, Southeast Asia etc.)
        South America (Brazil, Argentina etc.)
        Middle East & Africa (Saudi Arabia, South Africa etc.)",95,"Table of Contents
1 Industry Overview
    1.1 Oxymetry Industry
                Figure Oxymetry Industry Chain Structure
        1.1.1 Overview
        1.1.2 Development of Oxymetry
    1.2 Market Segment
        1.2.1 Upstream
                Table Upstream Segment of Oxymetry
        1.2.2 Downstream
                Table Application Segment of Oxymetry
                Table Global Oxymetry Market 2016-2026, by Application, in USD Million
        1.2.3 COVID-19 Impact
    1.3 Cost Analysis
2 Industry Environment (PEST Analysis)
    2.1 Policy
    2.2 Economics
    2.3 Sociology
    2.4 Technology
3 Oxymetry Market by Type
    3.1 By Type
        3.1.1 Disposable Sensor
                Table Major Company List of Disposable Sensor
        3.1.2 Reusable Sensors
                Table Major Company List of Reusable Sensors
    3.2 Market Size
                Table Global Oxymetry Market 2016-2020, by Type, in USD Million
                Figure Global Oxymetry Market Growth 2016-2020, by Type, in USD Million
                Table Global Oxymetry Market 2016-2020, by Type, in Volume
                Figure Global Oxymetry Market Growth 2016-2020, by Type, in Volume
    3.3 Market Forecast
                Table Global Oxymetry Market Forecast 2021-2026, by Type, in USD Million
                Table Global Oxymetry Market Forecast 2021-2026, by Type, in Volume
4 Major Companies List
    4.1 Masimo (Company Profile, Sales Data etc.)
        4.1.1 Masimo Profile
                Table Masimo Overview List
        4.1.2 Masimo Products & Services
        4.1.3 Masimo Business Operation Conditions
                Table Business Operation of Masimo (Sales Revenue, Sales Volume, Price, Cost, Gross Margin)
    4.2 Medtronic (Company Profile, Sales Data etc.)
        4.2.1 Medtronic Profile
                Table Medtronic Overview List
        4.2.2 Medtronic Products & Services
        4.2.3 Medtronic Business Operation Conditions
                Table Business Operation of Medtronic (Sales Revenue, Sales Volume, Price, Cost, Gross Margin)
    4.3 Nonin Medical (Company Profile, Sales Data etc.)
        4.3.1 Nonin Medical Profile
                Table Nonin Medical Overview List
        4.3.2 Nonin Medical Products & Services
        4.3.3 Nonin Medical Business Operation Conditions
                Table Business Operation of Nonin Medical (Sales Revenue, Sales Volume, Price, Cost, Gross Margin)
    4.4 Smiths Medical (Company Profile, Sales Data etc.)
        4.4.1 Smiths Medical Profile
                Table Smiths Medical Overview List
        4.4.2 Smiths Medical Products & Services
        4.4.3 Smiths Medical Business Operation Conditions
                Table Business Operation of Smiths Medical (Sales Revenue, Sales Volume, Price, Cost, Gross Margin)
    4.5 Nihon-Kohden (Company Profile, Sales Data etc.)
        4.5.1 Nihon-Kohden Profile
                Table Nihon-Kohden Overview List
        4.5.2 Nihon-Kohden Products & Services
        4.5.3 Nihon-Kohden Business Operation Conditions
                Table Business Operation of Nihon-Kohden (Sales Revenue, Sales Volume, Price, Cost, Gross Margin)
    4.6 Philips (Company Profile, Sales Data etc.)
        4.6.1 Philips Profile
                Table Philips Overview List
        4.6.2 Philips Products & Services
        4.6.3 Philips Business Operation Conditions
                Table Business Operation of Philips (Sales Revenue, Sales Volume, Price, Cost, Gross Margin)
    4.7 GE Healthcare (Company Profile, Sales Data etc.)
        4.7.1 GE Healthcare Profile
                Table GE Healthcare Overview List
        4.7.2 GE Healthcare Products & Services
        4.7.3 GE Healthcare Business Operation Conditions
                Table Business Operation of GE Healthcare (Sales Revenue, Sales Volume, Price, Cost, Gross Margin)
    4.8 Konica Minolta (Company Profile, Sales Data etc.)
        4.8.1 Konica Minolta Profile
                Table Konica Minolta Overview List
        4.8.2 Konica Minolta Products & Services
        4.8.3 Konica Minolta Business Operation Conditions
                Table Business Operation of Konica Minolta (Sales Revenue, Sales Volume, Price, Cost, Gross Margin)
    4.9 Mindray (Company Profile, Sales Data etc.)
        4.9.1 Mindray Profile
                Table Mindray Overview List
        4.9.2 Mindray Products & Services
        4.9.3 Mindray Business Operation Conditions
                Table Business Operation of Mindray (Sales Revenue, Sales Volume, Price, Cost, Gross Margin)
    4.10 Heal Force (Company Profile, Sales Data etc.)
        4.10.1 Heal Force Profile
                Table Heal Force Overview List
        4.10.2 Heal Force Products & Services
        4.10.3 Heal Force Business Operation Conditions
                Table Business Operation of Heal Force (Sales Revenue, Sales Volume, Price, Cost, Gross Margin)
    4.11 Contec (Company Profile, Sales Data etc.)
        4.11.1 Contec Profile
                Table Contec Overview List
        4.11.2 Contec Products & Services
        4.11.3 Contec Business Operation Conditions
                Table Business Operation of Contec (Sales Revenue, Sales Volume, Price, Cost, Gross Margin)
    4.12 Jerry Medical (Company Profile, Sales Data etc.)
        4.12.1 Jerry Medical Profile
                Table Jerry Medical Overview List
        4.12.2 Jerry Medical Products & Services
        4.12.3 Jerry Medical Business Operation Conditions
                Table Business Operation of Jerry Medical (Sales Revenue, Cost, Gross Margin)
    4.13 Solaris (Company Profile, Sales Data etc.)
        4.13.1 Solaris Profile
                Table Solaris Overview List
        4.13.2 Solaris Products & Services
        4.13.3 Solaris Business Operation Conditions
                Table Business Operation of Solaris (Sales Revenue, Sales Volume, Price, Cost, Gross Margin)
5 Market Competition
    5.1 Company Competition
                Table Global Oxymetry Sales Revenue 2016-2020, by Company, in USD Million
                Table Global Oxymetry Sales Revenue Share 2016-2020, by Company, in USD Million
                Figure Global Oxymetry Sales Revenue Share in 2020, by Company, in USD Million
                Table Global Oxymetry Sales Volume 2016-2020, by Company, in Volume
                Table Global Oxymetry Sales Volume Share 2016-2020, by Company, in Volume
                Figure Global Oxymetry Sales Volume Share in 2020, by Company, in Volume
    5.2 Regional Market by Company
                Figure North America Oxymetry Market Concentration, in 2020
                Figure Europe Oxymetry Market Market Concentration, in 2020
                Figure Asia-Pacific Oxymetry MMarket Concentration, in 2020
                Figure South America Oxymetry Market Concentration, in 2020
                Figure Middle East & Africa Oxymetry Market Concentration, in 2020
6 Demand by End Market
    6.1 Demand Situation
        6.1.1 Demand in Hospital
                Figure Oxymetry Demand in Hospital, 2016-2020, in USD Million
                Figure Oxymetry Demand in Hospital, 2016-2020, in Volume
        6.1.2 Demand in Ambulatory Surgical Center
                Figure Oxymetry Demand in Ambulatory Surgical Center, 2016-2020, in USD Million
                Figure Oxymetry Demand in Ambulatory Surgical Center, 2016-2020, in Volume
        6.1.3 Demand in Home Care
                Figure Oxymetry Demand in Home Care, 2016-2020, in USD Million
                Figure Oxymetry Demand in Home Care, 2016-2020, in Volume
    6.2 Regional Demand Comparison
                Table Regional Demand Comparison List
                Table Major Application in Different Regions
    6.3 Demand Forecast
                Table Oxymetry Demand Forecast 2021-2026, by Application, in USD Million
                Figure Oxymetry Market Growth 2021-2026, by Application, in USD Million
                Figure Oxymetry Market Share in 2026, by Application, in USD Million
                Table Oxymetry Demand Forecast 2021-2026, by Application, in Volume
                Table Oxymetry Market Growth 2021-2026, by Application, in Volume
                Table Oxymetry Market Share in 2026, by Application, in Volume
    6.4 Impact of the COVID-19 on the Demand
7 Region Operation
    7.1 Regional Production
                Table Oxymetry Production 2016-2020, by Region, in USD Million
                Table Oxymetry Production 2016-2020, by Region, in Volume
    7.2 Regional Market
                Table Global Oxymetry Market 2016-2020, by Region, in USD Million
                Table Global Oxymetry Market Share 2016-2020, by Region, in USD Million
                Table Global Oxymetry Market 2016-2020, by Region, in Volume
                Table Global Oxymetry Market Share 2016-2020, by Region, in Volume
    7.3 by Region
        7.3.1 North America
            7.3.1.1 Overview
                Figure North America Oxymetry Market Size and Growth 2016-2020, in USD Million
                Figure North America Oxymetry Market Size and Growth 2016-2020, in Volume
            7.3.1.2 by Country (U.S., Canada, Mexico)
                Table North America Oxymetry Market Size 2016-2020, by Country, in USD Million
                Table North America Oxymetry Market Size 2016-2020, by Country, in Volume
        7.3.2 Europe
            7.3.2.1 Overview
                Figure Europe Oxymetry Market Size and Growth 2016-2020, in USD Million
                Figure Europe Oxymetry Market Size and Growth 2016-2020, in Volume
            7.3.2.2 by Country (Germany, U.K., France, Italy, Russia, Spain etc.)
                Table Europe Oxymetry Market Size 2016-2020, by Country, in USD Million
                Table Europe Oxymetry Market Size 2016-2020, by Country, in Volume
        7.3.3 Asia-Pacific
            7.3.3.1 Overview
                Figure Asia-Pacific Oxymetry Market Size and Growth 2016-2020, in USD Million
                Figure Asia-Pacific Oxymetry Market Size and Growth 2016-2020, in Volume
            7.3.3.2 by Country (China, India, Japan, Southeast Asia etc.)
                Table Asia-Pacific Oxymetry Market Size 2016-2020, by Country, in USD Million
                Table Asia-Pacific Oxymetry Market Size 2016-2020, by Country, in Volume
        7.3.4 South America
            7.3.4.1 Overview
                Figure South America Oxymetry Market Size and Growth 2016-2020, in USD Million
                Figure South America Oxymetry Market Size and Growth 2016-2020, in Volume
            7.3.4.2 by Country (Brazil, Argentina etc.)
                Table South America Oxymetry Market Size 2016-2020, by Country, in USD Million
                Table South America Oxymetry Market Size 2016-2020, by Country, in Volume
        7.3.5 Middle East & Africa
            7.3.5.1 Overview
                Figure Middle East & Africa Oxymetry Market Size and Growth 2016-2020, in USD Million
                Figure Middle East & Africa Oxymetry Market Size and Growth 2016-2020, in Volume
            7.3.5.2 by Country (Saudi Arabia, South Africa etc.)
                Table Middle East & Africa Oxymetry Market Size 2016-2020, by Country, in USD Million
                Table Middle East & Africa Oxymetry Market Size 2016-2020, by Country, in Volume
    7.4 Regional Import & Export
    7.5 Regional Forecast
                Table Oxymetry Market Forecast 2021-2026, by Region, in USD Million
                Table Oxymetry Market Forecast 2021-2026, by Region, in Volume
8 Marketing & Price
    8.1 Price and Margin
        8.1.1 Price Trends
        8.1.2 Factors of Price Change
                Table Price Factors List
        8.1.3 Manufacturers Gross Margin Analysis
    8.2 Marketing Channel
                Figure Marketing Channels Overview
9 Research Conclusion","List of Table
1.                Table Upstream Segment of Oxymetry
2.                Table Application Segment of Oxymetry
3.                Table Global Oxymetry Market 2016-2026, by Application, in USD Million
4.                Table Major Company List of Reusable Sensors
5.                Table Global Oxymetry Market 2016-2020, by Type, in USD Million
6.                Table Global Oxymetry Market 2016-2020, by Type, in Volume
7.                Table Global Oxymetry Market Forecast 2021-2026, by Type, in USD Million
8.                Table Global Oxymetry Market Forecast 2021-2026, by Type, in Volume
9.                Table Masimo Overview List
10.                Table Business Operation of Masimo (Sales Revenue, Sales Volume, Price, Cost, Gross Margin)
11.                Table Medtronic Overview List
12.                Table Business Operation of Medtronic (Sales Revenue, Sales Volume, Price, Cost, Gross Margin)
13.                Table Nonin Medical Overview List
14.                Table Business Operation of Nonin Medical (Sales Revenue, Sales Volume, Price, Cost, Gross Margin)
15.                Table Smiths Medical Overview List
16.                Table Business Operation of Smiths Medical (Sales Revenue, Sales Volume, Price, Cost, Gross Margin)
17.                Table Nihon-Kohden Overview List
18.                Table Business Operation of Nihon-Kohden (Sales Revenue, Sales Volume, Price, Cost, Gross Margin)
19.                Table Philips Overview List
20.                Table Business Operation of Philips (Sales Revenue, Sales Volume, Price, Cost, Gross Margin)
21.                Table GE Healthcare Overview List
22.                Table Business Operation of GE Healthcare (Sales Revenue, Sales Volume, Price, Cost, Gross Margin)
23.                Table Konica Minolta Overview List
24.                Table Business Operation of Konica Minolta (Sales Revenue, Sales Volume, Price, Cost, Gross Margin)
25.                Table Mindray Overview List
26.                Table Business Operation of Mindray (Sales Revenue, Sales Volume, Price, Cost, Gross Margin)
27.                Table Heal Force Overview List
28.                Table Business Operation of Heal Force (Sales Revenue, Sales Volume, Price, Cost, Gross Margin)
29.                Table Contec Overview List
30.                Table Business Operation of Contec (Sales Revenue, Sales Volume, Price, Cost, Gross Margin)
31.                Table Jerry Medical Overview List
32.                Table Business Operation of Jerry Medical (Sales Revenue, Cost, Gross Margin)
33.                Table Solaris Overview List
34.                Table Business Operation of Solaris (Sales Revenue, Sales Volume, Price, Cost, Gross Margin)
35.                Table Global Oxymetry Sales Revenue 2016-2020, by Company, in USD Million
36.                Table Global Oxymetry Sales Revenue Share 2016-2020, by Company, in USD Million
37.                Table Global Oxymetry Sales Volume 2016-2020, by Company, in Volume
38.                Table Global Oxymetry Sales Volume Share 2016-2020, by Company, in Volume
39.                Table Regional Demand Comparison List
40.                Table Major Application in Different Regions
41.                Table Oxymetry Demand Forecast 2021-2026, by Application, in USD Million
42.                Table Oxymetry Demand Forecast 2021-2026, by Application, in Volume
43.                Table Oxymetry Market Growth 2021-2026, by Application, in Volume
44.                Table Oxymetry Market Share in 2026, by Application, in Volume
45.                Table Oxymetry Production 2016-2020, by Region, in USD Million
46.                Table Oxymetry Production 2016-2020, by Region, in Volume
47.                Table Global Oxymetry Market 2016-2020, by Region, in USD Million
48.                Table Global Oxymetry Market Share 2016-2020, by Region, in USD Million
49.                Table Global Oxymetry Market 2016-2020, by Region, in Volume
50.                Table Global Oxymetry Market Share 2016-2020, by Region, in Volume
51.                Table North America Oxymetry Market Size 2016-2020, by Country, in USD Million
52.                Table North America Oxymetry Market Size 2016-2020, by Country, in Volume
53.                Table Europe Oxymetry Market Size 2016-2020, by Country, in USD Million
54.                Table Europe Oxymetry Market Size 2016-2020, by Country, in Volume
55.                Table Asia-Pacific Oxymetry Market Size 2016-2020, by Country, in USD Million
56.                Table Asia-Pacific Oxymetry Market Size 2016-2020, by Country, in Volume
57.                Table South America Oxymetry Market Size 2016-2020, by Country, in USD Million
58.                Table South America Oxymetry Market Size 2016-2020, by Country, in Volume
59.                Table Middle East & Africa Oxymetry Market Size 2016-2020, by Country, in USD Million
60.                Table Middle East & Africa Oxymetry Market Size 2016-2020, by Country, in Volume
61.                Table Oxymetry Market Forecast 2021-2026, by Region, in USD Million
62.                Table Oxymetry Market Forecast 2021-2026, by Region, in Volume
63.                Table Price Factors List","List of Figure
1.                Figure Oxymetry Industry Chain Structure
2.                Figure Global Oxymetry Market Growth 2016-2020, by Type, in USD Million
3.                Figure Global Oxymetry Market Growth 2016-2020, by Type, in Volume
4.                Figure Global Oxymetry Sales Revenue Share in 2020, by Company, in USD Million
5.                Figure Global Oxymetry Sales Volume Share in 2020, by Company, in Volume
6.                Figure North America Oxymetry Market Concentration, in 2020
7.                Figure Europe Oxymetry Market Market Concentration, in 2020
8.                Figure Asia-Pacific Oxymetry MMarket Concentration, in 2020
9.                Figure South America Oxymetry Market Concentration, in 2020
10.                Figure Middle East & Africa Oxymetry Market Concentration, in 2020
11.                Figure Oxymetry Demand in Hospital, 2016-2020, in USD Million
12.                Figure Oxymetry Demand in Hospital, 2016-2020, in Volume
13.                Figure Oxymetry Demand in Ambulatory Surgical Center, 2016-2020, in USD Million
14.                Figure Oxymetry Demand in Ambulatory Surgical Center, 2016-2020, in Volume
15.                Figure Oxymetry Demand in Home Care, 2016-2020, in USD Million
16.                Figure Oxymetry Demand in Home Care, 2016-2020, in Volume
17.                Figure Oxymetry Market Growth 2021-2026, by Application, in USD Million
18.                Figure Oxymetry Market Share in 2026, by Application, in USD Million
19.                Figure North America Oxymetry Market Size and Growth 2016-2020, in USD Million
20.                Figure North America Oxymetry Market Size and Growth 2016-2020, in Volume
21.                Figure Europe Oxymetry Market Size and Growth 2016-2020, in USD Million
22.                Figure Europe Oxymetry Market Size and Growth 2016-2020, in Volume
23.                Figure Asia-Pacific Oxymetry Market Size and Growth 2016-2020, in USD Million
24.                Figure Asia-Pacific Oxymetry Market Size and Growth 2016-2020, in Volume
25.                Figure South America Oxymetry Market Size and Growth 2016-2020, in USD Million
26.                Figure South America Oxymetry Market Size and Growth 2016-2020, in Volume
27.                Figure Middle East & Africa Oxymetry Market Size and Growth 2016-2020, in USD Million
28.                Figure Middle East & Africa Oxymetry Market Size and Growth 2016-2020, in Volume
29.                Figure Marketing Channels Overview","$2,980 ","$5,960 ","$5,960 ",99SGL298Lif20210200024834
7-Apr-21,"Chemical & Material","Global Fenoxaprop P-ethyl Market Analysis 2016-2020 and Forecast 2021-2026","Snapshot
The global Fenoxaprop P-ethyl market size is estimated at xxx million USD with a CAGR xx% from 2016-2020 and is expected to reach xxx Million USD in 2021 with a CAGR xx% from 2021 to 2026. The report begins from overview of Industry Chain structure, and describes industry environment, then analyses market size and forecast of Fenoxaprop P-ethyl by product, region and application, in addition, this report introduces market competition situation among the vendors and company profile, besides, market price analysis and value chain features are covered in this report.
Product Type Coverage (Market Size & Forecast, Major Company of Product Type etc.):
        Powder
        Solution
Company Coverage (Company Profile, Sales Revenue, Price, Gross Margin, Main Products etc.):
        Bessen Chemical
        Boshibang
        Essence Group
        Huaxing
        Huiqian
        Jingbo
        Kangze
        Shandong Jingbo Agrochemicals
        Udragon
Application Coverage (Market Size & Forecast, Different Demand Market by Region, Main Consumer Profile etc.):
        Agriculture
        Laboratory
        Chemical Industry
Region Coverage (Regional Production, Demand & Forecast by Countries etc.):
        North America (U.S., Canada, Mexico)
        Europe (Germany, U.K., France, Italy, Russia, Spain etc.)
        Asia-Pacific (China, India, Japan, Southeast Asia etc.)
        South America (Brazil, Argentina etc.)
        Middle East & Africa (Saudi Arabia, South Africa etc.)",89,"Table of Contents
1 Industry Overview
    1.1 Fenoxaprop P-ethyl Industry
                Figure Fenoxaprop P-ethyl Industry Chain Structure
        1.1.1 Overview
        1.1.2 Development of Fenoxaprop P-ethyl
    1.2 Market Segment
        1.2.1 Upstream
                Table Upstream Segment of Fenoxaprop P-ethyl
        1.2.2 Downstream
                Table Application Segment of Fenoxaprop P-ethyl
                Table Global Fenoxaprop P-ethyl Market 2016-2026, by Application, in USD Million
        1.2.3 COVID-19 Impact
    1.3 Cost Analysis
2 Industry Environment (PEST Analysis)
    2.1 Policy
    2.2 Economics
    2.3 Sociology
    2.4 Technology
3 Fenoxaprop P-ethyl Market by Type
    3.1 By Type
        3.1.1 Powder
                Table Major Company List of Powder
        3.1.2 Solution
                Table Major Company List of Solution
    3.2 Market Size
                Table Global Fenoxaprop P-ethyl Market 2016-2020, by Type, in USD Million
                Figure Global Fenoxaprop P-ethyl Market Growth 2016-2020, by Type, in USD Million
                Table Global Fenoxaprop P-ethyl Market 2016-2020, by Type, in Volume
                Figure Global Fenoxaprop P-ethyl Market Growth 2016-2020, by Type, in Volume
    3.3 Market Forecast
                Table Global Fenoxaprop P-ethyl Market Forecast 2021-2026, by Type, in USD Million
                Table Global Fenoxaprop P-ethyl Market Forecast 2021-2026, by Type, in Volume
4 Major Companies List
    4.1 Bessen Chemical (Company Profile, Sales Data etc.)
        4.1.1 Bessen Chemical Profile
                Table Bessen Chemical Overview List
        4.1.2 Bessen Chemical Products & Services
        4.1.3 Bessen Chemical Business Operation Conditions
                Table Business Operation of Bessen Chemical (Sales Revenue, Sales Volume, Price, Cost, Gross Margin)
    4.2 Boshibang (Company Profile, Sales Data etc.)
        4.2.1 Boshibang Profile
                Table Boshibang Overview List
        4.2.2 Boshibang Products & Services
        4.2.3 Boshibang Business Operation Conditions
                Table Business Operation of Boshibang (Sales Revenue, Sales Volume, Price, Cost, Gross Margin)
    4.3 Essence Group (Company Profile, Sales Data etc.)
        4.3.1 Essence Group Profile
                Table Essence Group Overview List
        4.3.2 Essence Group Products & Services
        4.3.3 Essence Group Business Operation Conditions
                Table Business Operation of Essence Group (Sales Revenue, Sales Volume, Price, Cost, Gross Margin)
    4.4 Huaxing (Company Profile, Sales Data etc.)
        4.4.1 Huaxing Profile
                Table Huaxing Overview List
        4.4.2 Huaxing Products & Services
        4.4.3 Huaxing Business Operation Conditions
                Table Business Operation of Huaxing (Sales Revenue, Sales Volume, Price, Cost, Gross Margin)
    4.5 Huiqian (Company Profile, Sales Data etc.)
        4.5.1 Huiqian Profile
                Table Huiqian Overview List
        4.5.2 Huiqian Products & Services
        4.5.3 Huiqian Business Operation Conditions
                Table Business Operation of Huiqian (Sales Revenue, Sales Volume, Price, Cost, Gross Margin)
    4.6 Jingbo (Company Profile, Sales Data etc.)
        4.6.1 Jingbo Profile
                Table Jingbo Overview List
        4.6.2 Jingbo Products & Services
        4.6.3 Jingbo Business Operation Conditions
                Table Business Operation of Jingbo (Sales Revenue, Sales Volume, Price, Cost, Gross Margin)
    4.7 Kangze (Company Profile, Sales Data etc.)
        4.7.1 Kangze Profile
                Table Kangze Overview List
        4.7.2 Kangze Products & Services
        4.7.3 Kangze Business Operation Conditions
                Table Business Operation of Kangze (Sales Revenue, Sales Volume, Price, Cost, Gross Margin)
    4.8 Shandong Jingbo Agrochemicals (Company Profile, Sales Data etc.)
        4.8.1 Shandong Jingbo Agrochemicals Profile
                Table Shandong Jingbo Agrochemicals Overview List
        4.8.2 Shandong Jingbo Agrochemicals Products & Services
        4.8.3 Shandong Jingbo Agrochemicals Business Operation Conditions
                Table Business Operation of Shandong Jingbo Agrochemicals (Sales Revenue, Sales Volume, Price, Cost, Gross Margin)
    4.9 Udragon (Company Profile, Sales Data etc.)
        4.9.1 Udragon Profile
                Table Udragon Overview List
        4.9.2 Udragon Products & Services
        4.9.3 Udragon Business Operation Conditions
                Table Business Operation of Udragon (Sales Revenue, Sales Volume, Price, Cost, Gross Margin)
5 Market Competition
    5.1 Company Competition
                Table Global Fenoxaprop P-ethyl Sales Revenue 2016-2020, by Company, in USD Million
                Table Global Fenoxaprop P-ethyl Sales Revenue Share 2016-2020, by Company, in USD Million
                Figure Global Fenoxaprop P-ethyl Sales Revenue Share in 2020, by Company, in USD Million
                Table Global Fenoxaprop P-ethyl Sales Volume 2016-2020, by Company, in Volume
                Table Global Fenoxaprop P-ethyl Sales Volume Share 2016-2020, by Company, in Volume
                Figure Global Fenoxaprop P-ethyl Sales Volume Share in 2020, by Company, in Volume
    5.2 Regional Market by Company
                Figure North America Fenoxaprop P-ethyl Market Concentration, in 2020
                Figure Europe Fenoxaprop P-ethyl Market Market Concentration, in 2020
                Figure Asia-Pacific Fenoxaprop P-ethyl MMarket Concentration, in 2020
                Figure South America Fenoxaprop P-ethyl Market Concentration, in 2020
                Figure Middle East & Africa Fenoxaprop P-ethyl Market Concentration, in 2020
6 Demand by End Market
    6.1 Demand Situation
        6.1.1 Demand in Agriculture
                Figure Fenoxaprop P-ethyl Demand in Agriculture, 2016-2020, in USD Million
                Figure Fenoxaprop P-ethyl Demand in Agriculture, 2016-2020, in Volume
        6.1.2 Demand in Laboratory
                Figure Fenoxaprop P-ethyl Demand in Laboratory, 2016-2020, in USD Million
                Figure Fenoxaprop P-ethyl Demand in Laboratory, 2016-2020, in Volume
        6.1.3 Demand in Chemical Industry
                Figure Fenoxaprop P-ethyl Demand in Chemical Industry, 2016-2020, in USD Million
                Figure Fenoxaprop P-ethyl Demand in Chemical Industry, 2016-2020, in Volume
    6.2 Regional Demand Comparison
                Table Regional Demand Comparison List
                Table Major Application in Different Regions
    6.3 Demand Forecast
                Table Fenoxaprop P-ethyl Demand Forecast 2021-2026, by Application, in USD Million
                Figure Fenoxaprop P-ethyl Market Growth 2021-2026, by Application, in USD Million
                Figure Fenoxaprop P-ethyl Market Share in 2026, by Application, in USD Million
                Table Fenoxaprop P-ethyl Demand Forecast 2021-2026, by Application, in Volume
                Table Fenoxaprop P-ethyl Market Growth 2021-2026, by Application, in Volume
                Table Fenoxaprop P-ethyl Market Share in 2026, by Application, in Volume
    6.4 Impact of the COVID-19 on the Demand
7 Region Operation
    7.1 Regional Production
                Table Fenoxaprop P-ethyl Production 2016-2020, by Region, in USD Million
                Table Fenoxaprop P-ethyl Production 2016-2020, by Region, in Volume
    7.2 Regional Market
                Table Global Fenoxaprop P-ethyl Market 2016-2020, by Region, in USD Million
                Table Global Fenoxaprop P-ethyl Market Share 2016-2020, by Region, in USD Million
                Table Global Fenoxaprop P-ethyl Market 2016-2020, by Region, in Volume
                Table Global Fenoxaprop P-ethyl Market Share 2016-2020, by Region, in Volume
    7.3 by Region
        7.3.1 North America
            7.3.1.1 Overview
                Figure North America Fenoxaprop P-ethyl Market Size and Growth 2016-2020, in USD Million
                Figure North America Fenoxaprop P-ethyl Market Size and Growth 2016-2020, in Volume
            7.3.1.2 by Country (U.S., Canada, Mexico)
                Table North America Fenoxaprop P-ethyl Market Size 2016-2020, by Country, in USD Million
                Table North America Fenoxaprop P-ethyl Market Size 2016-2020, by Country, in Volume
        7.3.2 Europe
            7.3.2.1 Overview
                Figure Europe Fenoxaprop P-ethyl Market Size and Growth 2016-2020, in USD Million
                Figure Europe Fenoxaprop P-ethyl Market Size and Growth 2016-2020, in Volume
            7.3.2.2 by Country (Germany, U.K., France, Italy, Russia, Spain etc.)
                Table Europe Fenoxaprop P-ethyl Market Size 2016-2020, by Country, in USD Million
                Table Europe Fenoxaprop P-ethyl Market Size 2016-2020, by Country, in Volume
        7.3.3 Asia-Pacific
            7.3.3.1 Overview
                Figure Asia-Pacific Fenoxaprop P-ethyl Market Size and Growth 2016-2020, in USD Million
                Figure Asia-Pacific Fenoxaprop P-ethyl Market Size and Growth 2016-2020, in Volume
            7.3.3.2 by Country (China, India, Japan, Southeast Asia etc.)
                Table Asia-Pacific Fenoxaprop P-ethyl Market Size 2016-2020, by Country, in USD Million
                Table Asia-Pacific Fenoxaprop P-ethyl Market Size 2016-2020, by Country, in Volume
        7.3.4 South America
            7.3.4.1 Overview
                Figure South America Fenoxaprop P-ethyl Market Size and Growth 2016-2020, in USD Million
                Figure South America Fenoxaprop P-ethyl Market Size and Growth 2016-2020, in Volume
            7.3.4.2 by Country (Brazil, Argentina etc.)
                Table South America Fenoxaprop P-ethyl Market Size 2016-2020, by Country, in USD Million
                Table South America Fenoxaprop P-ethyl Market Size 2016-2020, by Country, in Volume
        7.3.5 Middle East & Africa
            7.3.5.1 Overview
                Figure Middle East & Africa Fenoxaprop P-ethyl Market Size and Growth 2016-2020, in USD Million
                Figure Middle East & Africa Fenoxaprop P-ethyl Market Size and Growth 2016-2020, in Volume
            7.3.5.2 by Country (Saudi Arabia, South Africa etc.)
                Table Middle East & Africa Fenoxaprop P-ethyl Market Size 2016-2020, by Country, in USD Million
                Table Middle East & Africa Fenoxaprop P-ethyl Market Size 2016-2020, by Country, in Volume
    7.4 Regional Import & Export
    7.5 Regional Forecast
                Table Fenoxaprop P-ethyl Market Forecast 2021-2026, by Region, in USD Million
                Table Fenoxaprop P-ethyl Market Forecast 2021-2026, by Region, in Volume
8 Marketing & Price
    8.1 Price and Margin
        8.1.1 Price Trends
        8.1.2 Factors of Price Change
                Table Price Factors List
        8.1.3 Manufacturers Gross Margin Analysis
    8.2 Marketing Channel
                Figure Marketing Channels Overview
9 Research Conclusion","List of Table
1.                Table Upstream Segment of Fenoxaprop P-ethyl
2.                Table Application Segment of Fenoxaprop P-ethyl
3.                Table Global Fenoxaprop P-ethyl Market 2016-2026, by Application, in USD Million
4.                Table Major Company List of Solution
5.                Table Global Fenoxaprop P-ethyl Market 2016-2020, by Type, in USD Million
6.                Table Global Fenoxaprop P-ethyl Market 2016-2020, by Type, in Volume
7.                Table Global Fenoxaprop P-ethyl Market Forecast 2021-2026, by Type, in USD Million
8.                Table Global Fenoxaprop P-ethyl Market Forecast 2021-2026, by Type, in Volume
9.                Table Bessen Chemical Overview List
10.                Table Business Operation of Bessen Chemical (Sales Revenue, Sales Volume, Price, Cost, Gross Margin)
11.                Table Boshibang Overview List
12.                Table Business Operation of Boshibang (Sales Revenue, Sales Volume, Price, Cost, Gross Margin)
13.                Table Essence Group Overview List
14.                Table Business Operation of Essence Group (Sales Revenue, Sales Volume, Price, Cost, Gross Margin)
15.                Table Huaxing Overview List
16.                Table Business Operation of Huaxing (Sales Revenue, Sales Volume, Price, Cost, Gross Margin)
17.                Table Huiqian Overview List
18.                Table Business Operation of Huiqian (Sales Revenue, Sales Volume, Price, Cost, Gross Margin)
19.                Table Jingbo Overview List
20.                Table Business Operation of Jingbo (Sales Revenue, Sales Volume, Price, Cost, Gross Margin)
21.                Table Kangze Overview List
22.                Table Business Operation of Kangze (Sales Revenue, Sales Volume, Price, Cost, Gross Margin)
23.                Table Shandong Jingbo Agrochemicals Overview List
24.                Table Business Operation of Shandong Jingbo Agrochemicals (Sales Revenue, Sales Volume, Price, Cost, Gross Margin)
25.                Table Udragon Overview List
26.                Table Business Operation of Udragon (Sales Revenue, Sales Volume, Price, Cost, Gross Margin)
27.                Table Global Fenoxaprop P-ethyl Sales Revenue 2016-2020, by Company, in USD Million
28.                Table Global Fenoxaprop P-ethyl Sales Revenue Share 2016-2020, by Company, in USD Million
29.                Table Global Fenoxaprop P-ethyl Sales Volume 2016-2020, by Company, in Volume
30.                Table Global Fenoxaprop P-ethyl Sales Volume Share 2016-2020, by Company, in Volume
31.                Table Regional Demand Comparison List
32.                Table Major Application in Different Regions
33.                Table Fenoxaprop P-ethyl Demand Forecast 2021-2026, by Application, in USD Million
34.                Table Fenoxaprop P-ethyl Demand Forecast 2021-2026, by Application, in Volume
35.                Table Fenoxaprop P-ethyl Market Growth 2021-2026, by Application, in Volume
36.                Table Fenoxaprop P-ethyl Market Share in 2026, by Application, in Volume
37.                Table Fenoxaprop P-ethyl Production 2016-2020, by Region, in USD Million
38.                Table Fenoxaprop P-ethyl Production 2016-2020, by Region, in Volume
39.                Table Global Fenoxaprop P-ethyl Market 2016-2020, by Region, in USD Million
40.                Table Global Fenoxaprop P-ethyl Market Share 2016-2020, by Region, in USD Million
41.                Table Global Fenoxaprop P-ethyl Market 2016-2020, by Region, in Volume
42.                Table Global Fenoxaprop P-ethyl Market Share 2016-2020, by Region, in Volume
43.                Table North America Fenoxaprop P-ethyl Market Size 2016-2020, by Country, in USD Million
44.                Table North America Fenoxaprop P-ethyl Market Size 2016-2020, by Country, in Volume
45.                Table Europe Fenoxaprop P-ethyl Market Size 2016-2020, by Country, in USD Million
46.                Table Europe Fenoxaprop P-ethyl Market Size 2016-2020, by Country, in Volume
47.                Table Asia-Pacific Fenoxaprop P-ethyl Market Size 2016-2020, by Country, in USD Million
48.                Table Asia-Pacific Fenoxaprop P-ethyl Market Size 2016-2020, by Country, in Volume
49.                Table South America Fenoxaprop P-ethyl Market Size 2016-2020, by Country, in USD Million
50.                Table South America Fenoxaprop P-ethyl Market Size 2016-2020, by Country, in Volume
51.                Table Middle East & Africa Fenoxaprop P-ethyl Market Size 2016-2020, by Country, in USD Million
52.                Table Middle East & Africa Fenoxaprop P-ethyl Market Size 2016-2020, by Country, in Volume
53.                Table Fenoxaprop P-ethyl Market Forecast 2021-2026, by Region, in USD Million
54.                Table Fenoxaprop P-ethyl Market Forecast 2021-2026, by Region, in Volume
55.                Table Price Factors List","List of Figure
1.                Figure Fenoxaprop P-ethyl Industry Chain Structure
2.                Figure Global Fenoxaprop P-ethyl Market Growth 2016-2020, by Type, in USD Million
3.                Figure Global Fenoxaprop P-ethyl Market Growth 2016-2020, by Type, in Volume
4.                Figure Global Fenoxaprop P-ethyl Sales Revenue Share in 2020, by Company, in USD Million
5.                Figure Global Fenoxaprop P-ethyl Sales Volume Share in 2020, by Company, in Volume
6.                Figure North America Fenoxaprop P-ethyl Market Concentration, in 2020
7.                Figure Europe Fenoxaprop P-ethyl Market Market Concentration, in 2020
8.                Figure Asia-Pacific Fenoxaprop P-ethyl MMarket Concentration, in 2020
9.                Figure South America Fenoxaprop P-ethyl Market Concentration, in 2020
10.                Figure Middle East & Africa Fenoxaprop P-ethyl Market Concentration, in 2020
11.                Figure Fenoxaprop P-ethyl Demand in Agriculture, 2016-2020, in USD Million
12.                Figure Fenoxaprop P-ethyl Demand in Agriculture, 2016-2020, in Volume
13.                Figure Fenoxaprop P-ethyl Demand in Laboratory, 2016-2020, in USD Million
14.                Figure Fenoxaprop P-ethyl Demand in Laboratory, 2016-2020, in Volume
15.                Figure Fenoxaprop P-ethyl Demand in Chemical Industry, 2016-2020, in USD Million
16.                Figure Fenoxaprop P-ethyl Demand in Chemical Industry, 2016-2020, in Volume
17.                Figure Fenoxaprop P-ethyl Market Growth 2021-2026, by Application, in USD Million
18.                Figure Fenoxaprop P-ethyl Market Share in 2026, by Application, in USD Million
19.                Figure North America Fenoxaprop P-ethyl Market Size and Growth 2016-2020, in USD Million
20.                Figure North America Fenoxaprop P-ethyl Market Size and Growth 2016-2020, in Volume
21.                Figure Europe Fenoxaprop P-ethyl Market Size and Growth 2016-2020, in USD Million
22.                Figure Europe Fenoxaprop P-ethyl Market Size and Growth 2016-2020, in Volume
23.                Figure Asia-Pacific Fenoxaprop P-ethyl Market Size and Growth 2016-2020, in USD Million
24.                Figure Asia-Pacific Fenoxaprop P-ethyl Market Size and Growth 2016-2020, in Volume
25.                Figure South America Fenoxaprop P-ethyl Market Size and Growth 2016-2020, in USD Million
26.                Figure South America Fenoxaprop P-ethyl Market Size and Growth 2016-2020, in Volume
27.                Figure Middle East & Africa Fenoxaprop P-ethyl Market Size and Growth 2016-2020, in USD Million
28.                Figure Middle East & Africa Fenoxaprop P-ethyl Market Size and Growth 2016-2020, in Volume
29.                Figure Marketing Channels Overview","$2,980 ","$5,960 ","$5,960 ",99SGL298Che20210200024835
7-Apr-21,"Chemical & Material","Global Cellulose Acetate (CA) Market Analysis 2016-2020 and Forecast 2021-2026","Snapshot
The global Cellulose Acetate (CA) market size is estimated at xxx million USD with a CAGR xx% from 2016-2020 and is expected to reach xxx Million USD in 2021 with a CAGR xx% from 2021 to 2026. The report begins from overview of Industry Chain structure, and describes industry environment, then analyses market size and forecast of Cellulose Acetate (CA) by product, region and application, in addition, this report introduces market competition situation among the vendors and company profile, besides, market price analysis and value chain features are covered in this report.
Product Type Coverage (Market Size & Forecast, Major Company of Product Type etc.):
        Second Grade Vinegar Spinning
        Second Grade Vinegar Plastic
Company Coverage (Company Profile, Sales Revenue, Price, Gross Margin, Main Products etc.):
        Celanese
        Eastman
        Daicel
        Solvay Acetow
        Nantong
        Hui-an
Application Coverage (Market Size & Forecast, Different Demand Market by Region, Main Consumer Profile etc.):
        Pharmaceutical Industry
        Plank
        Electronics Industry
        Film
        Others
Region Coverage (Regional Production, Demand & Forecast by Countries etc.):
        North America (U.S., Canada, Mexico)
        Europe (Germany, U.K., France, Italy, Russia, Spain etc.)
        Asia-Pacific (China, India, Japan, Southeast Asia etc.)
        South America (Brazil, Argentina etc.)
        Middle East & Africa (Saudi Arabia, South Africa etc.)",94,"Table of Contents
1 Industry Overview
    1.1 Cellulose Acetate (CA) Industry
                Figure Cellulose Acetate (CA) Industry Chain Structure
        1.1.1 Overview
        1.1.2 Development of Cellulose Acetate (CA)
    1.2 Market Segment
        1.2.1 Upstream
                Table Upstream Segment of Cellulose Acetate (CA)
        1.2.2 Downstream
                Table Application Segment of Cellulose Acetate (CA)
                Table Global Cellulose Acetate (CA) Market 2016-2026, by Application, in USD Million
        1.2.3 COVID-19 Impact
    1.3 Cost Analysis
2 Industry Environment (PEST Analysis)
    2.1 Policy
    2.2 Economics
    2.3 Sociology
    2.4 Technology
3 Cellulose Acetate (CA) Market by Type
    3.1 By Type
        3.1.1 Second Grade Vinegar Spinning
                Table Major Company List of Second Grade Vinegar Spinning
        3.1.2 Second Grade Vinegar Plastic
                Table Major Company List of Second Grade Vinegar Plastic
    3.2 Market Size
                Table Global Cellulose Acetate (CA) Market 2016-2020, by Type, in USD Million
                Figure Global Cellulose Acetate (CA) Market Growth 2016-2020, by Type, in USD Million
                Table Global Cellulose Acetate (CA) Market 2016-2020, by Type, in Volume
                Figure Global Cellulose Acetate (CA) Market Growth 2016-2020, by Type, in Volume
    3.3 Market Forecast
                Table Global Cellulose Acetate (CA) Market Forecast 2021-2026, by Type, in USD Million
                Table Global Cellulose Acetate (CA) Market Forecast 2021-2026, by Type, in Volume
4 Major Companies List
    4.1 Celanese (Company Profile, Sales Data etc.)
        4.1.1 Celanese Profile
                Table Celanese Overview List
        4.1.2 Celanese Products & Services
        4.1.3 Celanese Business Operation Conditions
                Table Business Operation of Celanese (Sales Revenue, Sales Volume, Price, Cost, Gross Margin)
    4.2 Eastman (Company Profile, Sales Data etc.)
        4.2.1 Eastman Profile
                Table Eastman Overview List
        4.2.2 Eastman Products & Services
        4.2.3 Eastman Business Operation Conditions
                Table Business Operation of Eastman (Sales Revenue, Sales Volume, Price, Cost, Gross Margin)
    4.3 Daicel (Company Profile, Sales Data etc.)
        4.3.1 Daicel Profile
                Table Daicel Overview List
        4.3.2 Daicel Products & Services
        4.3.3 Daicel Business Operation Conditions
                Table Business Operation of Daicel (Sales Revenue, Sales Volume, Price, Cost, Gross Margin)
    4.4 Solvay Acetow (Company Profile, Sales Data etc.)
        4.4.1 Solvay Acetow Profile
                Table Solvay Acetow Overview List
        4.4.2 Solvay Acetow Products & Services
        4.4.3 Solvay Acetow Business Operation Conditions
                Table Business Operation of Solvay Acetow (Sales Revenue, Sales Volume, Price, Cost, Gross Margin)
    4.5 Nantong (Company Profile, Sales Data etc.)
        4.5.1 Nantong Profile
                Table Nantong Overview List
        4.5.2 Nantong Products & Services
        4.5.3 Nantong Business Operation Conditions
                Table Business Operation of Nantong (Sales Revenue, Sales Volume, Price, Cost, Gross Margin)
    4.6 Hui-an (Company Profile, Sales Data etc.)
        4.6.1 Hui-an Profile
                Table Hui-an Overview List
        4.6.2 Hui-an Products & Services
        4.6.3 Hui-an Business Operation Conditions
                Table Business Operation of Hui-an (Sales Revenue, Sales Volume, Price, Cost, Gross Margin)
5 Market Competition
    5.1 Company Competition
                Table Global Cellulose Acetate (CA) Sales Revenue 2016-2020, by Company, in USD Million
                Table Global Cellulose Acetate (CA) Sales Revenue Share 2016-2020, by Company, in USD Million
                Figure Global Cellulose Acetate (CA) Sales Revenue Share in 2020, by Company, in USD Million
                Table Global Cellulose Acetate (CA) Sales Volume 2016-2020, by Company, in Volume
                Table Global Cellulose Acetate (CA) Sales Volume Share 2016-2020, by Company, in Volume
                Figure Global Cellulose Acetate (CA) Sales Volume Share in 2020, by Company, in Volume
    5.2 Regional Market by Company
                Figure North America Cellulose Acetate (CA) Market Concentration, in 2020
                Figure Europe Cellulose Acetate (CA) Market Market Concentration, in 2020
                Figure Asia-Pacific Cellulose Acetate (CA) MMarket Concentration, in 2020
                Figure South America Cellulose Acetate (CA) Market Concentration, in 2020
                Figure Middle East & Africa Cellulose Acetate (CA) Market Concentration, in 2020
6 Demand by End Market
    6.1 Demand Situation
        6.1.1 Demand in Pharmaceutical Industry
                Figure Cellulose Acetate (CA) Demand in Pharmaceutical Industry, 2016-2020, in USD Million
                Figure Cellulose Acetate (CA) Demand in Pharmaceutical Industry, 2016-2020, in Volume
        6.1.2 Demand in Plank
                Figure Cellulose Acetate (CA) Demand in Plank, 2016-2020, in USD Million
                Figure Cellulose Acetate (CA) Demand in Plank, 2016-2020, in Volume
        6.1.3 Demand in Electronics Industry
                Figure Cellulose Acetate (CA) Demand in Electronics Industry, 2016-2020, in USD Million
                Figure Cellulose Acetate (CA) Demand in Electronics Industry, 2016-2020, in Volume
        6.1.4 Demand in Film
                Figure Cellulose Acetate (CA) Demand in Film, 2016-2020, in USD Million
                Figure Cellulose Acetate (CA) Demand in Film, 2016-2020, in Volume
        6.1.5 Demand in Others
                Figure Cellulose Acetate (CA) Demand in Others, 2016-2020, in USD Million
                Figure Cellulose Acetate (CA) Demand in Others, 2016-2020, in Volume
    6.2 Regional Demand Comparison
                Table Regional Demand Comparison List
                Table Major Application in Different Regions
    6.3 Demand Forecast
                Table Cellulose Acetate (CA) Demand Forecast 2021-2026, by Application, in USD Million
                Figure Cellulose Acetate (CA) Market Growth 2021-2026, by Application, in USD Million
                Figure Cellulose Acetate (CA) Market Share in 2026, by Application, in USD Million
                Table Cellulose Acetate (CA) Demand Forecast 2021-2026, by Application, in Volume
                Table Cellulose Acetate (CA) Market Growth 2021-2026, by Application, in Volume
                Table Cellulose Acetate (CA) Market Share in 2026, by Application, in Volume
    6.4 Impact of the COVID-19 on the Demand
7 Region Operation
    7.1 Regional Production
                Table Cellulose Acetate (CA) Production 2016-2020, by Region, in USD Million
                Table Cellulose Acetate (CA) Production 2016-2020, by Region, in Volume
    7.2 Regional Market
                Table Global Cellulose Acetate (CA) Market 2016-2020, by Region, in USD Million
                Table Global Cellulose Acetate (CA) Market Share 2016-2020, by Region, in USD Million
                Table Global Cellulose Acetate (CA) Market 2016-2020, by Region, in Volume
                Table Global Cellulose Acetate (CA) Market Share 2016-2020, by Region, in Volume
    7.3 by Region
        7.3.1 North America
            7.3.1.1 Overview
                Figure North America Cellulose Acetate (CA) Market Size and Growth 2016-2020, in USD Million
                Figure North America Cellulose Acetate (CA) Market Size and Growth 2016-2020, in Volume
            7.3.1.2 by Country (U.S., Canada, Mexico)
                Table North America Cellulose Acetate (CA) Market Size 2016-2020, by Country, in USD Million
                Table North America Cellulose Acetate (CA) Market Size 2016-2020, by Country, in Volume
        7.3.2 Europe
            7.3.2.1 Overview
                Figure Europe Cellulose Acetate (CA) Market Size and Growth 2016-2020, in USD Million
                Figure Europe Cellulose Acetate (CA) Market Size and Growth 2016-2020, in Volume
            7.3.2.2 by Country (Germany, U.K., France, Italy, Russia, Spain etc.)
                Table Europe Cellulose Acetate (CA) Market Size 2016-2020, by Country, in USD Million
                Table Europe Cellulose Acetate (CA) Market Size 2016-2020, by Country, in Volume
        7.3.3 Asia-Pacific
            7.3.3.1 Overview
                Figure Asia-Pacific Cellulose Acetate (CA) Market Size and Growth 2016-2020, in USD Million
                Figure Asia-Pacific Cellulose Acetate (CA) Market Size and Growth 2016-2020, in Volume
            7.3.3.2 by Country (China, India, Japan, Southeast Asia etc.)
                Table Asia-Pacific Cellulose Acetate (CA) Market Size 2016-2020, by Country, in USD Million
                Table Asia-Pacific Cellulose Acetate (CA) Market Size 2016-2020, by Country, in Volume
        7.3.4 South America
            7.3.4.1 Overview
                Figure South America Cellulose Acetate (CA) Market Size and Growth 2016-2020, in USD Million
                Figure South America Cellulose Acetate (CA) Market Size and Growth 2016-2020, in Volume
            7.3.4.2 by Country (Brazil, Argentina etc.)
                Table South America Cellulose Acetate (CA) Market Size 2016-2020, by Country, in USD Million
                Table South America Cellulose Acetate (CA) Market Size 2016-2020, by Country, in Volume
        7.3.5 Middle East & Africa
            7.3.5.1 Overview
                Figure Middle East & Africa Cellulose Acetate (CA) Market Size and Growth 2016-2020, in USD Million
                Figure Middle East & Africa Cellulose Acetate (CA) Market Size and Growth 2016-2020, in Volume
            7.3.5.2 by Country (Saudi Arabia, South Africa etc.)
                Table Middle East & Africa Cellulose Acetate (CA) Market Size 2016-2020, by Country, in USD Million
                Table Middle East & Africa Cellulose Acetate (CA) Market Size 2016-2020, by Country, in Volume
    7.4 Regional Import & Export
    7.5 Regional Forecast
                Table Cellulose Acetate (CA) Market Forecast 2021-2026, by Region, in USD Million
                Table Cellulose Acetate (CA) Market Forecast 2021-2026, by Region, in Volume
8 Marketing & Price
    8.1 Price and Margin
        8.1.1 Price Trends
        8.1.2 Factors of Price Change
                Table Price Factors List
        8.1.3 Manufacturers Gross Margin Analysis
    8.2 Marketing Channel
                Figure Marketing Channels Overview
9 Research Conclusion","List of Table
1.                Table Upstream Segment of Cellulose Acetate (CA)
2.                Table Application Segment of Cellulose Acetate (CA)
3.                Table Global Cellulose Acetate (CA) Market 2016-2026, by Application, in USD Million
4.                Table Major Company List of Second Grade Vinegar Plastic
5.                Table Global Cellulose Acetate (CA) Market 2016-2020, by Type, in USD Million
6.                Table Global Cellulose Acetate (CA) Market 2016-2020, by Type, in Volume
7.                Table Global Cellulose Acetate (CA) Market Forecast 2021-2026, by Type, in USD Million
8.                Table Global Cellulose Acetate (CA) Market Forecast 2021-2026, by Type, in Volume
9.                Table Celanese Overview List
10.                Table Business Operation of Celanese (Sales Revenue, Sales Volume, Price, Cost, Gross Margin)
11.                Table Eastman Overview List
12.                Table Business Operation of Eastman (Sales Revenue, Sales Volume, Price, Cost, Gross Margin)
13.                Table Daicel Overview List
14.                Table Business Operation of Daicel (Sales Revenue, Sales Volume, Price, Cost, Gross Margin)
15.                Table Solvay Acetow Overview List
16.                Table Business Operation of Solvay Acetow (Sales Revenue, Sales Volume, Price, Cost, Gross Margin)
17.                Table Nantong Overview List
18.                Table Business Operation of Nantong (Sales Revenue, Sales Volume, Price, Cost, Gross Margin)
19.                Table Hui-an Overview List
20.                Table Business Operation of Hui-an (Sales Revenue, Sales Volume, Price, Cost, Gross Margin)
21.                Table Global Cellulose Acetate (CA) Sales Revenue 2016-2020, by Company, in USD Million
22.                Table Global Cellulose Acetate (CA) Sales Revenue Share 2016-2020, by Company, in USD Million
23.                Table Global Cellulose Acetate (CA) Sales Volume 2016-2020, by Company, in Volume
24.                Table Global Cellulose Acetate (CA) Sales Volume Share 2016-2020, by Company, in Volume
25.                Table Regional Demand Comparison List
26.                Table Major Application in Different Regions
27.                Table Cellulose Acetate (CA) Demand Forecast 2021-2026, by Application, in USD Million
28.                Table Cellulose Acetate (CA) Demand Forecast 2021-2026, by Application, in Volume
29.                Table Cellulose Acetate (CA) Market Growth 2021-2026, by Application, in Volume
30.                Table Cellulose Acetate (CA) Market Share in 2026, by Application, in Volume
31.                Table Cellulose Acetate (CA) Production 2016-2020, by Region, in USD Million
32.                Table Cellulose Acetate (CA) Production 2016-2020, by Region, in Volume
33.                Table Global Cellulose Acetate (CA) Market 2016-2020, by Region, in USD Million
34.                Table Global Cellulose Acetate (CA) Market Share 2016-2020, by Region, in USD Million
35.                Table Global Cellulose Acetate (CA) Market 2016-2020, by Region, in Volume
36.                Table Global Cellulose Acetate (CA) Market Share 2016-2020, by Region, in Volume
37.                Table North America Cellulose Acetate (CA) Market Size 2016-2020, by Country, in USD Million
38.                Table North America Cellulose Acetate (CA) Market Size 2016-2020, by Country, in Volume
39.                Table Europe Cellulose Acetate (CA) Market Size 2016-2020, by Country, in USD Million
40.                Table Europe Cellulose Acetate (CA) Market Size 2016-2020, by Country, in Volume
41.                Table Asia-Pacific Cellulose Acetate (CA) Market Size 2016-2020, by Country, in USD Million
42.                Table Asia-Pacific Cellulose Acetate (CA) Market Size 2016-2020, by Country, in Volume
43.                Table South America Cellulose Acetate (CA) Market Size 2016-2020, by Country, in USD Million
44.                Table South America Cellulose Acetate (CA) Market Size 2016-2020, by Country, in Volume
45.                Table Middle East & Africa Cellulose Acetate (CA) Market Size 2016-2020, by Country, in USD Million
46.                Table Middle East & Africa Cellulose Acetate (CA) Market Size 2016-2020, by Country, in Volume
47.                Table Cellulose Acetate (CA) Market Forecast 2021-2026, by Region, in USD Million
48.                Table Cellulose Acetate (CA) Market Forecast 2021-2026, by Region, in Volume
49.                Table Price Factors List","List of Figure
1.                Figure Cellulose Acetate (CA) Industry Chain Structure
2.                Figure Global Cellulose Acetate (CA) Market Growth 2016-2020, by Type, in USD Million
3.                Figure Global Cellulose Acetate (CA) Market Growth 2016-2020, by Type, in Volume
4.                Figure Global Cellulose Acetate (CA) Sales Revenue Share in 2020, by Company, in USD Million
5.                Figure Global Cellulose Acetate (CA) Sales Volume Share in 2020, by Company, in Volume
6.                Figure North America Cellulose Acetate (CA) Market Concentration, in 2020
7.                Figure Europe Cellulose Acetate (CA) Market Market Concentration, in 2020
8.                Figure Asia-Pacific Cellulose Acetate (CA) MMarket Concentration, in 2020
9.                Figure South America Cellulose Acetate (CA) Market Concentration, in 2020
10.                Figure Middle East & Africa Cellulose Acetate (CA) Market Concentration, in 2020
11.                Figure Cellulose Acetate (CA) Demand in Pharmaceutical Industry, 2016-2020, in USD Million
12.                Figure Cellulose Acetate (CA) Demand in Pharmaceutical Industry, 2016-2020, in Volume
13.                Figure Cellulose Acetate (CA) Demand in Plank, 2016-2020, in USD Million
14.                Figure Cellulose Acetate (CA) Demand in Plank, 2016-2020, in Volume
15.                Figure Cellulose Acetate (CA) Demand in Electronics Industry, 2016-2020, in USD Million
16.                Figure Cellulose Acetate (CA) Demand in Electronics Industry, 2016-2020, in Volume
17.                Figure Cellulose Acetate (CA) Demand in Film, 2016-2020, in USD Million
18.                Figure Cellulose Acetate (CA) Demand in Film, 2016-2020, in Volume
19.                Figure Cellulose Acetate (CA) Demand in Others, 2016-2020, in USD Million
20.                Figure Cellulose Acetate (CA) Demand in Others, 2016-2020, in Volume
21.                Figure Cellulose Acetate (CA) Market Growth 2021-2026, by Application, in USD Million
22.                Figure Cellulose Acetate (CA) Market Share in 2026, by Application, in USD Million
23.                Figure North America Cellulose Acetate (CA) Market Size and Growth 2016-2020, in USD Million
24.                Figure North America Cellulose Acetate (CA) Market Size and Growth 2016-2020, in Volume
25.                Figure Europe Cellulose Acetate (CA) Market Size and Growth 2016-2020, in USD Million
26.                Figure Europe Cellulose Acetate (CA) Market Size and Growth 2016-2020, in Volume
27.                Figure Asia-Pacific Cellulose Acetate (CA) Market Size and Growth 2016-2020, in USD Million
28.                Figure Asia-Pacific Cellulose Acetate (CA) Market Size and Growth 2016-2020, in Volume
29.                Figure South America Cellulose Acetate (CA) Market Size and Growth 2016-2020, in USD Million
30.                Figure South America Cellulose Acetate (CA) Market Size and Growth 2016-2020, in Volume
31.                Figure Middle East & Africa Cellulose Acetate (CA) Market Size and Growth 2016-2020, in USD Million
32.                Figure Middle East & Africa Cellulose Acetate (CA) Market Size and Growth 2016-2020, in Volume
33.                Figure Marketing Channels Overview","$2,980 ","$5,960 ","$5,960 ",99SGL298Che20210200024836
7-Apr-21,"Life & Medical","Global Tyrosine Protein Kinase Fyn Market Analysis 2016-2020 and Forecast 2021-2026","Snapshot
The global Tyrosine Protein Kinase Fyn market size is estimated at xxx million USD with a CAGR xx% from 2016-2020 and is expected to reach xxx Million USD in 2021 with a CAGR xx% from 2021 to 2026. The report begins from overview of Industry Chain structure, and describes industry environment, then analyses market size and forecast of Tyrosine Protein Kinase Fyn by product, region and application, in addition, this report introduces market competition situation among the vendors and company profile, besides, market price analysis and value chain features are covered in this report.
Product Type Coverage (Market Size & Forecast, Major Company of Product Type etc.):
        Dasatinib
        Masitinib
        VAL-201
        Others
Company Coverage (Company Profile, Sales Revenue, Price, Gross Margin, Main Products etc.):
        AB Science SA
        AstraZeneca Plc
        Bristol-Myers Squibb Co
        ValiRx Plc
        Zen-Bio Inc
Application Coverage (Market Size & Forecast, Different Demand Market by Region, Main Consumer Profile etc.):
        Alzheimer's Disease
        Alcohol Addiction
        Breast Cancer
        Cancer Pain
        Others
Region Coverage (Regional Production, Demand & Forecast by Countries etc.):
        North America (U.S., Canada, Mexico)
        Europe (Germany, U.K., France, Italy, Russia, Spain etc.)
        Asia-Pacific (China, India, Japan, Southeast Asia etc.)
        South America (Brazil, Argentina etc.)
        Middle East & Africa (Saudi Arabia, South Africa etc.)",85,"Table of Contents
1 Industry Overview
    1.1 Tyrosine Protein Kinase Fyn Industry
                Figure Tyrosine Protein Kinase Fyn Industry Chain Structure
        1.1.1 Overview
        1.1.2 Development of Tyrosine Protein Kinase Fyn
    1.2 Market Segment
        1.2.1 Upstream
                Table Upstream Segment of Tyrosine Protein Kinase Fyn
        1.2.2 Downstream
                Table Application Segment of Tyrosine Protein Kinase Fyn
                Table Global Tyrosine Protein Kinase Fyn Market 2016-2026, by Application, in USD Million
        1.2.3 COVID-19 Impact
    1.3 Cost Analysis
2 Industry Environment (PEST Analysis)
    2.1 Policy
    2.2 Economics
    2.3 Sociology
    2.4 Technology
3 Tyrosine Protein Kinase Fyn Market by Type
    3.1 By Type
        3.1.1 Dasatinib
                Table Major Company List of Dasatinib
        3.1.2 Masitinib
                Table Major Company List of Masitinib
        3.1.3 VAL-201
                Table Major Company List of VAL-201
        3.1.4 Others
                Table Major Company List of Others
    3.2 Market Size
                Table Global Tyrosine Protein Kinase Fyn Market 2016-2020, by Type, in USD Million
                Figure Global Tyrosine Protein Kinase Fyn Market Growth 2016-2020, by Type, in USD Million
                Table Global Tyrosine Protein Kinase Fyn Market 2016-2020, by Type, in Volume
                Figure Global Tyrosine Protein Kinase Fyn Market Growth 2016-2020, by Type, in Volume
    3.3 Market Forecast
                Table Global Tyrosine Protein Kinase Fyn Market Forecast 2021-2026, by Type, in USD Million
                Table Global Tyrosine Protein Kinase Fyn Market Forecast 2021-2026, by Type, in Volume
4 Major Companies List
    4.1 AB Science SA (Company Profile, Sales Data etc.)
        4.1.1 AB Science SA Profile
                Table AB Science SA Overview List
        4.1.2 AB Science SA Products & Services
        4.1.3 AB Science SA Business Operation Conditions
                Table Business Operation of AB Science SA (Sales Revenue, Sales Volume, Price, Cost, Gross Margin)
    4.2 AstraZeneca Plc (Company Profile, Sales Data etc.)
        4.2.1 AstraZeneca Plc Profile
                Table AstraZeneca Plc Overview List
        4.2.2 AstraZeneca Plc Products & Services
        4.2.3 AstraZeneca Plc Business Operation Conditions
                Table Business Operation of AstraZeneca Plc (Sales Revenue, Sales Volume, Price, Cost, Gross Margin)
    4.3 Bristol-Myers Squibb Co (Company Profile, Sales Data etc.)
        4.3.1 Bristol-Myers Squibb Co Profile
                Table Bristol-Myers Squibb Co Overview List
        4.3.2 Bristol-Myers Squibb Co Products & Services
        4.3.3 Bristol-Myers Squibb Co Business Operation Conditions
                Table Business Operation of Bristol-Myers Squibb Co (Sales Revenue, Sales Volume, Price, Cost, Gross Margin)
    4.4 ValiRx Plc (Company Profile, Sales Data etc.)
        4.4.1 ValiRx Plc Profile
                Table ValiRx Plc Overview List
        4.4.2 ValiRx Plc Products & Services
        4.4.3 ValiRx Plc Business Operation Conditions
                Table Business Operation of ValiRx Plc (Sales Revenue, Sales Volume, Price, Cost, Gross Margin)
    4.5 Zen-Bio Inc (Company Profile, Sales Data etc.)
        4.5.1 Zen-Bio Inc Profile
                Table Zen-Bio Inc Overview List
        4.5.2 Zen-Bio Inc Products & Services
        4.5.3 Zen-Bio Inc Business Operation Conditions
                Table Business Operation of Zen-Bio Inc (Sales Revenue, Sales Volume, Price, Cost, Gross Margin)
5 Market Competition
    5.1 Company Competition
                Table Global Tyrosine Protein Kinase Fyn Sales Revenue 2016-2020, by Company, in USD Million
                Table Global Tyrosine Protein Kinase Fyn Sales Revenue Share 2016-2020, by Company, in USD Million
                Figure Global Tyrosine Protein Kinase Fyn Sales Revenue Share in 2020, by Company, in USD Million
                Table Global Tyrosine Protein Kinase Fyn Sales Volume 2016-2020, by Company, in Volume
                Table Global Tyrosine Protein Kinase Fyn Sales Volume Share 2016-2020, by Company, in Volume
                Figure Global Tyrosine Protein Kinase Fyn Sales Volume Share in 2020, by Company, in Volume
    5.2 Regional Market by Company
                Figure North America Tyrosine Protein Kinase Fyn Market Concentration, in 2020
                Figure Europe Tyrosine Protein Kinase Fyn Market Market Concentration, in 2020
                Figure Asia-Pacific Tyrosine Protein Kinase Fyn MMarket Concentration, in 2020
                Figure South America Tyrosine Protein Kinase Fyn Market Concentration, in 2020
                Figure Middle East & Africa Tyrosine Protein Kinase Fyn Market Concentration, in 2020
6 Demand by End Market
    6.1 Demand Situation
        6.1.1 Demand in Alzheimer's Disease
                Figure Tyrosine Protein Kinase Fyn Demand in Alzheimer's Disease, 2016-2020, in USD Million
                Figure Tyrosine Protein Kinase Fyn Demand in Alzheimer's Disease, 2016-2020, in Volume
        6.1.2 Demand in Alcohol Addiction
                Figure Tyrosine Protein Kinase Fyn Demand in Alcohol Addiction, 2016-2020, in USD Million
                Figure Tyrosine Protein Kinase Fyn Demand in Alcohol Addiction, 2016-2020, in Volume
        6.1.3 Demand in Breast Cancer
                Figure Tyrosine Protein Kinase Fyn Demand in Breast Cancer, 2016-2020, in USD Million
                Figure Tyrosine Protein Kinase Fyn Demand in Breast Cancer, 2016-2020, in Volume
        6.1.4 Demand in Cancer Pain
                Figure Tyrosine Protein Kinase Fyn Demand in Cancer Pain, 2016-2020, in USD Million
                Figure Tyrosine Protein Kinase Fyn Demand in Cancer Pain, 2016-2020, in Volume
        6.1.5 Demand in Others
                Figure Tyrosine Protein Kinase Fyn Demand in Others, 2016-2020, in USD Million
                Figure Tyrosine Protein Kinase Fyn Demand in Others, 2016-2020, in Volume
    6.2 Regional Demand Comparison
                Table Regional Demand Comparison List
                Table Major Application in Different Regions
    6.3 Demand Forecast
                Table Tyrosine Protein Kinase Fyn Demand Forecast 2021-2026, by Application, in USD Million
                Figure Tyrosine Protein Kinase Fyn Market Growth 2021-2026, by Application, in USD Million
                Figure Tyrosine Protein Kinase Fyn Market Share in 2026, by Application, in USD Million
                Table Tyrosine Protein Kinase Fyn Demand Forecast 2021-2026, by Application, in Volume
                Table Tyrosine Protein Kinase Fyn Market Growth 2021-2026, by Application, in Volume
                Table Tyrosine Protein Kinase Fyn Market Share in 2026, by Application, in Volume
    6.4 Impact of the COVID-19 on the Demand
7 Region Operation
    7.1 Regional Production
                Table Tyrosine Protein Kinase Fyn Production 2016-2020, by Region, in USD Million
                Table Tyrosine Protein Kinase Fyn Production 2016-2020, by Region, in Volume
    7.2 Regional Market
                Table Global Tyrosine Protein Kinase Fyn Market 2016-2020, by Region, in USD Million
                Table Global Tyrosine Protein Kinase Fyn Market Share 2016-2020, by Region, in USD Million
                Table Global Tyrosine Protein Kinase Fyn Market 2016-2020, by Region, in Volume
                Table Global Tyrosine Protein Kinase Fyn Market Share 2016-2020, by Region, in Volume
    7.3 by Region
        7.3.1 North America
            7.3.1.1 Overview
                Figure North America Tyrosine Protein Kinase Fyn Market Size and Growth 2016-2020, in USD Million
                Figure North America Tyrosine Protein Kinase Fyn Market Size and Growth 2016-2020, in Volume
            7.3.1.2 by Country (U.S., Canada, Mexico)
                Table North America Tyrosine Protein Kinase Fyn Market Size 2016-2020, by Country, in USD Million
                Table North America Tyrosine Protein Kinase Fyn Market Size 2016-2020, by Country, in Volume
        7.3.2 Europe
            7.3.2.1 Overview
                Figure Europe Tyrosine Protein Kinase Fyn Market Size and Growth 2016-2020, in USD Million
                Figure Europe Tyrosine Protein Kinase Fyn Market Size and Growth 2016-2020, in Volume
            7.3.2.2 by Country (Germany, U.K., France, Italy, Russia, Spain etc.)
                Table Europe Tyrosine Protein Kinase Fyn Market Size 2016-2020, by Country, in USD Million
                Table Europe Tyrosine Protein Kinase Fyn Market Size 2016-2020, by Country, in Volume
        7.3.3 Asia-Pacific
            7.3.3.1 Overview
                Figure Asia-Pacific Tyrosine Protein Kinase Fyn Market Size and Growth 2016-2020, in USD Million
                Figure Asia-Pacific Tyrosine Protein Kinase Fyn Market Size and Growth 2016-2020, in Volume
            7.3.3.2 by Country (China, India, Japan, Southeast Asia etc.)
                Table Asia-Pacific Tyrosine Protein Kinase Fyn Market Size 2016-2020, by Country, in USD Million
                Table Asia-Pacific Tyrosine Protein Kinase Fyn Market Size 2016-2020, by Country, in Volume
        7.3.4 South America
            7.3.4.1 Overview
                Figure South America Tyrosine Protein Kinase Fyn Market Size and Growth 2016-2020, in USD Million
                Figure South America Tyrosine Protein Kinase Fyn Market Size and Growth 2016-2020, in Volume
            7.3.4.2 by Country (Brazil, Argentina etc.)
                Table South America Tyrosine Protein Kinase Fyn Market Size 2016-2020, by Country, in USD Million
                Table South America Tyrosine Protein Kinase Fyn Market Size 2016-2020, by Country, in Volume
        7.3.5 Middle East & Africa
            7.3.5.1 Overview
                Figure Middle East & Africa Tyrosine Protein Kinase Fyn Market Size and Growth 2016-2020, in USD Million
                Figure Middle East & Africa Tyrosine Protein Kinase Fyn Market Size and Growth 2016-2020, in Volume
            7.3.5.2 by Country (Saudi Arabia, South Africa etc.)
                Table Middle East & Africa Tyrosine Protein Kinase Fyn Market Size 2016-2020, by Country, in USD Million
                Table Middle East & Africa Tyrosine Protein Kinase Fyn Market Size 2016-2020, by Country, in Volume
    7.4 Regional Import & Export
    7.5 Regional Forecast
                Table Tyrosine Protein Kinase Fyn Market Forecast 2021-2026, by Region, in USD Million
                Table Tyrosine Protein Kinase Fyn Market Forecast 2021-2026, by Region, in Volume
8 Marketing & Price
    8.1 Price and Margin
        8.1.1 Price Trends
        8.1.2 Factors of Price Change
                Table Price Factors List
        8.1.3 Manufacturers Gross Margin Analysis
    8.2 Marketing Channel
                Figure Marketing Channels Overview
9 Research Conclusion","List of Table
1.                Table Upstream Segment of Tyrosine Protein Kinase Fyn
2.                Table Application Segment of Tyrosine Protein Kinase Fyn
3.                Table Global Tyrosine Protein Kinase Fyn Market 2016-2026, by Application, in USD Million
4.                Table Major Company List of Masitinib
5.                Table Major Company List of VAL-201
6.                Table Major Company List of Others
7.                Table Global Tyrosine Protein Kinase Fyn Market 2016-2020, by Type, in USD Million
8.                Table Global Tyrosine Protein Kinase Fyn Market 2016-2020, by Type, in Volume
9.                Table Global Tyrosine Protein Kinase Fyn Market Forecast 2021-2026, by Type, in USD Million
10.                Table Global Tyrosine Protein Kinase Fyn Market Forecast 2021-2026, by Type, in Volume
11.                Table AB Science SA Overview List
12.                Table Business Operation of AB Science SA (Sales Revenue, Sales Volume, Price, Cost, Gross Margin)
13.                Table AstraZeneca Plc Overview List
14.                Table Business Operation of AstraZeneca Plc (Sales Revenue, Sales Volume, Price, Cost, Gross Margin)
15.                Table Bristol-Myers Squibb Co Overview List
16.                Table Business Operation of Bristol-Myers Squibb Co (Sales Revenue, Sales Volume, Price, Cost, Gross Margin)
17.                Table ValiRx Plc Overview List
18.                Table Business Operation of ValiRx Plc (Sales Revenue, Sales Volume, Price, Cost, Gross Margin)
19.                Table Zen-Bio Inc Overview List
20.                Table Business Operation of Zen-Bio Inc (Sales Revenue, Sales Volume, Price, Cost, Gross Margin)
21.                Table Global Tyrosine Protein Kinase Fyn Sales Revenue 2016-2020, by Company, in USD Million
22.                Table Global Tyrosine Protein Kinase Fyn Sales Revenue Share 2016-2020, by Company, in USD Million
23.                Table Global Tyrosine Protein Kinase Fyn Sales Volume 2016-2020, by Company, in Volume
24.                Table Global Tyrosine Protein Kinase Fyn Sales Volume Share 2016-2020, by Company, in Volume
25.                Table Regional Demand Comparison List
26.                Table Major Application in Different Regions
27.                Table Tyrosine Protein Kinase Fyn Demand Forecast 2021-2026, by Application, in USD Million
28.                Table Tyrosine Protein Kinase Fyn Demand Forecast 2021-2026, by Application, in Volume
29.                Table Tyrosine Protein Kinase Fyn Market Growth 2021-2026, by Application, in Volume
30.                Table Tyrosine Protein Kinase Fyn Market Share in 2026, by Application, in Volume
31.                Table Tyrosine Protein Kinase Fyn Production 2016-2020, by Region, in USD Million
32.                Table Tyrosine Protein Kinase Fyn Production 2016-2020, by Region, in Volume
33.                Table Global Tyrosine Protein Kinase Fyn Market 2016-2020, by Region, in USD Million
34.                Table Global Tyrosine Protein Kinase Fyn Market Share 2016-2020, by Region, in USD Million
35.                Table Global Tyrosine Protein Kinase Fyn Market 2016-2020, by Region, in Volume
36.                Table Global Tyrosine Protein Kinase Fyn Market Share 2016-2020, by Region, in Volume
37.                Table North America Tyrosine Protein Kinase Fyn Market Size 2016-2020, by Country, in USD Million
38.                Table North America Tyrosine Protein Kinase Fyn Market Size 2016-2020, by Country, in Volume
39.                Table Europe Tyrosine Protein Kinase Fyn Market Size 2016-2020, by Country, in USD Million
40.                Table Europe Tyrosine Protein Kinase Fyn Market Size 2016-2020, by Country, in Volume
41.                Table Asia-Pacific Tyrosine Protein Kinase Fyn Market Size 2016-2020, by Country, in USD Million
42.                Table Asia-Pacific Tyrosine Protein Kinase Fyn Market Size 2016-2020, by Country, in Volume
43.                Table South America Tyrosine Protein Kinase Fyn Market Size 2016-2020, by Country, in USD Million
44.                Table South America Tyrosine Protein Kinase Fyn Market Size 2016-2020, by Country, in Volume
45.                Table Middle East & Africa Tyrosine Protein Kinase Fyn Market Size 2016-2020, by Country, in USD Million
46.                Table Middle East & Africa Tyrosine Protein Kinase Fyn Market Size 2016-2020, by Country, in Volume
47.                Table Tyrosine Protein Kinase Fyn Market Forecast 2021-2026, by Region, in USD Million
48.                Table Tyrosine Protein Kinase Fyn Market Forecast 2021-2026, by Region, in Volume
49.                Table Price Factors List","List of Figure
1.                Figure Tyrosine Protein Kinase Fyn Industry Chain Structure
2.                Figure Global Tyrosine Protein Kinase Fyn Market Growth 2016-2020, by Type, in USD Million
3.                Figure Global Tyrosine Protein Kinase Fyn Market Growth 2016-2020, by Type, in Volume
4.                Figure Global Tyrosine Protein Kinase Fyn Sales Revenue Share in 2020, by Company, in USD Million
5.                Figure Global Tyrosine Protein Kinase Fyn Sales Volume Share in 2020, by Company, in Volume
6.                Figure North America Tyrosine Protein Kinase Fyn Market Concentration, in 2020
7.                Figure Europe Tyrosine Protein Kinase Fyn Market Market Concentration, in 2020
8.                Figure Asia-Pacific Tyrosine Protein Kinase Fyn MMarket Concentration, in 2020
9.                Figure South America Tyrosine Protein Kinase Fyn Market Concentration, in 2020
10.                Figure Middle East & Africa Tyrosine Protein Kinase Fyn Market Concentration, in 2020
11.                Figure Tyrosine Protein Kinase Fyn Demand in Alzheimer's Disease, 2016-2020, in USD Million
12.                Figure Tyrosine Protein Kinase Fyn Demand in Alzheimer's Disease, 2016-2020, in Volume
13.                Figure Tyrosine Protein Kinase Fyn Demand in Alcohol Addiction, 2016-2020, in USD Million
14.                Figure Tyrosine Protein Kinase Fyn Demand in Alcohol Addiction, 2016-2020, in Volume
15.                Figure Tyrosine Protein Kinase Fyn Demand in Breast Cancer, 2016-2020, in USD Million
16.                Figure Tyrosine Protein Kinase Fyn Demand in Breast Cancer, 2016-2020, in Volume
17.                Figure Tyrosine Protein Kinase Fyn Demand in Cancer Pain, 2016-2020, in USD Million
18.                Figure Tyrosine Protein Kinase Fyn Demand in Cancer Pain, 2016-2020, in Volume
19.                Figure Tyrosine Protein Kinase Fyn Demand in Others, 2016-2020, in USD Million
20.                Figure Tyrosine Protein Kinase Fyn Demand in Others, 2016-2020, in Volume
21.                Figure Tyrosine Protein Kinase Fyn Market Growth 2021-2026, by Application, in USD Million
22.                Figure Tyrosine Protein Kinase Fyn Market Share in 2026, by Application, in USD Million
23.                Figure North America Tyrosine Protein Kinase Fyn Market Size and Growth 2016-2020, in USD Million
24.                Figure North America Tyrosine Protein Kinase Fyn Market Size and Growth 2016-2020, in Volume
25.                Figure Europe Tyrosine Protein Kinase Fyn Market Size and Growth 2016-2020, in USD Million
26.                Figure Europe Tyrosine Protein Kinase Fyn Market Size and Growth 2016-2020, in Volume
27.                Figure Asia-Pacific Tyrosine Protein Kinase Fyn Market Size and Growth 2016-2020, in USD Million
28.                Figure Asia-Pacific Tyrosine Protein Kinase Fyn Market Size and Growth 2016-2020, in Volume
29.                Figure South America Tyrosine Protein Kinase Fyn Market Size and Growth 2016-2020, in USD Million
30.                Figure South America Tyrosine Protein Kinase Fyn Market Size and Growth 2016-2020, in Volume
31.                Figure Middle East & Africa Tyrosine Protein Kinase Fyn Market Size and Growth 2016-2020, in USD Million
32.                Figure Middle East & Africa Tyrosine Protein Kinase Fyn Market Size and Growth 2016-2020, in Volume
33.                Figure Marketing Channels Overview","$2,980 ","$5,960 ","$5,960 ",99SGL298Lif20210200024837
7-Apr-21,"Chemical & Material","Global Chemical Vapor Deposition Diamond Market Analysis 2016-2020 and Forecast 2021-2026","Snapshot
The global Chemical Vapor Deposition Diamond market size is estimated at xxx million USD with a CAGR xx% from 2016-2020 and is expected to reach xxx Million USD in 2021 with a CAGR xx% from 2021 to 2026. The report begins from overview of Industry Chain structure, and describes industry environment, then analyses market size and forecast of Chemical Vapor Deposition Diamond by product, region and application, in addition, this report introduces market competition situation among the vendors and company profile, besides, market price analysis and value chain features are covered in this report.
Product Type Coverage (Market Size & Forecast, Major Company of Product Type etc.):
        Crystal
        Powder
Company Coverage (Company Profile, Sales Revenue, Price, Gross Margin, Main Products etc.):
        Crystallane
        Diamonex
        DIDCO
        DDK
        Advanced Diamond Technologies
        UniDiamond
        Sumitomo Electric
        Tiandi Orient
        Huanghe Whirlwind
        Hebei Plasma Diamond
        Luoyang Meike
Application Coverage (Market Size & Forecast, Different Demand Market by Region, Main Consumer Profile etc.):
        Electronics
        Equipment
        Others
Region Coverage (Regional Production, Demand & Forecast by Countries etc.):
        North America (U.S., Canada, Mexico)
        Europe (Germany, U.K., France, Italy, Russia, Spain etc.)
        Asia-Pacific (China, India, Japan, Southeast Asia etc.)
        South America (Brazil, Argentina etc.)
        Middle East & Africa (Saudi Arabia, South Africa etc.)",93,"Table of Contents
1 Industry Overview
    1.1 Chemical Vapor Deposition Diamond Industry
                Figure Chemical Vapor Deposition Diamond Industry Chain Structure
        1.1.1 Overview
        1.1.2 Development of Chemical Vapor Deposition Diamond
    1.2 Market Segment
        1.2.1 Upstream
                Table Upstream Segment of Chemical Vapor Deposition Diamond
        1.2.2 Downstream
                Table Application Segment of Chemical Vapor Deposition Diamond
                Table Global Chemical Vapor Deposition Diamond Market 2016-2026, by Application, in USD Million
        1.2.3 COVID-19 Impact
    1.3 Cost Analysis
2 Industry Environment (PEST Analysis)
    2.1 Policy
    2.2 Economics
    2.3 Sociology
    2.4 Technology
3 Chemical Vapor Deposition Diamond Market by Type
    3.1 By Type
        3.1.1 Crystal
                Table Major Company List of Crystal
        3.1.2 Powder
                Table Major Company List of Powder
    3.2 Market Size
                Table Global Chemical Vapor Deposition Diamond Market 2016-2020, by Type, in USD Million
                Figure Global Chemical Vapor Deposition Diamond Market Growth 2016-2020, by Type, in USD Million
                Table Global Chemical Vapor Deposition Diamond Market 2016-2020, by Type, in Volume
                Figure Global Chemical Vapor Deposition Diamond Market Growth 2016-2020, by Type, in Volume
    3.3 Market Forecast
                Table Global Chemical Vapor Deposition Diamond Market Forecast 2021-2026, by Type, in USD Million
                Table Global Chemical Vapor Deposition Diamond Market Forecast 2021-2026, by Type, in Volume
4 Major Companies List
    4.1 Crystallane (Company Profile, Sales Data etc.)
        4.1.1 Crystallane Profile
                Table Crystallane Overview List
        4.1.2 Crystallane Products & Services
        4.1.3 Crystallane Business Operation Conditions
                Table Business Operation of Crystallane (Sales Revenue, Sales Volume, Price, Cost, Gross Margin)
    4.2 Diamonex (Company Profile, Sales Data etc.)
        4.2.1 Diamonex Profile
                Table Diamonex Overview List
        4.2.2 Diamonex Products & Services
        4.2.3 Diamonex Business Operation Conditions
                Table Business Operation of Diamonex (Sales Revenue, Sales Volume, Price, Cost, Gross Margin)
    4.3 DIDCO (Company Profile, Sales Data etc.)
        4.3.1 DIDCO Profile
                Table DIDCO Overview List
        4.3.2 DIDCO Products & Services
        4.3.3 DIDCO Business Operation Conditions
                Table Business Operation of DIDCO (Sales Revenue, Sales Volume, Price, Cost, Gross Margin)
    4.4 DDK (Company Profile, Sales Data etc.)
        4.4.1 DDK Profile
                Table DDK Overview List
        4.4.2 DDK Products & Services
        4.4.3 DDK Business Operation Conditions
                Table Business Operation of DDK (Sales Revenue, Sales Volume, Price, Cost, Gross Margin)
    4.5 Advanced Diamond Technologies (Company Profile, Sales Data etc.)
        4.5.1 Advanced Diamond Technologies Profile
                Table Advanced Diamond Technologies Overview List
        4.5.2 Advanced Diamond Technologies Products & Services
        4.5.3 Advanced Diamond Technologies Business Operation Conditions
                Table Business Operation of Advanced Diamond Technologies (Sales Revenue, Sales Volume, Price, Cost, Gross Margin)
    4.6 UniDiamond (Company Profile, Sales Data etc.)
        4.6.1 UniDiamond Profile
                Table UniDiamond Overview List
        4.6.2 UniDiamond Products & Services
        4.6.3 UniDiamond Business Operation Conditions
                Table Business Operation of UniDiamond (Sales Revenue, Sales Volume, Price, Cost, Gross Margin)
    4.7 Sumitomo Electric (Company Profile, Sales Data etc.)
        4.7.1 Sumitomo Electric Profile
                Table Sumitomo Electric Overview List
        4.7.2 Sumitomo Electric Products & Services
        4.7.3 Sumitomo Electric Business Operation Conditions
                Table Business Operation of Sumitomo Electric (Sales Revenue, Sales Volume, Price, Cost, Gross Margin)
    4.8 Tiandi Orient (Company Profile, Sales Data etc.)
        4.8.1 Tiandi Orient Profile
                Table Tiandi Orient Overview List
        4.8.2 Tiandi Orient Products & Services
        4.8.3 Tiandi Orient Business Operation Conditions
                Table Business Operation of Tiandi Orient (Sales Revenue, Sales Volume, Price, Cost, Gross Margin)
    4.9 Huanghe Whirlwind (Company Profile, Sales Data etc.)
        4.9.1 Huanghe Whirlwind Profile
                Table Huanghe Whirlwind Overview List
        4.9.2 Huanghe Whirlwind Products & Services
        4.9.3 Huanghe Whirlwind Business Operation Conditions
                Table Business Operation of Huanghe Whirlwind (Sales Revenue, Sales Volume, Price, Cost, Gross Margin)
    4.10 Hebei Plasma Diamond (Company Profile, Sales Data etc.)
        4.10.1 Hebei Plasma Diamond Profile
                Table Hebei Plasma Diamond Overview List
        4.10.2 Hebei Plasma Diamond Products & Services
        4.10.3 Hebei Plasma Diamond Business Operation Conditions
                Table Business Operation of Hebei Plasma Diamond (Sales Revenue, Sales Volume, Price, Cost, Gross Margin)
    4.11 Luoyang Meike (Company Profile, Sales Data etc.)
        4.11.1 Luoyang Meike Profile
                Table Luoyang Meike Overview List
        4.11.2 Luoyang Meike Products & Services
        4.11.3 Luoyang Meike Business Operation Conditions
                Table Business Operation of Luoyang Meike (Sales Revenue, Sales Volume, Price, Cost, Gross Margin)
5 Market Competition
    5.1 Company Competition
                Table Global Chemical Vapor Deposition Diamond Sales Revenue 2016-2020, by Company, in USD Million
                Table Global Chemical Vapor Deposition Diamond Sales Revenue Share 2016-2020, by Company, in USD Million
                Figure Global Chemical Vapor Deposition Diamond Sales Revenue Share in 2020, by Company, in USD Million
                Table Global Chemical Vapor Deposition Diamond Sales Volume 2016-2020, by Company, in Volume
                Table Global Chemical Vapor Deposition Diamond Sales Volume Share 2016-2020, by Company, in Volume
                Figure Global Chemical Vapor Deposition Diamond Sales Volume Share in 2020, by Company, in Volume
    5.2 Regional Market by Company
                Figure North America Chemical Vapor Deposition Diamond Market Concentration, in 2020
                Figure Europe Chemical Vapor Deposition Diamond Market Market Concentration, in 2020
                Figure Asia-Pacific Chemical Vapor Deposition Diamond MMarket Concentration, in 2020
                Figure South America Chemical Vapor Deposition Diamond Market Concentration, in 2020
                Figure Middle East & Africa Chemical Vapor Deposition Diamond Market Concentration, in 2020
6 Demand by End Market
    6.1 Demand Situation
        6.1.1 Demand in Electronics
                Figure Chemical Vapor Deposition Diamond Demand in Electronics, 2016-2020, in USD Million
                Figure Chemical Vapor Deposition Diamond Demand in Electronics, 2016-2020, in Volume
        6.1.2 Demand in Equipment
                Figure Chemical Vapor Deposition Diamond Demand in Equipment, 2016-2020, in USD Million
                Figure Chemical Vapor Deposition Diamond Demand in Equipment, 2016-2020, in Volume
        6.1.3 Demand in Others
                Figure Chemical Vapor Deposition Diamond Demand in Others, 2016-2020, in USD Million
                Figure Chemical Vapor Deposition Diamond Demand in Others, 2016-2020, in Volume
    6.2 Regional Demand Comparison
                Table Regional Demand Comparison List
                Table Major Application in Different Regions
    6.3 Demand Forecast
                Table Chemical Vapor Deposition Diamond Demand Forecast 2021-2026, by Application, in USD Million
                Figure Chemical Vapor Deposition Diamond Market Growth 2021-2026, by Application, in USD Million
                Figure Chemical Vapor Deposition Diamond Market Share in 2026, by Application, in USD Million
                Table Chemical Vapor Deposition Diamond Demand Forecast 2021-2026, by Application, in Volume
                Table Chemical Vapor Deposition Diamond Market Growth 2021-2026, by Application, in Volume
                Table Chemical Vapor Deposition Diamond Market Share in 2026, by Application, in Volume
    6.4 Impact of the COVID-19 on the Demand
7 Region Operation
    7.1 Regional Production
                Table Chemical Vapor Deposition Diamond Production 2016-2020, by Region, in USD Million
                Table Chemical Vapor Deposition Diamond Production 2016-2020, by Region, in Volume
    7.2 Regional Market
                Table Global Chemical Vapor Deposition Diamond Market 2016-2020, by Region, in USD Million
                Table Global Chemical Vapor Deposition Diamond Market Share 2016-2020, by Region, in USD Million
                Table Global Chemical Vapor Deposition Diamond Market 2016-2020, by Region, in Volume
                Table Global Chemical Vapor Deposition Diamond Market Share 2016-2020, by Region, in Volume
    7.3 by Region
        7.3.1 North America
            7.3.1.1 Overview
                Figure North America Chemical Vapor Deposition Diamond Market Size and Growth 2016-2020, in USD Million
                Figure North America Chemical Vapor Deposition Diamond Market Size and Growth 2016-2020, in Volume
            7.3.1.2 by Country (U.S., Canada, Mexico)
                Table North America Chemical Vapor Deposition Diamond Market Size 2016-2020, by Country, in USD Million
                Table North America Chemical Vapor Deposition Diamond Market Size 2016-2020, by Country, in Volume
        7.3.2 Europe
            7.3.2.1 Overview
                Figure Europe Chemical Vapor Deposition Diamond Market Size and Growth 2016-2020, in USD Million
                Figure Europe Chemical Vapor Deposition Diamond Market Size and Growth 2016-2020, in Volume
            7.3.2.2 by Country (Germany, U.K., France, Italy, Russia, Spain etc.)
                Table Europe Chemical Vapor Deposition Diamond Market Size 2016-2020, by Country, in USD Million
                Table Europe Chemical Vapor Deposition Diamond Market Size 2016-2020, by Country, in Volume
        7.3.3 Asia-Pacific
            7.3.3.1 Overview
                Figure Asia-Pacific Chemical Vapor Deposition Diamond Market Size and Growth 2016-2020, in USD Million
                Figure Asia-Pacific Chemical Vapor Deposition Diamond Market Size and Growth 2016-2020, in Volume
            7.3.3.2 by Country (China, India, Japan, Southeast Asia etc.)
                Table Asia-Pacific Chemical Vapor Deposition Diamond Market Size 2016-2020, by Country, in USD Million
                Table Asia-Pacific Chemical Vapor Deposition Diamond Market Size 2016-2020, by Country, in Volume
        7.3.4 South America
            7.3.4.1 Overview
                Figure South America Chemical Vapor Deposition Diamond Market Size and Growth 2016-2020, in USD Million
                Figure South America Chemical Vapor Deposition Diamond Market Size and Growth 2016-2020, in Volume
            7.3.4.2 by Country (Brazil, Argentina etc.)
                Table South America Chemical Vapor Deposition Diamond Market Size 2016-2020, by Country, in USD Million
                Table South America Chemical Vapor Deposition Diamond Market Size 2016-2020, by Country, in Volume
        7.3.5 Middle East & Africa
            7.3.5.1 Overview
                Figure Middle East & Africa Chemical Vapor Deposition Diamond Market Size and Growth 2016-2020, in USD Million
                Figure Middle East & Africa Chemical Vapor Deposition Diamond Market Size and Growth 2016-2020, in Volume
            7.3.5.2 by Country (Saudi Arabia, South Africa etc.)
                Table Middle East & Africa Chemical Vapor Deposition Diamond Market Size 2016-2020, by Country, in USD Million
                Table Middle East & Africa Chemical Vapor Deposition Diamond Market Size 2016-2020, by Country, in Volume
    7.4 Regional Import & Export
    7.5 Regional Forecast
                Table Chemical Vapor Deposition Diamond Market Forecast 2021-2026, by Region, in USD Million
                Table Chemical Vapor Deposition Diamond Market Forecast 2021-2026, by Region, in Volume
8 Marketing & Price
    8.1 Price and Margin
        8.1.1 Price Trends
        8.1.2 Factors of Price Change
                Table Price Factors List
        8.1.3 Manufacturers Gross Margin Analysis
    8.2 Marketing Channel
                Figure Marketing Channels Overview
9 Research Conclusion","List of Table
1.                Table Upstream Segment of Chemical Vapor Deposition Diamond
2.                Table Application Segment of Chemical Vapor Deposition Diamond
3.                Table Global Chemical Vapor Deposition Diamond Market 2016-2026, by Application, in USD Million
4.                Table Major Company List of Powder
5.                Table Global Chemical Vapor Deposition Diamond Market 2016-2020, by Type, in USD Million
6.                Table Global Chemical Vapor Deposition Diamond Market 2016-2020, by Type, in Volume
7.                Table Global Chemical Vapor Deposition Diamond Market Forecast 2021-2026, by Type, in USD Million
8.                Table Global Chemical Vapor Deposition Diamond Market Forecast 2021-2026, by Type, in Volume
9.                Table Crystallane Overview List
10.                Table Business Operation of Crystallane (Sales Revenue, Sales Volume, Price, Cost, Gross Margin)
11.                Table Diamonex Overview List
12.                Table Business Operation of Diamonex (Sales Revenue, Sales Volume, Price, Cost, Gross Margin)
13.                Table DIDCO Overview List
14.                Table Business Operation of DIDCO (Sales Revenue, Sales Volume, Price, Cost, Gross Margin)
15.                Table DDK Overview List
16.                Table Business Operation of DDK (Sales Revenue, Sales Volume, Price, Cost, Gross Margin)
17.                Table Advanced Diamond Technologies Overview List
18.                Table Business Operation of Advanced Diamond Technologies (Sales Revenue, Sales Volume, Price, Cost, Gross Margin)
19.                Table UniDiamond Overview List
20.                Table Business Operation of UniDiamond (Sales Revenue, Sales Volume, Price, Cost, Gross Margin)
21.                Table Sumitomo Electric Overview List
22.                Table Business Operation of Sumitomo Electric (Sales Revenue, Sales Volume, Price, Cost, Gross Margin)
23.                Table Tiandi Orient Overview List
24.                Table Business Operation of Tiandi Orient (Sales Revenue, Sales Volume, Price, Cost, Gross Margin)
25.                Table Huanghe Whirlwind Overview List
26.                Table Business Operation of Huanghe Whirlwind (Sales Revenue, Sales Volume, Price, Cost, Gross Margin)
27.                Table Hebei Plasma Diamond Overview List
28.                Table Business Operation of Hebei Plasma Diamond (Sales Revenue, Sales Volume, Price, Cost, Gross Margin)
29.                Table Luoyang Meike Overview List
30.                Table Business Operation of Luoyang Meike (Sales Revenue, Sales Volume, Price, Cost, Gross Margin)
31.                Table Global Chemical Vapor Deposition Diamond Sales Revenue 2016-2020, by Company, in USD Million
32.                Table Global Chemical Vapor Deposition Diamond Sales Revenue Share 2016-2020, by Company, in USD Million
33.                Table Global Chemical Vapor Deposition Diamond Sales Volume 2016-2020, by Company, in Volume
34.                Table Global Chemical Vapor Deposition Diamond Sales Volume Share 2016-2020, by Company, in Volume
35.                Table Regional Demand Comparison List
36.                Table Major Application in Different Regions
37.                Table Chemical Vapor Deposition Diamond Demand Forecast 2021-2026, by Application, in USD Million
38.                Table Chemical Vapor Deposition Diamond Demand Forecast 2021-2026, by Application, in Volume
39.                Table Chemical Vapor Deposition Diamond Market Growth 2021-2026, by Application, in Volume
40.                Table Chemical Vapor Deposition Diamond Market Share in 2026, by Application, in Volume
41.                Table Chemical Vapor Deposition Diamond Production 2016-2020, by Region, in USD Million
42.                Table Chemical Vapor Deposition Diamond Production 2016-2020, by Region, in Volume
43.                Table Global Chemical Vapor Deposition Diamond Market 2016-2020, by Region, in USD Million
44.                Table Global Chemical Vapor Deposition Diamond Market Share 2016-2020, by Region, in USD Million
45.                Table Global Chemical Vapor Deposition Diamond Market 2016-2020, by Region, in Volume
46.                Table Global Chemical Vapor Deposition Diamond Market Share 2016-2020, by Region, in Volume
47.                Table North America Chemical Vapor Deposition Diamond Market Size 2016-2020, by Country, in USD Million
48.                Table North America Chemical Vapor Deposition Diamond Market Size 2016-2020, by Country, in Volume
49.                Table Europe Chemical Vapor Deposition Diamond Market Size 2016-2020, by Country, in USD Million
50.                Table Europe Chemical Vapor Deposition Diamond Market Size 2016-2020, by Country, in Volume
51.                Table Asia-Pacific Chemical Vapor Deposition Diamond Market Size 2016-2020, by Country, in USD Million
52.                Table Asia-Pacific Chemical Vapor Deposition Diamond Market Size 2016-2020, by Country, in Volume
53.                Table South America Chemical Vapor Deposition Diamond Market Size 2016-2020, by Country, in USD Million
54.                Table South America Chemical Vapor Deposition Diamond Market Size 2016-2020, by Country, in Volume
55.                Table Middle East & Africa Chemical Vapor Deposition Diamond Market Size 2016-2020, by Country, in USD Million
56.                Table Middle East & Africa Chemical Vapor Deposition Diamond Market Size 2016-2020, by Country, in Volume
57.                Table Chemical Vapor Deposition Diamond Market Forecast 2021-2026, by Region, in USD Million
58.                Table Chemical Vapor Deposition Diamond Market Forecast 2021-2026, by Region, in Volume
59.                Table Price Factors List","List of Figure
1.                Figure Chemical Vapor Deposition Diamond Industry Chain Structure
2.                Figure Global Chemical Vapor Deposition Diamond Market Growth 2016-2020, by Type, in USD Million
3.                Figure Global Chemical Vapor Deposition Diamond Market Growth 2016-2020, by Type, in Volume
4.                Figure Global Chemical Vapor Deposition Diamond Sales Revenue Share in 2020, by Company, in USD Million
5.                Figure Global Chemical Vapor Deposition Diamond Sales Volume Share in 2020, by Company, in Volume
6.                Figure North America Chemical Vapor Deposition Diamond Market Concentration, in 2020
7.                Figure Europe Chemical Vapor Deposition Diamond Market Market Concentration, in 2020
8.                Figure Asia-Pacific Chemical Vapor Deposition Diamond MMarket Concentration, in 2020
9.                Figure South America Chemical Vapor Deposition Diamond Market Concentration, in 2020
10.                Figure Middle East & Africa Chemical Vapor Deposition Diamond Market Concentration, in 2020
11.                Figure Chemical Vapor Deposition Diamond Demand in Electronics, 2016-2020, in USD Million
12.                Figure Chemical Vapor Deposition Diamond Demand in Electronics, 2016-2020, in Volume
13.                Figure Chemical Vapor Deposition Diamond Demand in Equipment, 2016-2020, in USD Million
14.                Figure Chemical Vapor Deposition Diamond Demand in Equipment, 2016-2020, in Volume
15.                Figure Chemical Vapor Deposition Diamond Demand in Others, 2016-2020, in USD Million
16.                Figure Chemical Vapor Deposition Diamond Demand in Others, 2016-2020, in Volume
17.                Figure Chemical Vapor Deposition Diamond Market Growth 2021-2026, by Application, in USD Million
18.                Figure Chemical Vapor Deposition Diamond Market Share in 2026, by Application, in USD Million
19.                Figure North America Chemical Vapor Deposition Diamond Market Size and Growth 2016-2020, in USD Million
20.                Figure North America Chemical Vapor Deposition Diamond Market Size and Growth 2016-2020, in Volume
21.                Figure Europe Chemical Vapor Deposition Diamond Market Size and Growth 2016-2020, in USD Million
22.                Figure Europe Chemical Vapor Deposition Diamond Market Size and Growth 2016-2020, in Volume
23.                Figure Asia-Pacific Chemical Vapor Deposition Diamond Market Size and Growth 2016-2020, in USD Million
24.                Figure Asia-Pacific Chemical Vapor Deposition Diamond Market Size and Growth 2016-2020, in Volume
25.                Figure South America Chemical Vapor Deposition Diamond Market Size and Growth 2016-2020, in USD Million
26.                Figure South America Chemical Vapor Deposition Diamond Market Size and Growth 2016-2020, in Volume
27.                Figure Middle East & Africa Chemical Vapor Deposition Diamond Market Size and Growth 2016-2020, in USD Million
28.                Figure Middle East & Africa Chemical Vapor Deposition Diamond Market Size and Growth 2016-2020, in Volume
29.                Figure Marketing Channels Overview","$2,980 ","$5,960 ","$5,960 ",99SGL298Che20210200024838
7-Apr-21,"Chemical & Material","Global Chalcocite-Digenite Group Market Analysis 2016-2020 and Forecast 2021-2026","Snapshot
The global Chalcocite-Digenite Group market size is estimated at xxx million USD with a CAGR xx% from 2016-2020 and is expected to reach xxx Million USD in 2021 with a CAGR xx% from 2021 to 2026. The report begins from overview of Industry Chain structure, and describes industry environment, then analyses market size and forecast of Chalcocite-Digenite Group by product, region and application, in addition, this report introduces market competition situation among the vendors and company profile, besides, market price analysis and value chain features are covered in this report.
Product Type Coverage (Market Size & Forecast, Major Company of Product Type etc.):
        Food Grade
        Industrial Grade
Company Coverage (Company Profile, Sales Revenue, Price, Gross Margin, Main Products etc.):
        Ozark Lead Company
        Mineralogical Research Company
        Grand Pacific Copper Company
Application Coverage (Market Size & Forecast, Different Demand Market by Region, Main Consumer Profile etc.):
        Energy & Power Industry
        Communications Industry
        Construction Industry
        Others
Region Coverage (Regional Production, Demand & Forecast by Countries etc.):
        North America (U.S., Canada, Mexico)
        Europe (Germany, U.K., France, Italy, Russia, Spain etc.)
        Asia-Pacific (China, India, Japan, Southeast Asia etc.)
        South America (Brazil, Argentina etc.)
        Middle East & Africa (Saudi Arabia, South Africa etc.)",89,"Table of Contents
1 Industry Overview
    1.1 Chalcocite-Digenite Group Industry
                Figure Chalcocite-Digenite Group Industry Chain Structure
        1.1.1 Overview
        1.1.2 Development of Chalcocite-Digenite Group
    1.2 Market Segment
        1.2.1 Upstream
                Table Upstream Segment of Chalcocite-Digenite Group
        1.2.2 Downstream
                Table Application Segment of Chalcocite-Digenite Group
                Table Global Chalcocite-Digenite Group Market 2016-2026, by Application, in USD Million
        1.2.3 COVID-19 Impact
    1.3 Cost Analysis
2 Industry Environment (PEST Analysis)
    2.1 Policy
    2.2 Economics
    2.3 Sociology
    2.4 Technology
3 Chalcocite-Digenite Group Market by Type
    3.1 By Type
        3.1.1 Food Grade
                Table Major Company List of Food Grade
        3.1.2 Industrial Grade
                Table Major Company List of Industrial Grade
    3.2 Market Size
                Table Global Chalcocite-Digenite Group Market 2016-2020, by Type, in USD Million
                Figure Global Chalcocite-Digenite Group Market Growth 2016-2020, by Type, in USD Million
                Table Global Chalcocite-Digenite Group Market 2016-2020, by Type, in Volume
                Figure Global Chalcocite-Digenite Group Market Growth 2016-2020, by Type, in Volume
    3.3 Market Forecast
                Table Global Chalcocite-Digenite Group Market Forecast 2021-2026, by Type, in USD Million
                Table Global Chalcocite-Digenite Group Market Forecast 2021-2026, by Type, in Volume
4 Major Companies List
    4.1 Ozark Lead Company (Company Profile, Sales Data etc.)
        4.1.1 Ozark Lead Company Profile
                Table Ozark Lead Company Overview List
        4.1.2 Ozark Lead Company Products & Services
        4.1.3 Ozark Lead Company Business Operation Conditions
                Table Business Operation of Ozark Lead Company (Sales Revenue, Sales Volume, Price, Cost, Gross Margin)
    4.2 Mineralogical Research Company (Company Profile, Sales Data etc.)
        4.2.1 Mineralogical Research Company Profile
                Table Mineralogical Research Company Overview List
        4.2.2 Mineralogical Research Company Products & Services
        4.2.3 Mineralogical Research Company Business Operation Conditions
                Table Business Operation of Mineralogical Research Company (Sales Revenue, Sales Volume, Price, Cost, Gross Margin)
    4.3 Grand Pacific Copper Company (Company Profile, Sales Data etc.)
        4.3.1 Grand Pacific Copper Company Profile
                Table Grand Pacific Copper Company Overview List
        4.3.2 Grand Pacific Copper Company Products & Services
        4.3.3 Grand Pacific Copper Company Business Operation Conditions
                Table Business Operation of Grand Pacific Copper Company (Sales Revenue, Sales Volume, Price, Cost, Gross Margin)
5 Market Competition
    5.1 Company Competition
                Table Global Chalcocite-Digenite Group Sales Revenue 2016-2020, by Company, in USD Million
                Table Global Chalcocite-Digenite Group Sales Revenue Share 2016-2020, by Company, in USD Million
                Figure Global Chalcocite-Digenite Group Sales Revenue Share in 2020, by Company, in USD Million
                Table Global Chalcocite-Digenite Group Sales Volume 2016-2020, by Company, in Volume
                Table Global Chalcocite-Digenite Group Sales Volume Share 2016-2020, by Company, in Volume
                Figure Global Chalcocite-Digenite Group Sales Volume Share in 2020, by Company, in Volume
    5.2 Regional Market by Company
                Figure North America Chalcocite-Digenite Group Market Concentration, in 2020
                Figure Europe Chalcocite-Digenite Group Market Market Concentration, in 2020
                Figure Asia-Pacific Chalcocite-Digenite Group MMarket Concentration, in 2020
                Figure South America Chalcocite-Digenite Group Market Concentration, in 2020
                Figure Middle East & Africa Chalcocite-Digenite Group Market Concentration, in 2020
6 Demand by End Market
    6.1 Demand Situation
        6.1.1 Demand in Energy & Power Industry
                Figure Chalcocite-Digenite Group Demand in Energy & Power Industry, 2016-2020, in USD Million
                Figure Chalcocite-Digenite Group Demand in Energy & Power Industry, 2016-2020, in Volume
        6.1.2 Demand in Communications Industry
                Figure Chalcocite-Digenite Group Demand in Communications Industry, 2016-2020, in USD Million
                Figure Chalcocite-Digenite Group Demand in Communications Industry, 2016-2020, in Volume
        6.1.3 Demand in Construction Industry
                Figure Chalcocite-Digenite Group Demand in Construction Industry, 2016-2020, in USD Million
                Figure Chalcocite-Digenite Group Demand in Construction Industry, 2016-2020, in Volume
        6.1.4 Demand in Others
                Figure Chalcocite-Digenite Group Demand in Others, 2016-2020, in USD Million
                Figure Chalcocite-Digenite Group Demand in Others, 2016-2020, in Volume
    6.2 Regional Demand Comparison
                Table Regional Demand Comparison List
                Table Major Application in Different Regions
    6.3 Demand Forecast
                Table Chalcocite-Digenite Group Demand Forecast 2021-2026, by Application, in USD Million
                Figure Chalcocite-Digenite Group Market Growth 2021-2026, by Application, in USD Million
                Figure Chalcocite-Digenite Group Market Share in 2026, by Application, in USD Million
                Table Chalcocite-Digenite Group Demand Forecast 2021-2026, by Application, in Volume
                Table Chalcocite-Digenite Group Market Growth 2021-2026, by Application, in Volume
                Table Chalcocite-Digenite Group Market Share in 2026, by Application, in Volume
    6.4 Impact of the COVID-19 on the Demand
7 Region Operation
    7.1 Regional Production
                Table Chalcocite-Digenite Group Production 2016-2020, by Region, in USD Million
                Table Chalcocite-Digenite Group Production 2016-2020, by Region, in Volume
    7.2 Regional Market
                Table Global Chalcocite-Digenite Group Market 2016-2020, by Region, in USD Million
                Table Global Chalcocite-Digenite Group Market Share 2016-2020, by Region, in USD Million
                Table Global Chalcocite-Digenite Group Market 2016-2020, by Region, in Volume
                Table Global Chalcocite-Digenite Group Market Share 2016-2020, by Region, in Volume
    7.3 by Region
        7.3.1 North America
            7.3.1.1 Overview
                Figure North America Chalcocite-Digenite Group Market Size and Growth 2016-2020, in USD Million
                Figure North America Chalcocite-Digenite Group Market Size and Growth 2016-2020, in Volume
            7.3.1.2 by Country (U.S., Canada, Mexico)
                Table North America Chalcocite-Digenite Group Market Size 2016-2020, by Country, in USD Million
                Table North America Chalcocite-Digenite Group Market Size 2016-2020, by Country, in Volume
        7.3.2 Europe
            7.3.2.1 Overview
                Figure Europe Chalcocite-Digenite Group Market Size and Growth 2016-2020, in USD Million
                Figure Europe Chalcocite-Digenite Group Market Size and Growth 2016-2020, in Volume
            7.3.2.2 by Country (Germany, U.K., France, Italy, Russia, Spain etc.)
                Table Europe Chalcocite-Digenite Group Market Size 2016-2020, by Country, in USD Million
                Table Europe Chalcocite-Digenite Group Market Size 2016-2020, by Country, in Volume
        7.3.3 Asia-Pacific
            7.3.3.1 Overview
                Figure Asia-Pacific Chalcocite-Digenite Group Market Size and Growth 2016-2020, in USD Million
                Figure Asia-Pacific Chalcocite-Digenite Group Market Size and Growth 2016-2020, in Volume
            7.3.3.2 by Country (China, India, Japan, Southeast Asia etc.)
                Table Asia-Pacific Chalcocite-Digenite Group Market Size 2016-2020, by Country, in USD Million
                Table Asia-Pacific Chalcocite-Digenite Group Market Size 2016-2020, by Country, in Volume
        7.3.4 South America
            7.3.4.1 Overview
                Figure South America Chalcocite-Digenite Group Market Size and Growth 2016-2020, in USD Million
                Figure South America Chalcocite-Digenite Group Market Size and Growth 2016-2020, in Volume
            7.3.4.2 by Country (Brazil, Argentina etc.)
                Table South America Chalcocite-Digenite Group Market Size 2016-2020, by Country, in USD Million
                Table South America Chalcocite-Digenite Group Market Size 2016-2020, by Country, in Volume
        7.3.5 Middle East & Africa
            7.3.5.1 Overview
                Figure Middle East & Africa Chalcocite-Digenite Group Market Size and Growth 2016-2020, in USD Million
                Figure Middle East & Africa Chalcocite-Digenite Group Market Size and Growth 2016-2020, in Volume
            7.3.5.2 by Country (Saudi Arabia, South Africa etc.)
                Table Middle East & Africa Chalcocite-Digenite Group Market Size 2016-2020, by Country, in USD Million
                Table Middle East & Africa Chalcocite-Digenite Group Market Size 2016-2020, by Country, in Volume
    7.4 Regional Import & Export
    7.5 Regional Forecast
                Table Chalcocite-Digenite Group Market Forecast 2021-2026, by Region, in USD Million
                Table Chalcocite-Digenite Group Market Forecast 2021-2026, by Region, in Volume
8 Marketing & Price
    8.1 Price and Margin
        8.1.1 Price Trends
        8.1.2 Factors of Price Change
                Table Price Factors List
        8.1.3 Manufacturers Gross Margin Analysis
    8.2 Marketing Channel
                Figure Marketing Channels Overview
9 Research Conclusion","List of Table
1.                Table Upstream Segment of Chalcocite-Digenite Group
2.                Table Application Segment of Chalcocite-Digenite Group
3.                Table Global Chalcocite-Digenite Group Market 2016-2026, by Application, in USD Million
4.                Table Major Company List of Industrial Grade
5.                Table Global Chalcocite-Digenite Group Market 2016-2020, by Type, in USD Million
6.                Table Global Chalcocite-Digenite Group Market 2016-2020, by Type, in Volume
7.                Table Global Chalcocite-Digenite Group Market Forecast 2021-2026, by Type, in USD Million
8.                Table Global Chalcocite-Digenite Group Market Forecast 2021-2026, by Type, in Volume
9.                Table Ozark Lead Company Overview List
10.                Table Business Operation of Ozark Lead Company (Sales Revenue, Sales Volume, Price, Cost, Gross Margin)
11.                Table Mineralogical Research Company Overview List
12.                Table Business Operation of Mineralogical Research Company (Sales Revenue, Sales Volume, Price, Cost, Gross Margin)
13.                Table Grand Pacific Copper Company Overview List
14.                Table Business Operation of Grand Pacific Copper Company (Sales Revenue, Sales Volume, Price, Cost, Gross Margin)
15.                Table Global Chalcocite-Digenite Group Sales Revenue 2016-2020, by Company, in USD Million
16.                Table Global Chalcocite-Digenite Group Sales Revenue Share 2016-2020, by Company, in USD Million
17.                Table Global Chalcocite-Digenite Group Sales Volume 2016-2020, by Company, in Volume
18.                Table Global Chalcocite-Digenite Group Sales Volume Share 2016-2020, by Company, in Volume
19.                Table Regional Demand Comparison List
20.                Table Major Application in Different Regions
21.                Table Chalcocite-Digenite Group Demand Forecast 2021-2026, by Application, in USD Million
22.                Table Chalcocite-Digenite Group Demand Forecast 2021-2026, by Application, in Volume
23.                Table Chalcocite-Digenite Group Market Growth 2021-2026, by Application, in Volume
24.                Table Chalcocite-Digenite Group Market Share in 2026, by Application, in Volume
25.                Table Chalcocite-Digenite Group Production 2016-2020, by Region, in USD Million
26.                Table Chalcocite-Digenite Group Production 2016-2020, by Region, in Volume
27.                Table Global Chalcocite-Digenite Group Market 2016-2020, by Region, in USD Million
28.                Table Global Chalcocite-Digenite Group Market Share 2016-2020, by Region, in USD Million
29.                Table Global Chalcocite-Digenite Group Market 2016-2020, by Region, in Volume
30.                Table Global Chalcocite-Digenite Group Market Share 2016-2020, by Region, in Volume
31.                Table North America Chalcocite-Digenite Group Market Size 2016-2020, by Country, in USD Million
32.                Table North America Chalcocite-Digenite Group Market Size 2016-2020, by Country, in Volume
33.                Table Europe Chalcocite-Digenite Group Market Size 2016-2020, by Country, in USD Million
34.                Table Europe Chalcocite-Digenite Group Market Size 2016-2020, by Country, in Volume
35.                Table Asia-Pacific Chalcocite-Digenite Group Market Size 2016-2020, by Country, in USD Million
36.                Table Asia-Pacific Chalcocite-Digenite Group Market Size 2016-2020, by Country, in Volume
37.                Table South America Chalcocite-Digenite Group Market Size 2016-2020, by Country, in USD Million
38.                Table South America Chalcocite-Digenite Group Market Size 2016-2020, by Country, in Volume
39.                Table Middle East & Africa Chalcocite-Digenite Group Market Size 2016-2020, by Country, in USD Million
40.                Table Middle East & Africa Chalcocite-Digenite Group Market Size 2016-2020, by Country, in Volume
41.                Table Chalcocite-Digenite Group Market Forecast 2021-2026, by Region, in USD Million
42.                Table Chalcocite-Digenite Group Market Forecast 2021-2026, by Region, in Volume
43.                Table Price Factors List","List of Figure
1.                Figure Chalcocite-Digenite Group Industry Chain Structure
2.                Figure Global Chalcocite-Digenite Group Market Growth 2016-2020, by Type, in USD Million
3.                Figure Global Chalcocite-Digenite Group Market Growth 2016-2020, by Type, in Volume
4.                Figure Global Chalcocite-Digenite Group Sales Revenue Share in 2020, by Company, in USD Million
5.                Figure Global Chalcocite-Digenite Group Sales Volume Share in 2020, by Company, in Volume
6.                Figure North America Chalcocite-Digenite Group Market Concentration, in 2020
7.                Figure Europe Chalcocite-Digenite Group Market Market Concentration, in 2020
8.                Figure Asia-Pacific Chalcocite-Digenite Group MMarket Concentration, in 2020
9.                Figure South America Chalcocite-Digenite Group Market Concentration, in 2020
10.                Figure Middle East & Africa Chalcocite-Digenite Group Market Concentration, in 2020
11.                Figure Chalcocite-Digenite Group Demand in Energy & Power Industry, 2016-2020, in USD Million
12.                Figure Chalcocite-Digenite Group Demand in Energy & Power Industry, 2016-2020, in Volume
13.                Figure Chalcocite-Digenite Group Demand in Communications Industry, 2016-2020, in USD Million
14.                Figure Chalcocite-Digenite Group Demand in Communications Industry, 2016-2020, in Volume
15.                Figure Chalcocite-Digenite Group Demand in Construction Industry, 2016-2020, in USD Million
16.                Figure Chalcocite-Digenite Group Demand in Construction Industry, 2016-2020, in Volume
17.                Figure Chalcocite-Digenite Group Demand in Others, 2016-2020, in USD Million
18.                Figure Chalcocite-Digenite Group Demand in Others, 2016-2020, in Volume
19.                Figure Chalcocite-Digenite Group Market Growth 2021-2026, by Application, in USD Million
20.                Figure Chalcocite-Digenite Group Market Share in 2026, by Application, in USD Million
21.                Figure North America Chalcocite-Digenite Group Market Size and Growth 2016-2020, in USD Million
22.                Figure North America Chalcocite-Digenite Group Market Size and Growth 2016-2020, in Volume
23.                Figure Europe Chalcocite-Digenite Group Market Size and Growth 2016-2020, in USD Million
24.                Figure Europe Chalcocite-Digenite Group Market Size and Growth 2016-2020, in Volume
25.                Figure Asia-Pacific Chalcocite-Digenite Group Market Size and Growth 2016-2020, in USD Million
26.                Figure Asia-Pacific Chalcocite-Digenite Group Market Size and Growth 2016-2020, in Volume
27.                Figure South America Chalcocite-Digenite Group Market Size and Growth 2016-2020, in USD Million
28.                Figure South America Chalcocite-Digenite Group Market Size and Growth 2016-2020, in Volume
29.                Figure Middle East & Africa Chalcocite-Digenite Group Market Size and Growth 2016-2020, in USD Million
30.                Figure Middle East & Africa Chalcocite-Digenite Group Market Size and Growth 2016-2020, in Volume
31.                Figure Marketing Channels Overview","$2,980 ","$5,960 ","$5,960 ",99SGL298Che20210200024839
7-Apr-21,"Life & Medical","Global Molecular Biomarkers for Cancer Detection and Management Market Analysis 2016-2020 and Forecast 2021-2026","Snapshot
The global Molecular Biomarkers for Cancer Detection and Management market size is estimated at xxx million USD with a CAGR xx% from 2016-2020 and is expected to reach xxx Million USD in 2021 with a CAGR xx% from 2021 to 2026. The report begins from overview of Industry Chain structure, and describes industry environment, then analyses market size and forecast of Molecular Biomarkers for Cancer Detection and Management by product, region and application, in addition, this report introduces market competition situation among the vendors and company profile, besides, market price analysis and value chain features are covered in this report.
Product Type Coverage (Market Size & Forecast, Major Company of Product Type etc.):
        Screening, Detection, Risk Assessment, and Monitoring Biomarkers
        Prognosis and Prediction Biomarkers
        Companion Diagnostic Biomarkers
Company Coverage (Company Profile, Sales Revenue, Price, Gross Margin, Main Products etc.):
        Alere
        Atossa Genetics
        Biophysical
        Abbott
        BioCept
        BioTheranostics
        DiagnoCure
        GenomeDx
        Genomic Health
        Gen-Probe
        Life Technologies
        20/20 GeneSystems
        Cynvenio
        Dako (Agilent)
        Epic Sciences
        Foundation Medicine
        Genomic Health
        Molecular Response
        Nodality
        PGD
Application Coverage (Market Size & Forecast, Different Demand Market by Region, Main Consumer Profile etc.):
        Hospital
        Research Institutions
        Others
Region Coverage (Regional Production, Demand & Forecast by Countries etc.):
        North America (U.S., Canada, Mexico)
        Europe (Germany, U.K., France, Italy, Russia, Spain etc.)
        Asia-Pacific (China, India, Japan, Southeast Asia etc.)
        South America (Brazil, Argentina etc.)
        Middle East & Africa (Saudi Arabia, South Africa etc.)",113,"Table of Contents
1 Industry Overview
    1.1 Molecular Biomarkers for Cancer Detection and Management Industry
                Figure Molecular Biomarkers for Cancer Detection and Management Industry Chain Structure
        1.1.1 Overview
        1.1.2 Development of Molecular Biomarkers for Cancer Detection and Management
    1.2 Market Segment
        1.2.1 Upstream
                Table Upstream Segment of Molecular Biomarkers for Cancer Detection and Management
        1.2.2 Downstream
                Table Application Segment of Molecular Biomarkers for Cancer Detection and Management
                Table Global Molecular Biomarkers for Cancer Detection and Management Market 2016-2026, by Application, in USD Million
        1.2.3 COVID-19 Impact
    1.3 Cost Analysis
2 Industry Environment (PEST Analysis)
    2.1 Policy
    2.2 Economics
    2.3 Sociology
    2.4 Technology
3 Molecular Biomarkers for Cancer Detection and Management Market by Type
    3.1 By Type
        3.1.1 Screening, Detection, Risk Assessment, and Monitoring Biomarkers
                Table Major Company List of Screening, Detection, Risk Assessment, and Monitoring Biomarkers
        3.1.2 Prognosis and Prediction Biomarkers
                Table Major Company List of Prognosis and Prediction Biomarkers
        3.1.3 Companion Diagnostic Biomarkers
                Table Major Company List of Companion Diagnostic Biomarkers
    3.2 Market Size
                Table Global Molecular Biomarkers for Cancer Detection and Management Market 2016-2020, by Type, in USD Million
                Figure Global Molecular Biomarkers for Cancer Detection and Management Market Growth 2016-2020, by Type, in USD Million
                Table Global Molecular Biomarkers for Cancer Detection and Management Market 2016-2020, by Type, in Volume
                Figure Global Molecular Biomarkers for Cancer Detection and Management Market Growth 2016-2020, by Type, in Volume
    3.3 Market Forecast
                Table Global Molecular Biomarkers for Cancer Detection and Management Market Forecast 2021-2026, by Type, in USD Million
                Table Global Molecular Biomarkers for Cancer Detection and Management Market Forecast 2021-2026, by Type, in Volume
4 Major Companies List
    4.1 Alere (Company Profile, Sales Data etc.)
        4.1.1 Alere Profile
                Table Alere Overview List
        4.1.2 Alere Products & Services
        4.1.3 Alere Business Operation Conditions
                Table Business Operation of Alere (Sales Revenue, Sales Volume, Price, Cost, Gross Margin)
    4.2 Atossa Genetics (Company Profile, Sales Data etc.)
        4.2.1 Atossa Genetics Profile
                Table Atossa Genetics Overview List
        4.2.2 Atossa Genetics Products & Services
        4.2.3 Atossa Genetics Business Operation Conditions
                Table Business Operation of Atossa Genetics (Sales Revenue, Sales Volume, Price, Cost, Gross Margin)
    4.3 Biophysical (Company Profile, Sales Data etc.)
        4.3.1 Biophysical Profile
                Table Biophysical Overview List
        4.3.2 Biophysical Products & Services
        4.3.3 Biophysical Business Operation Conditions
                Table Business Operation of Biophysical (Sales Revenue, Sales Volume, Price, Cost, Gross Margin)
    4.4 Abbott (Company Profile, Sales Data etc.)
        4.4.1 Abbott Profile
                Table Abbott Overview List
        4.4.2 Abbott Products & Services
        4.4.3 Abbott Business Operation Conditions
                Table Business Operation of Abbott (Sales Revenue, Sales Volume, Price, Cost, Gross Margin)
    4.5 BioCept (Company Profile, Sales Data etc.)
        4.5.1 BioCept Profile
                Table BioCept Overview List
        4.5.2 BioCept Products & Services
        4.5.3 BioCept Business Operation Conditions
                Table Business Operation of BioCept (Sales Revenue, Sales Volume, Price, Cost, Gross Margin)
    4.6 BioTheranostics (Company Profile, Sales Data etc.)
        4.6.1 BioTheranostics Profile
                Table BioTheranostics Overview List
        4.6.2 BioTheranostics Products & Services
        4.6.3 BioTheranostics Business Operation Conditions
                Table Business Operation of BioTheranostics (Sales Revenue, Sales Volume, Price, Cost, Gross Margin)
    4.7 DiagnoCure (Company Profile, Sales Data etc.)
        4.7.1 DiagnoCure Profile
                Table DiagnoCure Overview List
        4.7.2 DiagnoCure Products & Services
        4.7.3 DiagnoCure Business Operation Conditions
                Table Business Operation of DiagnoCure (Sales Revenue, Sales Volume, Price, Cost, Gross Margin)
    4.8 GenomeDx (Company Profile, Sales Data etc.)
        4.8.1 GenomeDx Profile
                Table GenomeDx Overview List
        4.8.2 GenomeDx Products & Services
        4.8.3 GenomeDx Business Operation Conditions
                Table Business Operation of GenomeDx (Sales Revenue, Sales Volume, Price, Cost, Gross Margin)
    4.9 Genomic Health (Company Profile, Sales Data etc.)
        4.9.1 Genomic Health Profile
                Table Genomic Health Overview List
        4.9.2 Genomic Health Products & Services
        4.9.3 Genomic Health Business Operation Conditions
                Table Business Operation of Genomic Health (Sales Revenue, Sales Volume, Price, Cost, Gross Margin)
    4.10 Gen-Probe (Company Profile, Sales Data etc.)
        4.10.1 Gen-Probe Profile
                Table Gen-Probe Overview List
        4.10.2 Gen-Probe Products & Services
        4.10.3 Gen-Probe Business Operation Conditions
                Table Business Operation of Gen-Probe (Sales Revenue, Sales Volume, Price, Cost, Gross Margin)
    4.11 Life Technologies (Company Profile, Sales Data etc.)
        4.11.1 Life Technologies Profile
                Table Life Technologies Overview List
        4.11.2 Life Technologies Products & Services
        4.11.3 Life Technologies Business Operation Conditions
                Table Business Operation of Life Technologies (Sales Revenue, Sales Volume, Price, Cost, Gross Margin)
    4.12 20/20 GeneSystems (Company Profile, Sales Data etc.)
        4.12.1 20/20 GeneSystems Profile
                Table 20/20 GeneSystems Overview List
        4.12.2 20/20 GeneSystems Products & Services
        4.12.3 20/20 GeneSystems Business Operation Conditions
                Table Business Operation of 20/20 GeneSystems (Sales Revenue, Cost, Gross Margin)
    4.13 Cynvenio (Company Profile, Sales Data etc.)
        4.13.1 Cynvenio Profile
                Table Cynvenio Overview List
        4.13.2 Cynvenio Products & Services
        4.13.3 Cynvenio Business Operation Conditions
                Table Business Operation of Cynvenio (Sales Revenue, Sales Volume, Price, Cost, Gross Margin)
    4.14 Dako (Agilent) (Company Profile, Sales Data etc.)
        4.14.1 Dako (Agilent) Profile
                Table Dako (Agilent) Overview List
        4.14.2 Dako (Agilent) Products & Services
        4.14.3 Dako (Agilent) Business Operation Conditions
                Table Business Operation of Dako (Agilent) (Sales Revenue, Cost, Gross Margin)
    4.15 Epic Sciences (Company Profile, Sales Data etc.)
        4.15.1 Epic Sciences Profile
                Table Epic Sciences Overview List
        4.15.2 Epic Sciences Products & Services
        4.15.3 Epic Sciences Business Operation Conditions
                Table Business Operation of Epic Sciences (Sales Revenue, Cost, Gross Margin)
    4.16 Foundation Medicine (Company Profile, Sales Data etc.)
        4.16.1 Foundation Medicine Profile
                Table Foundation Medicine Overview List
        4.16.2 Foundation Medicine Products & Services
        4.16.3 Foundation Medicine Business Operation Conditions
                Table Business Operation of Foundation Medicine (Sales Revenue, Cost, Gross Margin)
    4.17 Genomic Health (Company Profile, Sales Data etc.)
        4.17.1 Genomic Health Profile
                Table Genomic Health Overview List
        4.17.2 Genomic Health Products & Services
        4.17.3 Genomic Health Business Operation Conditions
                Table Business Operation of Genomic Health (Sales Revenue, Cost, Gross Margin)
    4.18 Molecular Response (Company Profile, Sales Data etc.)
        4.18.1 Molecular Response Profile
                Table Molecular Response Overview List
        4.18.2 Molecular Response Products & Services
        4.18.3 Molecular Response Business Operation Conditions
                Table Business Operation of Molecular Response (Sales Revenue, Cost, Gross Margin)
    4.19 Nodality (Company Profile, Sales Data etc.)
        4.19.1 Nodality Profile
                Table Nodality Overview List
        4.19.2 Nodality Products & Services
        4.19.3 Nodality Business Operation Conditions
                Table Business Operation of Nodality (Sales Revenue, Cost, Gross Margin)
    4.20 PGD (Company Profile, Sales Data etc.)
        4.20.1 PGD Profile
                Table PGD Overview List
        4.20.2 PGD Products & Services
        4.20.3 PGD Business Operation Conditions
                Table Business Operation of PGD (Sales Revenue, Cost, Gross Margin)
5 Market Competition
    5.1 Company Competition
                Table Global Molecular Biomarkers for Cancer Detection and Management Sales Revenue 2016-2020, by Company, in USD Million
                Table Global Molecular Biomarkers for Cancer Detection and Management Sales Revenue Share 2016-2020, by Company, in USD Million
                Figure Global Molecular Biomarkers for Cancer Detection and Management Sales Revenue Share in 2020, by Company, in USD Million
                Table Global Molecular Biomarkers for Cancer Detection and Management Sales Volume 2016-2020, by Company, in Volume
                Table Global Molecular Biomarkers for Cancer Detection and Management Sales Volume Share 2016-2020, by Company, in Volume
                Figure Global Molecular Biomarkers for Cancer Detection and Management Sales Volume Share in 2020, by Company, in Volume
    5.2 Regional Market by Company
                Figure North America Molecular Biomarkers for Cancer Detection and Management Market Concentration, in 2020
                Figure Europe Molecular Biomarkers for Cancer Detection and Management Market Market Concentration, in 2020
                Figure Asia-Pacific Molecular Biomarkers for Cancer Detection and Management MMarket Concentration, in 2020
                Figure South America Molecular Biomarkers for Cancer Detection and Management Market Concentration, in 2020
                Figure Middle East & Africa Molecular Biomarkers for Cancer Detection and Management Market Concentration, in 2020
6 Demand by End Market
    6.1 Demand Situation
        6.1.1 Demand in Hospital
                Figure Molecular Biomarkers for Cancer Detection and Management Demand in Hospital, 2016-2020, in USD Million
                Figure Molecular Biomarkers for Cancer Detection and Management Demand in Hospital, 2016-2020, in Volume
        6.1.2 Demand in Research Institutions
                Figure Molecular Biomarkers for Cancer Detection and Management Demand in Research Institutions, 2016-2020, in USD Million
                Figure Molecular Biomarkers for Cancer Detection and Management Demand in Research Institutions, 2016-2020, in Volume
        6.1.3 Demand in Others
                Figure Molecular Biomarkers for Cancer Detection and Management Demand in Others, 2016-2020, in USD Million
                Figure Molecular Biomarkers for Cancer Detection and Management Demand in Others, 2016-2020, in Volume
    6.2 Regional Demand Comparison
                Table Regional Demand Comparison List
                Table Major Application in Different Regions
    6.3 Demand Forecast
                Table Molecular Biomarkers for Cancer Detection and Management Demand Forecast 2021-2026, by Application, in USD Million
                Figure Molecular Biomarkers for Cancer Detection and Management Market Growth 2021-2026, by Application, in USD Million
                Figure Molecular Biomarkers for Cancer Detection and Management Market Share in 2026, by Application, in USD Million
                Table Molecular Biomarkers for Cancer Detection and Management Demand Forecast 2021-2026, by Application, in Volume
                Table Molecular Biomarkers for Cancer Detection and Management Market Growth 2021-2026, by Application, in Volume
                Table Molecular Biomarkers for Cancer Detection and Management Market Share in 2026, by Application, in Volume
    6.4 Impact of the COVID-19 on the Demand
7 Region Operation
    7.1 Regional Production
                Table Molecular Biomarkers for Cancer Detection and Management Production 2016-2020, by Region, in USD Million
                Table Molecular Biomarkers for Cancer Detection and Management Production 2016-2020, by Region, in Volume
    7.2 Regional Market
                Table Global Molecular Biomarkers for Cancer Detection and Management Market 2016-2020, by Region, in USD Million
                Table Global Molecular Biomarkers for Cancer Detection and Management Market Share 2016-2020, by Region, in USD Million
                Table Global Molecular Biomarkers for Cancer Detection and Management Market 2016-2020, by Region, in Volume
                Table Global Molecular Biomarkers for Cancer Detection and Management Market Share 2016-2020, by Region, in Volume
    7.3 by Region
        7.3.1 North America
            7.3.1.1 Overview
                Figure North America Molecular Biomarkers for Cancer Detection and Management Market Size and Growth 2016-2020, in USD Million
                Figure North America Molecular Biomarkers for Cancer Detection and Management Market Size and Growth 2016-2020, in Volume
            7.3.1.2 by Country (U.S., Canada, Mexico)
                Table North America Molecular Biomarkers for Cancer Detection and Management Market Size 2016-2020, by Country, in USD Million
                Table North America Molecular Biomarkers for Cancer Detection and Management Market Size 2016-2020, by Country, in Volume
        7.3.2 Europe
            7.3.2.1 Overview
                Figure Europe Molecular Biomarkers for Cancer Detection and Management Market Size and Growth 2016-2020, in USD Million
                Figure Europe Molecular Biomarkers for Cancer Detection and Management Market Size and Growth 2016-2020, in Volume
            7.3.2.2 by Country (Germany, U.K., France, Italy, Russia, Spain etc.)
                Table Europe Molecular Biomarkers for Cancer Detection and Management Market Size 2016-2020, by Country, in USD Million
                Table Europe Molecular Biomarkers for Cancer Detection and Management Market Size 2016-2020, by Country, in Volume
        7.3.3 Asia-Pacific
            7.3.3.1 Overview
                Figure Asia-Pacific Molecular Biomarkers for Cancer Detection and Management Market Size and Growth 2016-2020, in USD Million
                Figure Asia-Pacific Molecular Biomarkers for Cancer Detection and Management Market Size and Growth 2016-2020, in Volume
            7.3.3.2 by Country (China, India, Japan, Southeast Asia etc.)
                Table Asia-Pacific Molecular Biomarkers for Cancer Detection and Management Market Size 2016-2020, by Country, in USD Million
                Table Asia-Pacific Molecular Biomarkers for Cancer Detection and Management Market Size 2016-2020, by Country, in Volume
        7.3.4 South America
            7.3.4.1 Overview
                Figure South America Molecular Biomarkers for Cancer Detection and Management Market Size and Growth 2016-2020, in USD Million
                Figure South America Molecular Biomarkers for Cancer Detection and Management Market Size and Growth 2016-2020, in Volume
            7.3.4.2 by Country (Brazil, Argentina etc.)
                Table South America Molecular Biomarkers for Cancer Detection and Management Market Size 2016-2020, by Country, in USD Million
                Table South America Molecular Biomarkers for Cancer Detection and Management Market Size 2016-2020, by Country, in Volume
        7.3.5 Middle East & Africa
            7.3.5.1 Overview
                Figure Middle East & Africa Molecular Biomarkers for Cancer Detection and Management Market Size and Growth 2016-2020, in USD Million
                Figure Middle East & Africa Molecular Biomarkers for Cancer Detection and Management Market Size and Growth 2016-2020, in Volume
            7.3.5.2 by Country (Saudi Arabia, South Africa etc.)
                Table Middle East & Africa Molecular Biomarkers for Cancer Detection and Management Market Size 2016-2020, by Country, in USD Million
                Table Middle East & Africa Molecular Biomarkers for Cancer Detection and Management Market Size 2016-2020, by Country, in Volume
    7.4 Regional Import & Export
    7.5 Regional Forecast
                Table Molecular Biomarkers for Cancer Detection and Management Market Forecast 2021-2026, by Region, in USD Million
                Table Molecular Biomarkers for Cancer Detection and Management Market Forecast 2021-2026, by Region, in Volume
8 Marketing & Price
    8.1 Price and Margin
        8.1.1 Price Trends
        8.1.2 Factors of Price Change
                Table Price Factors List
        8.1.3 Manufacturers Gross Margin Analysis
    8.2 Marketing Channel
                Figure Marketing Channels Overview
9 Research Conclusion","List of Table
1.                Table Upstream Segment of Molecular Biomarkers for Cancer Detection and Management
2.                Table Application Segment of Molecular Biomarkers for Cancer Detection and Management
3.                Table Global Molecular Biomarkers for Cancer Detection and Management Market 2016-2026, by Application, in USD Million
4.                Table Major Company List of Prognosis and Prediction Biomarkers
5.                Table Major Company List of Companion Diagnostic Biomarkers
6.                Table Global Molecular Biomarkers for Cancer Detection and Management Market 2016-2020, by Type, in USD Million
7.                Table Global Molecular Biomarkers for Cancer Detection and Management Market 2016-2020, by Type, in Volume
8.                Table Global Molecular Biomarkers for Cancer Detection and Management Market Forecast 2021-2026, by Type, in USD Million
9.                Table Global Molecular Biomarkers for Cancer Detection and Management Market Forecast 2021-2026, by Type, in Volume
10.                Table Alere Overview List
11.                Table Business Operation of Alere (Sales Revenue, Sales Volume, Price, Cost, Gross Margin)
12.                Table Atossa Genetics Overview List
13.                Table Business Operation of Atossa Genetics (Sales Revenue, Sales Volume, Price, Cost, Gross Margin)
14.                Table Biophysical Overview List
15.                Table Business Operation of Biophysical (Sales Revenue, Sales Volume, Price, Cost, Gross Margin)
16.                Table Abbott Overview List
17.                Table Business Operation of Abbott (Sales Revenue, Sales Volume, Price, Cost, Gross Margin)
18.                Table BioCept Overview List
19.                Table Business Operation of BioCept (Sales Revenue, Sales Volume, Price, Cost, Gross Margin)
20.                Table BioTheranostics Overview List
21.                Table Business Operation of BioTheranostics (Sales Revenue, Sales Volume, Price, Cost, Gross Margin)
22.                Table DiagnoCure Overview List
23.                Table Business Operation of DiagnoCure (Sales Revenue, Sales Volume, Price, Cost, Gross Margin)
24.                Table GenomeDx Overview List
25.                Table Business Operation of GenomeDx (Sales Revenue, Sales Volume, Price, Cost, Gross Margin)
26.                Table Genomic Health Overview List
27.                Table Business Operation of Genomic Health (Sales Revenue, Sales Volume, Price, Cost, Gross Margin)
28.                Table Gen-Probe Overview List
29.                Table Business Operation of Gen-Probe (Sales Revenue, Sales Volume, Price, Cost, Gross Margin)
30.                Table Life Technologies Overview List
31.                Table Business Operation of Life Technologies (Sales Revenue, Sales Volume, Price, Cost, Gross Margin)
32.                Table 20/20 GeneSystems Overview List
33.                Table Business Operation of 20/20 GeneSystems (Sales Revenue, Cost, Gross Margin)
34.                Table Cynvenio Overview List
35.                Table Business Operation of Cynvenio (Sales Revenue, Sales Volume, Price, Cost, Gross Margin)
36.                Table Dako (Agilent) Overview List
37.                Table Business Operation of Dako (Agilent) (Sales Revenue, Cost, Gross Margin)
38.                Table Epic Sciences Overview List
39.                Table Business Operation of Epic Sciences (Sales Revenue, Cost, Gross Margin)
40.                Table Foundation Medicine Overview List
41.                Table Business Operation of Foundation Medicine (Sales Revenue, Cost, Gross Margin)
42.                Table Genomic Health Overview List
43.                Table Business Operation of Genomic Health (Sales Revenue, Cost, Gross Margin)
44.                Table Molecular Response Overview List
45.                Table Business Operation of Molecular Response (Sales Revenue, Cost, Gross Margin)
46.                Table Nodality Overview List
47.                Table Business Operation of Nodality (Sales Revenue, Cost, Gross Margin)
48.                Table PGD Overview List
49.                Table Business Operation of PGD (Sales Revenue, Cost, Gross Margin)
50.                Table Global Molecular Biomarkers for Cancer Detection and Management Sales Revenue 2016-2020, by Company, in USD Million
51.                Table Global Molecular Biomarkers for Cancer Detection and Management Sales Revenue Share 2016-2020, by Company, in USD Million
52.                Table Global Molecular Biomarkers for Cancer Detection and Management Sales Volume 2016-2020, by Company, in Volume
53.                Table Global Molecular Biomarkers for Cancer Detection and Management Sales Volume Share 2016-2020, by Company, in Volume
54.                Table Regional Demand Comparison List
55.                Table Major Application in Different Regions
56.                Table Molecular Biomarkers for Cancer Detection and Management Demand Forecast 2021-2026, by Application, in USD Million
57.                Table Molecular Biomarkers for Cancer Detection and Management Demand Forecast 2021-2026, by Application, in Volume
58.                Table Molecular Biomarkers for Cancer Detection and Management Market Growth 2021-2026, by Application, in Volume
59.                Table Molecular Biomarkers for Cancer Detection and Management Market Share in 2026, by Application, in Volume
60.                Table Molecular Biomarkers for Cancer Detection and Management Production 2016-2020, by Region, in USD Million
61.                Table Molecular Biomarkers for Cancer Detection and Management Production 2016-2020, by Region, in Volume
62.                Table Global Molecular Biomarkers for Cancer Detection and Management Market 2016-2020, by Region, in USD Million
63.                Table Global Molecular Biomarkers for Cancer Detection and Management Market Share 2016-2020, by Region, in USD Million
64.                Table Global Molecular Biomarkers for Cancer Detection and Management Market 2016-2020, by Region, in Volume
65.                Table Global Molecular Biomarkers for Cancer Detection and Management Market Share 2016-2020, by Region, in Volume
66.                Table North America Molecular Biomarkers for Cancer Detection and Management Market Size 2016-2020, by Country, in USD Million
67.                Table North America Molecular Biomarkers for Cancer Detection and Management Market Size 2016-2020, by Country, in Volume
68.                Table Europe Molecular Biomarkers for Cancer Detection and Management Market Size 2016-2020, by Country, in USD Million
69.                Table Europe Molecular Biomarkers for Cancer Detection and Management Market Size 2016-2020, by Country, in Volume
70.                Table Asia-Pacific Molecular Biomarkers for Cancer Detection and Management Market Size 2016-2020, by Country, in USD Million
71.                Table Asia-Pacific Molecular Biomarkers for Cancer Detection and Management Market Size 2016-2020, by Country, in Volume
72.                Table South America Molecular Biomarkers for Cancer Detection and Management Market Size 2016-2020, by Country, in USD Million
73.                Table South America Molecular Biomarkers for Cancer Detection and Management Market Size 2016-2020, by Country, in Volume
74.                Table Middle East & Africa Molecular Biomarkers for Cancer Detection and Management Market Size 2016-2020, by Country, in USD Million
75.                Table Middle East & Africa Molecular Biomarkers for Cancer Detection and Management Market Size 2016-2020, by Country, in Volume
76.                Table Molecular Biomarkers for Cancer Detection and Management Market Forecast 2021-2026, by Region, in USD Million
77.                Table Molecular Biomarkers for Cancer Detection and Management Market Forecast 2021-2026, by Region, in Volume
78.                Table Price Factors List","List of Figure
1.                Figure Molecular Biomarkers for Cancer Detection and Management Industry Chain Structure
2.                Figure Global Molecular Biomarkers for Cancer Detection and Management Market Growth 2016-2020, by Type, in USD Million
3.                Figure Global Molecular Biomarkers for Cancer Detection and Management Market Growth 2016-2020, by Type, in Volume
4.                Figure Global Molecular Biomarkers for Cancer Detection and Management Sales Revenue Share in 2020, by Company, in USD Million
5.                Figure Global Molecular Biomarkers for Cancer Detection and Management Sales Volume Share in 2020, by Company, in Volume
6.                Figure North America Molecular Biomarkers for Cancer Detection and Management Market Concentration, in 2020
7.                Figure Europe Molecular Biomarkers for Cancer Detection and Management Market Market Concentration, in 2020
8.                Figure Asia-Pacific Molecular Biomarkers for Cancer Detection and Management MMarket Concentration, in 2020
9.                Figure South America Molecular Biomarkers for Cancer Detection and Management Market Concentration, in 2020
10.                Figure Middle East & Africa Molecular Biomarkers for Cancer Detection and Management Market Concentration, in 2020
11.                Figure Molecular Biomarkers for Cancer Detection and Management Demand in Hospital, 2016-2020, in USD Million
12.                Figure Molecular Biomarkers for Cancer Detection and Management Demand in Hospital, 2016-2020, in Volume
13.                Figure Molecular Biomarkers for Cancer Detection and Management Demand in Research Institutions, 2016-2020, in USD Million
14.                Figure Molecular Biomarkers for Cancer Detection and Management Demand in Research Institutions, 2016-2020, in Volume
15.                Figure Molecular Biomarkers for Cancer Detection and Management Demand in Others, 2016-2020, in USD Million
16.                Figure Molecular Biomarkers for Cancer Detection and Management Demand in Others, 2016-2020, in Volume
17.                Figure Molecular Biomarkers for Cancer Detection and Management Market Growth 2021-2026, by Application, in USD Million
18.                Figure Molecular Biomarkers for Cancer Detection and Management Market Share in 2026, by Application, in USD Million
19.                Figure North America Molecular Biomarkers for Cancer Detection and Management Market Size and Growth 2016-2020, in USD Million
20.                Figure North America Molecular Biomarkers for Cancer Detection and Management Market Size and Growth 2016-2020, in Volume
21.                Figure Europe Molecular Biomarkers for Cancer Detection and Management Market Size and Growth 2016-2020, in USD Million
22.                Figure Europe Molecular Biomarkers for Cancer Detection and Management Market Size and Growth 2016-2020, in Volume
23.                Figure Asia-Pacific Molecular Biomarkers for Cancer Detection and Management Market Size and Growth 2016-2020, in USD Million
24.                Figure Asia-Pacific Molecular Biomarkers for Cancer Detection and Management Market Size and Growth 2016-2020, in Volume
25.                Figure South America Molecular Biomarkers for Cancer Detection and Management Market Size and Growth 2016-2020, in USD Million
26.                Figure South America Molecular Biomarkers for Cancer Detection and Management Market Size and Growth 2016-2020, in Volume
27.                Figure Middle East & Africa Molecular Biomarkers for Cancer Detection and Management Market Size and Growth 2016-2020, in USD Million
28.                Figure Middle East & Africa Molecular Biomarkers for Cancer Detection and Management Market Size and Growth 2016-2020, in Volume
29.                Figure Marketing Channels Overview","$2,980 ","$5,960 ","$5,960 ",99SGL298Lif20210200024840
7-Apr-21,"Chemical & Material","Global Modified Methylaluminoxane Market Analysis 2016-2020 and Forecast 2021-2026","Snapshot
The global Modified Methylaluminoxane market size is estimated at xxx million USD with a CAGR xx% from 2016-2020 and is expected to reach xxx Million USD in 2021 with a CAGR xx% from 2021 to 2026. The report begins from overview of Industry Chain structure, and describes industry environment, then analyses market size and forecast of Modified Methylaluminoxane by product, region and application, in addition, this report introduces market competition situation among the vendors and company profile, besides, market price analysis and value chain features are covered in this report.
Product Type Coverage (Market Size & Forecast, Major Company of Product Type etc.):
        Industrial Grade
        Others
Company Coverage (Company Profile, Sales Revenue, Price, Gross Margin, Main Products etc.):
        Albemarle
        Akzo Nobel
        Chemtura
        Tosoh Finechem
        Friend Chemical
        Hubei Xinmingtai
Application Coverage (Market Size & Forecast, Different Demand Market by Region, Main Consumer Profile etc.):
        Catalyst
        Others
Region Coverage (Regional Production, Demand & Forecast by Countries etc.):
        North America (U.S., Canada, Mexico)
        Europe (Germany, U.K., France, Italy, Russia, Spain etc.)
        Asia-Pacific (China, India, Japan, Southeast Asia etc.)
        South America (Brazil, Argentina etc.)
        Middle East & Africa (Saudi Arabia, South Africa etc.)",99,"Table of Contents
1 Industry Overview
    1.1 Modified Methylaluminoxane Industry
                Figure Modified Methylaluminoxane Industry Chain Structure
        1.1.1 Overview
        1.1.2 Development of Modified Methylaluminoxane
    1.2 Market Segment
        1.2.1 Upstream
                Table Upstream Segment of Modified Methylaluminoxane
        1.2.2 Downstream
                Table Application Segment of Modified Methylaluminoxane
                Table Global Modified Methylaluminoxane Market 2016-2026, by Application, in USD Million
        1.2.3 COVID-19 Impact
    1.3 Cost Analysis
2 Industry Environment (PEST Analysis)
    2.1 Policy
    2.2 Economics
    2.3 Sociology
    2.4 Technology
3 Modified Methylaluminoxane Market by Type
    3.1 By Type
        3.1.1 Industrial Grade
                Table Major Company List of Industrial Grade
        3.1.2 Others
                Table Major Company List of Others
    3.2 Market Size
                Table Global Modified Methylaluminoxane Market 2016-2020, by Type, in USD Million
                Figure Global Modified Methylaluminoxane Market Growth 2016-2020, by Type, in USD Million
                Table Global Modified Methylaluminoxane Market 2016-2020, by Type, in Volume
                Figure Global Modified Methylaluminoxane Market Growth 2016-2020, by Type, in Volume
    3.3 Market Forecast
                Table Global Modified Methylaluminoxane Market Forecast 2021-2026, by Type, in USD Million
                Table Global Modified Methylaluminoxane Market Forecast 2021-2026, by Type, in Volume
4 Major Companies List
    4.1 Albemarle (Company Profile, Sales Data etc.)
        4.1.1 Albemarle Profile
                Table Albemarle Overview List
        4.1.2 Albemarle Products & Services
        4.1.3 Albemarle Business Operation Conditions
                Table Business Operation of Albemarle (Sales Revenue, Sales Volume, Price, Cost, Gross Margin)
    4.2 Akzo Nobel (Company Profile, Sales Data etc.)
        4.2.1 Akzo Nobel Profile
                Table Akzo Nobel Overview List
        4.2.2 Akzo Nobel Products & Services
        4.2.3 Akzo Nobel Business Operation Conditions
                Table Business Operation of Akzo Nobel (Sales Revenue, Sales Volume, Price, Cost, Gross Margin)
    4.3 Chemtura (Company Profile, Sales Data etc.)
        4.3.1 Chemtura Profile
                Table Chemtura Overview List
        4.3.2 Chemtura Products & Services
        4.3.3 Chemtura Business Operation Conditions
                Table Business Operation of Chemtura (Sales Revenue, Sales Volume, Price, Cost, Gross Margin)
    4.4 Tosoh Finechem (Company Profile, Sales Data etc.)
        4.4.1 Tosoh Finechem Profile
                Table Tosoh Finechem Overview List
        4.4.2 Tosoh Finechem Products & Services
        4.4.3 Tosoh Finechem Business Operation Conditions
                Table Business Operation of Tosoh Finechem (Sales Revenue, Sales Volume, Price, Cost, Gross Margin)
    4.5 Friend Chemical (Company Profile, Sales Data etc.)
        4.5.1 Friend Chemical Profile
                Table Friend Chemical Overview List
        4.5.2 Friend Chemical Products & Services
        4.5.3 Friend Chemical Business Operation Conditions
                Table Business Operation of Friend Chemical (Sales Revenue, Sales Volume, Price, Cost, Gross Margin)
    4.6 Hubei Xinmingtai (Company Profile, Sales Data etc.)
        4.6.1 Hubei Xinmingtai Profile
                Table Hubei Xinmingtai Overview List
        4.6.2 Hubei Xinmingtai Products & Services
        4.6.3 Hubei Xinmingtai Business Operation Conditions
                Table Business Operation of Hubei Xinmingtai (Sales Revenue, Sales Volume, Price, Cost, Gross Margin)
5 Market Competition
    5.1 Company Competition
                Table Global Modified Methylaluminoxane Sales Revenue 2016-2020, by Company, in USD Million
                Table Global Modified Methylaluminoxane Sales Revenue Share 2016-2020, by Company, in USD Million
                Figure Global Modified Methylaluminoxane Sales Revenue Share in 2020, by Company, in USD Million
                Table Global Modified Methylaluminoxane Sales Volume 2016-2020, by Company, in Volume
                Table Global Modified Methylaluminoxane Sales Volume Share 2016-2020, by Company, in Volume
                Figure Global Modified Methylaluminoxane Sales Volume Share in 2020, by Company, in Volume
    5.2 Regional Market by Company
                Figure North America Modified Methylaluminoxane Market Concentration, in 2020
                Figure Europe Modified Methylaluminoxane Market Market Concentration, in 2020
                Figure Asia-Pacific Modified Methylaluminoxane MMarket Concentration, in 2020
                Figure South America Modified Methylaluminoxane Market Concentration, in 2020
                Figure Middle East & Africa Modified Methylaluminoxane Market Concentration, in 2020
6 Demand by End Market
    6.1 Demand Situation
        6.1.1 Demand in Catalyst
                Figure Modified Methylaluminoxane Demand in Catalyst, 2016-2020, in USD Million
                Figure Modified Methylaluminoxane Demand in Catalyst, 2016-2020, in Volume
        6.1.2 Demand in Others
                Figure Modified Methylaluminoxane Demand in Others, 2016-2020, in USD Million
                Figure Modified Methylaluminoxane Demand in Others, 2016-2020, in Volume
    6.2 Regional Demand Comparison
                Table Regional Demand Comparison List
                Table Major Application in Different Regions
    6.3 Demand Forecast
                Table Modified Methylaluminoxane Demand Forecast 2021-2026, by Application, in USD Million
                Figure Modified Methylaluminoxane Market Growth 2021-2026, by Application, in USD Million
                Figure Modified Methylaluminoxane Market Share in 2026, by Application, in USD Million
                Table Modified Methylaluminoxane Demand Forecast 2021-2026, by Application, in Volume
                Table Modified Methylaluminoxane Market Growth 2021-2026, by Application, in Volume
                Table Modified Methylaluminoxane Market Share in 2026, by Application, in Volume
    6.4 Impact of the COVID-19 on the Demand
7 Region Operation
    7.1 Regional Production
                Table Modified Methylaluminoxane Production 2016-2020, by Region, in USD Million
                Table Modified Methylaluminoxane Production 2016-2020, by Region, in Volume
    7.2 Regional Market
                Table Global Modified Methylaluminoxane Market 2016-2020, by Region, in USD Million
                Table Global Modified Methylaluminoxane Market Share 2016-2020, by Region, in USD Million
                Table Global Modified Methylaluminoxane Market 2016-2020, by Region, in Volume
                Table Global Modified Methylaluminoxane Market Share 2016-2020, by Region, in Volume
    7.3 by Region
        7.3.1 North America
            7.3.1.1 Overview
                Figure North America Modified Methylaluminoxane Market Size and Growth 2016-2020, in USD Million
                Figure North America Modified Methylaluminoxane Market Size and Growth 2016-2020, in Volume
            7.3.1.2 by Country (U.S., Canada, Mexico)
                Table North America Modified Methylaluminoxane Market Size 2016-2020, by Country, in USD Million
                Table North America Modified Methylaluminoxane Market Size 2016-2020, by Country, in Volume
        7.3.2 Europe
            7.3.2.1 Overview
                Figure Europe Modified Methylaluminoxane Market Size and Growth 2016-2020, in USD Million
                Figure Europe Modified Methylaluminoxane Market Size and Growth 2016-2020, in Volume
            7.3.2.2 by Country (Germany, U.K., France, Italy, Russia, Spain etc.)
                Table Europe Modified Methylaluminoxane Market Size 2016-2020, by Country, in USD Million
                Table Europe Modified Methylaluminoxane Market Size 2016-2020, by Country, in Volume
        7.3.3 Asia-Pacific
            7.3.3.1 Overview
                Figure Asia-Pacific Modified Methylaluminoxane Market Size and Growth 2016-2020, in USD Million
                Figure Asia-Pacific Modified Methylaluminoxane Market Size and Growth 2016-2020, in Volume
            7.3.3.2 by Country (China, India, Japan, Southeast Asia etc.)
                Table Asia-Pacific Modified Methylaluminoxane Market Size 2016-2020, by Country, in USD Million
                Table Asia-Pacific Modified Methylaluminoxane Market Size 2016-2020, by Country, in Volume
        7.3.4 South America
            7.3.4.1 Overview
                Figure South America Modified Methylaluminoxane Market Size and Growth 2016-2020, in USD Million
                Figure South America Modified Methylaluminoxane Market Size and Growth 2016-2020, in Volume
            7.3.4.2 by Country (Brazil, Argentina etc.)
                Table South America Modified Methylaluminoxane Market Size 2016-2020, by Country, in USD Million
                Table South America Modified Methylaluminoxane Market Size 2016-2020, by Country, in Volume
        7.3.5 Middle East & Africa
            7.3.5.1 Overview
                Figure Middle East & Africa Modified Methylaluminoxane Market Size and Growth 2016-2020, in USD Million
                Figure Middle East & Africa Modified Methylaluminoxane Market Size and Growth 2016-2020, in Volume
            7.3.5.2 by Country (Saudi Arabia, South Africa etc.)
                Table Middle East & Africa Modified Methylaluminoxane Market Size 2016-2020, by Country, in USD Million
                Table Middle East & Africa Modified Methylaluminoxane Market Size 2016-2020, by Country, in Volume
    7.4 Regional Import & Export
    7.5 Regional Forecast
                Table Modified Methylaluminoxane Market Forecast 2021-2026, by Region, in USD Million
                Table Modified Methylaluminoxane Market Forecast 2021-2026, by Region, in Volume
8 Marketing & Price
    8.1 Price and Margin
        8.1.1 Price Trends
        8.1.2 Factors of Price Change
                Table Price Factors List
        8.1.3 Manufacturers Gross Margin Analysis
    8.2 Marketing Channel
                Figure Marketing Channels Overview
9 Research Conclusion","List of Table
1.                Table Upstream Segment of Modified Methylaluminoxane
2.                Table Application Segment of Modified Methylaluminoxane
3.                Table Global Modified Methylaluminoxane Market 2016-2026, by Application, in USD Million
4.                Table Major Company List of Others
5.                Table Global Modified Methylaluminoxane Market 2016-2020, by Type, in USD Million
6.                Table Global Modified Methylaluminoxane Market 2016-2020, by Type, in Volume
7.                Table Global Modified Methylaluminoxane Market Forecast 2021-2026, by Type, in USD Million
8.                Table Global Modified Methylaluminoxane Market Forecast 2021-2026, by Type, in Volume
9.                Table Albemarle Overview List
10.                Table Business Operation of Albemarle (Sales Revenue, Sales Volume, Price, Cost, Gross Margin)
11.                Table Akzo Nobel Overview List
12.                Table Business Operation of Akzo Nobel (Sales Revenue, Sales Volume, Price, Cost, Gross Margin)
13.                Table Chemtura Overview List
14.                Table Business Operation of Chemtura (Sales Revenue, Sales Volume, Price, Cost, Gross Margin)
15.                Table Tosoh Finechem Overview List
16.                Table Business Operation of Tosoh Finechem (Sales Revenue, Sales Volume, Price, Cost, Gross Margin)
17.                Table Friend Chemical Overview List
18.                Table Business Operation of Friend Chemical (Sales Revenue, Sales Volume, Price, Cost, Gross Margin)
19.                Table Hubei Xinmingtai Overview List
20.                Table Business Operation of Hubei Xinmingtai (Sales Revenue, Sales Volume, Price, Cost, Gross Margin)
21.                Table Global Modified Methylaluminoxane Sales Revenue 2016-2020, by Company, in USD Million
22.                Table Global Modified Methylaluminoxane Sales Revenue Share 2016-2020, by Company, in USD Million
23.                Table Global Modified Methylaluminoxane Sales Volume 2016-2020, by Company, in Volume
24.                Table Global Modified Methylaluminoxane Sales Volume Share 2016-2020, by Company, in Volume
25.                Table Regional Demand Comparison List
26.                Table Major Application in Different Regions
27.                Table Modified Methylaluminoxane Demand Forecast 2021-2026, by Application, in USD Million
28.                Table Modified Methylaluminoxane Demand Forecast 2021-2026, by Application, in Volume
29.                Table Modified Methylaluminoxane Market Growth 2021-2026, by Application, in Volume
30.                Table Modified Methylaluminoxane Market Share in 2026, by Application, in Volume
31.                Table Modified Methylaluminoxane Production 2016-2020, by Region, in USD Million
32.                Table Modified Methylaluminoxane Production 2016-2020, by Region, in Volume
33.                Table Global Modified Methylaluminoxane Market 2016-2020, by Region, in USD Million
34.                Table Global Modified Methylaluminoxane Market Share 2016-2020, by Region, in USD Million
35.                Table Global Modified Methylaluminoxane Market 2016-2020, by Region, in Volume
36.                Table Global Modified Methylaluminoxane Market Share 2016-2020, by Region, in Volume
37.                Table North America Modified Methylaluminoxane Market Size 2016-2020, by Country, in USD Million
38.                Table North America Modified Methylaluminoxane Market Size 2016-2020, by Country, in Volume
39.                Table Europe Modified Methylaluminoxane Market Size 2016-2020, by Country, in USD Million
40.                Table Europe Modified Methylaluminoxane Market Size 2016-2020, by Country, in Volume
41.                Table Asia-Pacific Modified Methylaluminoxane Market Size 2016-2020, by Country, in USD Million
42.                Table Asia-Pacific Modified Methylaluminoxane Market Size 2016-2020, by Country, in Volume
43.                Table South America Modified Methylaluminoxane Market Size 2016-2020, by Country, in USD Million
44.                Table South America Modified Methylaluminoxane Market Size 2016-2020, by Country, in Volume
45.                Table Middle East & Africa Modified Methylaluminoxane Market Size 2016-2020, by Country, in USD Million
46.                Table Middle East & Africa Modified Methylaluminoxane Market Size 2016-2020, by Country, in Volume
47.                Table Modified Methylaluminoxane Market Forecast 2021-2026, by Region, in USD Million
48.                Table Modified Methylaluminoxane Market Forecast 2021-2026, by Region, in Volume
49.                Table Price Factors List","List of Figure
1.                Figure Modified Methylaluminoxane Industry Chain Structure
2.                Figure Global Modified Methylaluminoxane Market Growth 2016-2020, by Type, in USD Million
3.                Figure Global Modified Methylaluminoxane Market Growth 2016-2020, by Type, in Volume
4.                Figure Global Modified Methylaluminoxane Sales Revenue Share in 2020, by Company, in USD Million
5.                Figure Global Modified Methylaluminoxane Sales Volume Share in 2020, by Company, in Volume
6.                Figure North America Modified Methylaluminoxane Market Concentration, in 2020
7.                Figure Europe Modified Methylaluminoxane Market Market Concentration, in 2020
8.                Figure Asia-Pacific Modified Methylaluminoxane MMarket Concentration, in 2020
9.                Figure South America Modified Methylaluminoxane Market Concentration, in 2020
10.                Figure Middle East & Africa Modified Methylaluminoxane Market Concentration, in 2020
11.                Figure Modified Methylaluminoxane Demand in Catalyst, 2016-2020, in USD Million
12.                Figure Modified Methylaluminoxane Demand in Catalyst, 2016-2020, in Volume
13.                Figure Modified Methylaluminoxane Demand in Others, 2016-2020, in USD Million
14.                Figure Modified Methylaluminoxane Demand in Others, 2016-2020, in Volume
15.                Figure Modified Methylaluminoxane Market Growth 2021-2026, by Application, in USD Million
16.                Figure Modified Methylaluminoxane Market Share in 2026, by Application, in USD Million
17.                Figure North America Modified Methylaluminoxane Market Size and Growth 2016-2020, in USD Million
18.                Figure North America Modified Methylaluminoxane Market Size and Growth 2016-2020, in Volume
19.                Figure Europe Modified Methylaluminoxane Market Size and Growth 2016-2020, in USD Million
20.                Figure Europe Modified Methylaluminoxane Market Size and Growth 2016-2020, in Volume
21.                Figure Asia-Pacific Modified Methylaluminoxane Market Size and Growth 2016-2020, in USD Million
22.                Figure Asia-Pacific Modified Methylaluminoxane Market Size and Growth 2016-2020, in Volume
23.                Figure South America Modified Methylaluminoxane Market Size and Growth 2016-2020, in USD Million
24.                Figure South America Modified Methylaluminoxane Market Size and Growth 2016-2020, in Volume
25.                Figure Middle East & Africa Modified Methylaluminoxane Market Size and Growth 2016-2020, in USD Million
26.                Figure Middle East & Africa Modified Methylaluminoxane Market Size and Growth 2016-2020, in Volume
27.                Figure Marketing Channels Overview","$2,980 ","$5,960 ","$5,960 ",99SGL298Che20210200024841
